0	0.0000000000
1	0.0000000000
2	0.0000000000
3	0.0000000000
4	0.0000000000
5	0.0000000000
6	0.0000000000
7	0.0000000000
8	0.0000000000
9	0.0000000000
10	0.0000000000
11	0.0000000000
12	0.0000000000
13	0.0000000000
14	0.0000000000
15	0.0000000000
16	0.0000000000
17	0.0000000000
18	0.0000000000
19	0.0000000000
20	0.0000000000
21	0.0000000000
22	0.0000000000
23	0.0000000000
24	0.0000000000
25	0.0000000000
26	0.0000000000
27	0.0000000000
28	0.0000000000
29	0.0000000000
30	0.0000000000
31	0.0000000000
32	0.0000000000
33	0.0000000000
34	0.0000000000
35	0.0000000000
36	0.0000000000
37	0.0000000000
38	0.0000000000
39	0.0000000000
40	0.0000000000
41	0.0000000000
42	0.0000000000
43	0.0000000000
44	0.0000000000
45	0.0000000000
46	0.0000000000
48	0.0000000000
49	0.0000000000
50	0.0000000000
17 14 5	0.0526315789
29 34	0.0555555556
36 39 11	0.1250000000
12 43	0.0714285714
6 5	0.0909090909
43 7	0.1250000000
17 31	0.0909090909
6 14 41	0.0434782609
16 42	0.1428571429
29 12 5	0.0500000000
9 36 8	0.0909090909
8 7	0.1250000000
32 4 35	0.0925925926
14 5	0.0833333333
12 8	0.1428571429
32 43 35	0.0909090909
36 16	0.0476190476
16 18 28	0.1250000000
17 16	0.1000000000
36 4 34	0.0681818182
11 30 41	0.0476190476
9 4	0.0454545455
37 15 28	0.2222222222
27 39 6	0.0769230769
9 28	0.1818181818
27 16 3	0.1428571429
15 34 38	0.0666666667
9 11 4	0.1071428571
8 37 11	0.1250000000
9 37 31	0.0975609756
14 26	0.0769230769
32 42 29	0.1578947368
36 34 6	0.0930232558
16 39 16	0.0689655172
29 37 11	0.1333333333
36 31	0.0666666667
36 2 7	0.1071428571
32 28	0.2500000000
9 1 28	0.1034482759
15 42 16	0.0909090909
6 35 42	0.1250000000
9 6	0.0555555556
9 9 6	0.0400000000
9 38	0.0666666667
6 35	0.0833333333
29 29 45	0.3750000000
37 17 6	0.0303030303
31 42	0.1250000000
37 17 3	0.4545454545
16 13 28	0.0833333333
4 34	0.1000000000
36 41 40	0.0526315789
9 43 26	0.0833333333
17 3 34	0.1000000000
16 10	0.1111111111
36 14 42	0.2777777778
41 5	0.0454545455
36 16 35	0.1111111111
41 15	0.1111111111
9 38 15	0.2000000000
41 8 4	0.0555555556
6 37 34	0.0357142857
31 12 34	0.0800000000
32 34 6	0.1111111111
16 11 5	0.0454545455
6 40	0.1666666667
12 9 6	0.0263157895
41 39 41	0.0309278351
9 37 16	0.0655737705
43 16 28	0.1111111111
17 4 34	0.0833333333
41 43 28	0.1250000000
17 28 34	0.1666666667
11 41 26	0.0250000000
17 12 28	0.2222222222
32 26 28	0.3333333333
36 12 28	0.5263157895
11 14 26	0.0344827586
17 31 16	0.0434782609
36 16 5	0.0740740741
17 41 42	0.2000000000
9 6 34	0.1470588235
11 3 4	0.1176470588
17 14 26	0.0384615385
15 37 29	0.1428571429
37 29	0.1250000000
32 2 11	0.1250000000
11 45 7	0.0833333333
29 29 31	0.0689655172
11 44 3	0.3750000000
29 16 3	0.6153846154
29 6 28	0.1071428571
6 14 6	0.2173913043
41 44 6	0.0476190476
41 33 34	0.0833333333
41 25 7	0.0888888889
14 16 31	0.0303030303
11 14 5	0.0500000000
15 16	0.0769230769
9 4 5	0.0204081633
15 16 5	0.0312500000
36 39 10	0.1111111111
16 13 6	0.0909090909
12 2 5	0.0555555556
32 3	0.1666666667
11 16 35	0.1333333333
16 39 45	0.0909090909
27 38 41	0.0357142857
36 41 42	0.1666666667
12 25 41	0.0645161290
17 33 7	0.0833333333
16 37 34	0.1000000000
32 26 38	0.0333333333
43 16 38	0.0769230769
6 27 4	0.0909090909
9 6 7	0.0967741935
3 34 11	0.1000000000
32 1 3	0.1666666667
29 35 7	0.0925925926
29 37 42	0.1111111111
32 18 35	0.0909090909
27 39 28	0.1818181818
31 39 16	0.1250000000
9 31 30	0.0454545455
31 15	0.0833333333
41 36 26	0.0588235294
3 32 15	0.0625000000
36 41 11	0.0370370370
8 1 7	0.1000000000
32 37 31	0.0606060606
29 1 7	0.1136363636
36 44 3	0.3750000000
36 0 4	0.2857142857
31 16 16	0.0800000000
17 34 6	0.0833333333
36 14 5	0.0142857143
14 36 30	0.0370370370
36 34 4	0.1489361702
32 30 38	0.0869565217
37 32 31	0.0540540541
6 30 3	0.1666666667
6 41 45	0.1000000000
43 44 11	0.1250000000
36 37 28	0.4761904762
9 0 41	0.0833333333
17 3 7	0.1000000000
41 26	0.0625000000
36 29 34	0.0909090909
27 10 7	0.1666666667
12 45 5	0.0909090909
31 39 31	0.1111111111
14 16 6	0.0208333333
11 16 5	0.0909090909
6 12 34	0.0476190476
17 0 6	0.1111111111
9 35 3	0.2500000000
32 0 6	0.0588235294
32 41 7	0.1025641026
43 25 40	0.1428571429
4 31 28	0.2222222222
11 34 43	0.0232558140
16 2 3	0.1428571429
36 44 28	0.1250000000
36 42 47	0.1666666667
11 11 47	0.1666666667
32 19 16	0.0384615385
14 25 7	0.0588235294
32 13 10	0.0322580645
32 37 16	0.0476190476
29 30 7	0.0714285714
8 16 6	0.0500000000
31 33 28	0.1428571429
36 8 34	0.0833333333
27 39 4	0.0588235294
32 4 40	0.0434782609
11 28 6	0.0714285714
14 13 28	0.1666666667
12 39 7	0.1176470588
15 16 11	0.0714285714
29 8 41	0.0333333333
17 12 3	0.2857142857
16 38 28	0.3333333333
6 16 16	0.0384615385
36 30 41	0.0441176471
36 0 38	0.0810810811
4 28 45	0.1666666667
27 12 35	0.0588235294
29 10 34	0.1923076923
41 41 31	0.0400000000
12 19 41	0.1000000000
27 39 3	0.0833333333
27 20 16	0.0769230769
29 12 11	0.0714285714
8 25 40	0.1428571429
29 31 3	0.1842105263
9 27 15	0.0714285714
9 14 7	0.1818181818
31 34 34	0.1052631579
4 34 35	0.1111111111
11 34 7	0.0714285714
41 34 7	0.1578947368
31 30 35	0.0476190476
11 7 4	0.0869565217
37 17 28	0.2727272727
29 34 30	0.0277777778
15 37 43	0.0909090909
11 26 16	0.0416666667
15 34 6	0.0769230769
14 11 15	0.1428571429
29 13 16	0.0370370370
36 0 6	0.1000000000
47 13 6	0.1111111111
9 5 28	0.3333333333
14 26 15	0.0434782609
9 12 6	0.0270270270
43 41 4	0.0666666667
32 13 42	0.2000000000
31 40 11	0.0909090909
12 20 15	0.1428571429
36 19 3	0.2857142857
29 16 38	0.0425531915
4 2 31	0.0800000000
41 34 34	0.1052631579
29 6 29	0.0714285714
17 29 7	0.0555555556
14 16 45	0.0833333333
32 34 47	0.2857142857
31 43 6	0.0769230769
6 29 28	0.3750000000
16 33 28	0.0555555556
36 2 34	0.0967741935
27 37 11	0.1111111111
16 43 3	0.1818181818
15 0 6	0.0555555556
11 38 38	0.0357142857
8 16 38	0.0769230769
16 30 10	0.1666666667
41 30 6	0.0344827586
15 12 4	0.0833333333
41 38 38	0.0416666667
31 20 3	0.1666666667
36 42 41	0.1052631579
41 12 28	0.1666666667
32 18 15	0.0833333333
32 27 10	0.0952380952
3 7 40	0.1000000000
11 41 43	0.0250000000
17 2 34	0.1111111111
37 16 7	0.0833333333
9 16 7	0.1034482759
36 3 7	0.2142857143
32 6 7	0.1739130435
29 13 6	0.1111111111
9 1 3	0.4000000000
6 34 7	0.1818181818
43 44 42	0.1666666667
14 33 4	0.0666666667
12 13 10	0.0666666667
29 37 35	0.1034482759
15 16 26	0.0555555556
36 8 7	0.0714285714
43 16 3	0.1538461538
32 16 34	0.0697674419
41 7 34	0.0416666667
27 38 16	0.0952380952
9 31 7	0.0294117647
32 45 15	0.1666666667
8 44 42	0.1666666667
15 28 7	0.0833333333
11 11 6	0.1250000000
12 16 7	0.1052631579
9 41 7	0.0952380952
41 11 11	0.1111111111
36 36 16	0.0600000000
14 30 15	0.1250000000
29 27 6	0.0350877193
41 20 8	0.0714285714
31 10 40	0.2500000000
31 38 3	0.1666666667
32 8 35	0.0555555556
47 28 28	0.1111111111
17 28 7	0.1666666667
36 26 16	0.0909090909
36 5 31	0.0666666667
15 15 45	0.1666666667
12 26 4	0.1428571429
32 5 3	0.2105263158
36 31 35	0.0740740741
43 30 7	0.1428571429
32 41 34	0.0816326531
29 18 6	0.1333333333
12 6 34	0.1000000000
43 34 5	0.1052631579
16 37 7	0.1111111111
32 19 6	0.0526315789
29 31 28	0.2000000000
3 7 30	0.0625000000
31 15 30	0.0370370370
36 5 16	0.0363636364
9 26 3	0.5000000000
41 15 10	0.1250000000
36 0 8	0.0857142857
32 39 34	0.0454545455
8 6 29	0.0833333333
29 34 10	0.0833333333
8 43 16	0.0769230769
9 39 40	0.0714285714
14 28 6	0.0714285714
14 3 3	0.2307692308
4 35 7	0.0869565217
8 30 7	0.1428571429
4 27 31	0.0769230769
32 33 10	0.0666666667
37 5 6	0.0555555556
47 41 31	0.0833333333
9 36 3	0.0555555556
11 41 10	0.0625000000
11 37 28	0.2727272727
9 30 3	0.0454545455
32 41 43	0.0322580645
17 34 4	0.0588235294
41 11 15	0.1428571429
37 32 41	0.0147058824
11 19 3	0.2000000000
36 12 3	0.3125000000
27 36 34	0.0625000000
32 31 11	0.0588235294
47 32 34	0.0714285714
32 6 34	0.1481481481
17 30 41	0.0606060606
47 9 7	0.1428571429
16 20 3	0.1666666667
11 44 6	0.0454545455
27 39 43	0.1000000000
41 45 43	0.0434782609
41 26 10	0.0294117647
3 0 5	0.0500000000
9 12 16	0.0256410256
37 31 35	0.0285714286
9 37 41	0.0135135135
36 31 5	0.0476190476
8 44 11	0.1250000000
9 4 40	0.0384615385
14 43 28	0.1764705882
12 12 16	0.0769230769
36 13 7	0.0571428571
17 6 40	0.1250000000
37 5 4	0.1000000000
9 44 6	0.1000000000
29 31 38	0.0465116279
36 36 45	0.2857142857
16 12 7	0.0588235294
11 19 28	0.1428571429
9 4 10	0.1034482759
9 9 16	0.0925925926
29 32 10	0.0227272727
29 16 28	0.2142857143
9 33 11	0.1666666667
32 1 28	0.2857142857
9 36 43	0.1333333333
9 40 16	0.0769230769
32 30 6	0.0833333333
9 4 30	0.0645161290
15 15 28	0.0833333333
32 5 28	0.1818181818
17 34 38	0.0833333333
12 28 11	0.1818181818
31 13 6	0.0714285714
17 7 29	0.0833333333
11 2 7	0.0625000000
4 2 16	0.0500000000
29 7 35	0.0294117647
32 12 31	0.0869565217
43 37 35	0.0769230769
9 27 11	0.1000000000
17 16 35	0.0526315789
31 1 42	0.1111111111
41 6 35	0.0555555556
12 17 3	0.2857142857
32 29 35	0.0434782609
11 38 28	0.1000000000
9 4 11	0.1111111111
29 33 6	0.0625000000
3 34 6	0.0476190476
12 5 6	0.1111111111
12 13 42	0.1428571429
36 32 43	0.1428571429
41 30 10	0.1052631579
37 30 8	0.0833333333
37 35 29	0.0833333333
17 27 34	0.0714285714
12 16 34	0.0270270270
31 3 4	0.0588235294
41 39 15	0.0769230769
41 30 35	0.0476190476
9 33 42	0.0909090909
37 9 31	0.0416666667
29 28 31	0.0833333333
16 39 6	0.0483870968
9 38 10	0.0689655172
37 32 16	0.0217391304
9 10 29	0.0833333333
9 42 29	0.1333333333
11 41 42	0.0625000000
11 5 16	0.0769230769
29 16 6	0.0317460317
27 0 5	0.0909090909
9 13 11	0.1111111111
36 1 41	0.1153846154
29 41 43	0.0571428571
32 26 3	0.4666666667
3 29 31	0.0454545455
37 6 34	0.0555555556
43 34 35	0.0588235294
11 9 43	0.1428571429
11 30 6	0.0625000000
15 3 7	0.0909090909
8 34 26	0.1250000000
9 16 34	0.0322580645
11 38 3	0.1428571429
36 25 28	0.1428571429
41 39 42	0.1000000000
36 34 38	0.0555555556
3 7 11	0.1000000000
29 41 4	0.1875000000
31 41 47	0.1666666667
3 0 26	0.0588235294
32 11 29	0.0416666667
29 43 6	0.1666666667
17 29 34	0.1304347826
11 18 15	0.1111111111
31 43 8	0.1111111111
32 30 3	0.1333333333
31 43 4	0.1666666667
29 32 40	0.1363636364
11 7 34	0.1200000000
41 33 7	0.1666666667
8 16 3	0.1538461538
3 12 5	0.1000000000
43 37 11	0.1250000000
43 19 11	0.1428571429
15 15 6	0.0833333333
17 11 41	0.0500000000
16 30 15	0.0769230769
41 5 41	0.0400000000
12 36 28	0.3846153846
11 41 31	0.0222222222
15 42 6	0.0714285714
9 2 15	0.0555555556
41 38 34	0.0400000000
9 19 6	0.0909090909
14 43 3	0.1333333333
37 36 3	0.3750000000
9 38 11	0.0555555556
32 28 26	0.1250000000
3 41 28	0.2222222222
36 27 7	0.0370370370
29 6 4	0.1111111111
32 26 6	0.0384615385
9 37 45	0.0833333333
12 11 28	0.2000000000
9 18 5	0.0625000000
36 16 15	0.0444444444
14 26 10	0.0384615385
17 0 43	0.0666666667
37 33 42	0.1428571429
12 2 35	0.0833333333
4 0 5	0.0909090909
31 11 35	0.0555555556
36 42 6	0.0588235294
32 34 45	0.2857142857
17 37 3	0.1666666667
14 25 34	0.0714285714
16 12 34	0.0800000000
32 36 28	0.0526315789
31 30 42	0.1111111111
16 11 35	0.0555555556
12 20 26	0.0769230769
16 39 31	0.0769230769
31 7 7	0.0833333333
14 13 3	0.2857142857
16 11 26	0.1250000000
12 20 10	0.1111111111
9 36 28	0.0666666667
6 12 7	0.0714285714
32 28 5	0.0769230769
11 14 6	0.0476190476
47 33 43	0.1000000000
6 17 11	0.1250000000
29 0 10	0.1428571429
17 36 16	0.0555555556
9 43 10	0.2000000000
9 13 42	0.1666666667
27 12 5	0.0769230769
6 43 43	0.0833333333
37 31 34	0.0784313725
9 5 3	0.1578947368
27 25 15	0.0714285714
32 14 7	0.1333333333
16 8 3	0.0769230769
36 34 43	0.0163934426
41 18 28	0.0416666667
8 18 47	0.1666666667
8 38 6	0.0833333333
41 36 5	0.0666666667
47 30 26	0.1250000000
11 3 8	0.0555555556
8 30 34	0.0666666667
17 46 7	0.1000000000
37 3 11	0.0625000000
9 28 5	0.0666666667
32 41 8	0.0344827586
9 33 35	0.0714285714
9 0 6	0.1153846154
31 41 6	0.0612244898
41 11 35	0.0588235294
32 34 41	0.0540540541
4 34 5	0.0833333333
41 2 34	0.1818181818
12 44 41	0.1000000000
32 25 16	0.0952380952
15 18 7	0.1250000000
16 26 11	0.1000000000
11 41 41	0.0212765957
37 4 30	0.0714285714
17 41 26	0.0434782609
12 43 15	0.2000000000
11 34 6	0.0270270270
12 20 5	0.0500000000
9 4 35	0.0441176471
37 31 7	0.1162790698
17 0 38	0.0555555556
32 18 10	0.0500000000
3 3 6	0.0909090909
32 12 16	0.0408163265
41 0 4	0.1666666667
29 31 8	0.0357142857
12 18 15	0.0454545455
6 9 7	0.0434782609
43 39 28	0.1666666667
9 7 47	0.2857142857
14 8 28	0.0500000000
41 5 6	0.0487804878
17 11 47	0.1666666667
9 13 15	0.0344827586
4 35 34	0.0434782609
41 41 6	0.0294117647
9 9 41	0.0281690141
4 9 15	0.0833333333
37 16 34	0.0277777778
37 30 43	0.0500000000
14 9 7	0.0625000000
16 18 3	0.0666666667
12 36 3	0.1428571429
29 0 5	0.0294117647
43 38 6	0.0833333333
16 7 34	0.0714285714
14 33 29	0.0833333333
41 20 3	0.2857142857
11 13 3	0.1111111111
16 43 6	0.0500000000
6 41 6	0.1153846154
36 17 16	0.0769230769
12 25 31	0.1071428571
29 31 45	0.0625000000
37 9 16	0.0625000000
11 38 34	0.0212765957
31 2 28	0.1666666667
31 15 10	0.1052631579
14 2 28	0.1428571429
15 0 38	0.0666666667
32 45 42	0.2000000000
37 40 28	0.2222222222
9 18 35	0.1000000000
6 27 8	0.1000000000
16 18 6	0.0500000000
32 39 7	0.0857142857
4 14 6	0.0555555556
12 25 6	0.0612244898
37 28 42	0.1000000000
14 37 7	0.1250000000
9 8 42	0.2000000000
29 0 26	0.0434782609
36 43 34	0.1000000000
15 11 16	0.0769230769
41 36 16	0.0312500000
16 5 10	0.0357142857
12 26 6	0.0625000000
29 33 41	0.0476190476
41 14 6	0.1176470588
16 36 30	0.1250000000
36 6 10	0.0294117647
9 39 7	0.0882352941
31 41 41	0.0322580645
29 34 35	0.0322580645
9 41 34	0.0937500000
15 16 10	0.0769230769
41 39 47	0.1666666667
15 31 10	0.0769230769
8 6 4	0.0666666667
27 26 7	0.1333333333
29 9 40	0.0714285714
11 42 41	0.0909090909
37 8 10	0.1428571429
36 5 6	0.0327868852
9 5 43	0.0666666667
32 11 4	0.1111111111
31 28 29	0.1250000000
29 28 16	0.1000000000
36 1 6	0.0769230769
16 5 15	0.0625000000
32 17 28	0.2222222222
3 12 35	0.1250000000
11 15 35	0.1000000000
37 40 43	0.1428571429
11 0 6	0.0400000000
11 0 4	0.1666666667
9 13 10	0.0333333333
9 30 6	0.0588235294
37 9 41	0.0147058824
31 36 30	0.1250000000
14 12 7	0.1428571429
6 16 31	0.0416666667
9 39 34	0.0222222222
12 2 4	0.1111111111
6 43 3	0.2500000000
41 2 7	0.2000000000
12 25 16	0.0392156863
14 28 29	0.1111111111
32 43 15	0.1250000000
17 11 6	0.0666666667
29 13 41	0.0422535211
29 21 45	0.1666666667
37 9 6	0.0294117647
36 32 28	0.1428571429
17 0 8	0.1250000000
29 34 42	0.1428571429
17 41 5	0.0277777778
11 0 7	0.1250000000
29 31 41	0.0109890110
37 29 10	0.1000000000
6 34 34	0.1111111111
29 32 15	0.1304347826
37 11 28	0.1666666667
11 2 28	0.1428571429
37 37 6	0.1666666667
15 43 7	0.1250000000
9 26 28	0.2727272727
36 28 34	0.2727272727
31 13 3	0.1111111111
9 30 4	0.0714285714
9 25 31	0.0666666667
3 16 4	0.0833333333
29 31 43	0.0370370370
43 16 6	0.0500000000
3 41 3	0.3750000000
15 0 3	0.2857142857
16 11 11	0.0833333333
32 16 7	0.1000000000
9 38 42	0.0769230769
29 34 11	0.0666666667
31 11 10	0.1000000000
15 41 15	0.0476190476
11 38 7	0.0333333333
9 33 10	0.0588235294
29 9 15	0.0666666667
37 8 42	0.1666666667
27 26 34	0.0555555556
36 41 30	0.0266666667
11 13 7	0.0769230769
36 31 11	0.0909090909
41 38 3	0.1250000000
3 34 42	0.1428571429
41 40 10	0.1111111111
15 31 7	0.0769230769
27 11 7	0.0588235294
11 34 4	0.1666666667
36 33 7	0.0714285714
16 13 4	0.1000000000
6 5 26	0.1000000000
36 37 3	0.4545454545
17 41 15	0.1052631579
15 6 40	0.1111111111
36 3 34	0.2142857143
31 34 7	0.1578947368
36 28 7	0.2142857143
15 12 43	0.0526315789
29 37 5	0.0625000000
29 7 30	0.0526315789
17 5 31	0.1250000000
3 31 4	0.0666666667
41 40 30	0.1111111111
41 13 6	0.0526315789
6 5 15	0.0714285714
9 20 10	0.0909090909
15 16 30	0.0555555556
27 16 28	0.2857142857
36 14 26	0.0144927536
37 31 5	0.0384615385
8 0 15	0.1428571429
31 7 34	0.0434782609
8 16 28	0.1111111111
29 10 7	0.1250000000
32 5 6	0.0256410256
29 14 43	0.0571428571
43 0 15	0.1428571429
32 5 43	0.0714285714
9 42 4	0.0454545455
11 28 4	0.0625000000
15 31 35	0.0625000000
8 34 30	0.0833333333
47 30 35	0.1250000000
41 25 34	0.0454545455
31 41 31	0.0384615385
41 38 28	0.1428571429
16 1 42	0.1666666667
9 29 11	0.1250000000
12 5 38	0.0714285714
41 14 42	0.1666666667
41 44 38	0.0526315789
32 43 10	0.0666666667
9 8 15	0.1111111111
31 15 11	0.1000000000
41 19 3	0.1250000000
43 1 7	0.1000000000
12 16 28	0.0588235294
3 37 42	0.1428571429
9 31 42	0.1250000000
9 8 10	0.0666666667
41 38 6	0.0800000000
14 42 35	0.0833333333
29 3 16	0.0952380952
41 43 3	0.0400000000
36 6 40	0.0400000000
11 8 34	0.1000000000
36 41 10	0.0483870968
8 39 28	0.1666666667
12 14 7	0.0833333333
41 45 7	0.1000000000
31 14 41	0.0882352941
9 39 11	0.1000000000
6 5 5	0.0526315789
29 18 41	0.0500000000
16 30 26	0.0384615385
43 30 34	0.0666666667
29 37 15	0.0588235294
15 41 10	0.1333333333
14 26 40	0.0526315789
29 5 7	0.1111111111
11 41 15	0.0434782609
29 12 42	0.1111111111
32 40 16	0.0769230769
41 5 10	0.0645161290
12 41 7	0.0909090909
47 10 5	0.0909090909
16 10 40	0.1111111111
11 34 29	0.0625000000
36 41 15	0.0500000000
36 0 43	0.0422535211
37 36 38	0.0370370370
16 26 40	0.1111111111
32 4 10	0.0454545455
36 7 29	0.1153846154
31 14 16	0.0303030303
11 39 10	0.0769230769
41 33 29	0.0909090909
17 37 28	0.2857142857
37 3 15	0.0476190476
17 5 16	0.0833333333
16 16 6	0.0588235294
36 6 35	0.0273972603
9 35 28	0.1428571429
31 48 4	0.1250000000
11 2 34	0.0526315789
14 5 15	0.0526315789
11 43 34	0.0833333333
32 33 40	0.0714285714
17 8 7	0.1250000000
6 8 38	0.0909090909
9 32 6	0.0384615385
37 41 7	0.0666666667
32 38 15	0.1052631579
3 18 41	0.1111111111
32 30 28	0.0588235294
32 2 15	0.0833333333
8 34 5	0.1052631579
11 44 38	0.0555555556
32 42 4	0.0357142857
6 18 28	0.1666666667
29 27 31	0.0192307692
27 10 34	0.1666666667
29 41 29	0.0500000000
16 16 16	0.0666666667
32 44 41	0.0303030303
32 37 6	0.0163934426
11 41 30	0.0238095238
8 34 35	0.0588235294
37 36 28	0.3333333333
27 34 26	0.1250000000
3 10 7	0.0769230769
32 13 31	0.0909090909
32 27 15	0.0769230769
17 16 30	0.0769230769
15 11 6	0.0400000000
47 1 5	0.0909090909
12 45 26	0.1250000000
16 30 42	0.1250000000
4 13 6	0.1818181818
41 36 42	0.1666666667
37 8 5	0.0416666667
31 12 7	0.0588235294
12 16 31	0.0294117647
11 34 8	0.0285714286
36 36 41	0.0250000000
36 26 31	0.0333333333
6 8 3	0.1666666667
4 41 28	0.0833333333
12 33 30	0.1250000000
6 1 15	0.1666666667
36 19 28	0.2222222222
15 14 10	0.0769230769
17 7 4	0.0666666667
41 26 11	0.0714285714
32 39 11	0.0833333333
15 12 8	0.0769230769
31 3 29	0.2000000000
41 33 28	0.0454545455
16 43 4	0.2857142857
47 18 8	0.1428571429
32 11 8	0.0370370370
41 19 28	0.1666666667
12 18 42	0.1111111111
37 36 6	0.0285714286
29 8 6	0.0666666667
9 9 31	0.0555555556
29 8 16	0.0526315789
14 8 4	0.0500000000
16 18 4	0.0500000000
41 26 40	0.0769230769
4 27 16	0.1428571429
11 38 6	0.0238095238
12 38 10	0.1666666667
14 36 42	0.2000000000
6 10 10	0.1428571429
11 14 41	0.0294117647
31 11 11	0.0833333333
41 9 7	0.0800000000
32 30 7	0.0833333333
6 1 42	0.1818181818
9 1 43	0.0384615385
4 41 3	0.1000000000
32 43 5	0.0800000000
11 26 31	0.0606060606
47 3 3	0.0833333333
16 39 41	0.0121951220
43 6 4	0.0666666667
36 34 8	0.0256410256
41 6 5	0.0555555556
9 12 31	0.0645161290
36 14 11	0.0357142857
6 30 28	0.1111111111
12 11 3	0.0769230769
32 4 5	0.0526315789
11 41 5	0.0172413793
11 13 28	0.0909090909
6 27 43	0.0666666667
15 6 11	0.1000000000
6 2 28	0.1428571429
29 34 5	0.0238095238
31 40 30	0.0909090909
31 26 40	0.1111111111
37 5 15	0.0666666667
6 14 38	0.0500000000
17 30 16	0.0526315789
14 20 43	0.0833333333
9 28 26	0.1000000000
47 31 41	0.0400000000
3 0 11	0.0833333333
12 9 16	0.0222222222
36 29 7	0.0740740741
36 36 47	0.1666666667
41 38 7	0.0769230769
43 34 30	0.0833333333
16 9 7	0.0357142857
41 45 8	0.0909090909
31 37 34	0.1000000000
32 18 5	0.0526315789
9 5 6	0.0512820513
9 11 29	0.0434782609
29 32 42	0.0714285714
32 30 4	0.1000000000
31 8 3	0.0769230769
41 8 28	0.0666666667
36 35 6	0.0500000000
32 13 11	0.1666666667
43 43 16	0.0769230769
11 7 7	0.1176470588
6 17 10	0.1111111111
41 3 3	0.1363636364
31 11 26	0.1250000000
16 13 3	0.0714285714
6 35 15	0.0400000000
32 0 41	0.1081081081
32 36 43	0.1818181818
8 18 16	0.0666666667
37 4 10	0.0588235294
36 9 43	0.2222222222
36 39 35	0.0625000000
12 5 29	0.1428571429
41 19 6	0.0500000000
3 41 43	0.1250000000
3 1 7	0.0833333333
6 8 6	0.1000000000
11 30 10	0.1250000000
29 27 16	0.0172413793
17 1 6	0.0833333333
32 44 16	0.0416666667
37 3 42	0.0833333333
32 9 16	0.0769230769
36 14 10	0.0714285714
36 14 15	0.1111111111
36 27 34	0.0571428571
11 37 3	0.2222222222
16 34 34	0.1666666667
43 34 26	0.1250000000
27 44 10	0.1428571429
29 7 11	0.0769230769
12 5 28	0.0666666667
47 16 6	0.0526315789
17 14 42	0.0909090909
36 7 4	0.0500000000
14 14 6	0.1111111111
31 27 28	0.1666666667
37 28 15	0.0769230769
37 43 10	0.1428571429
17 41 30	0.0270270270
41 18 3	0.0666666667
41 43 43	0.0400000000
17 16 5	0.0500000000
41 39 6	0.0937500000
11 12 28	0.1666666667
37 8 26	0.0666666667
4 14 4	0.1666666667
17 36 45	0.1666666667
29 0 42	0.1666666667
16 3 29	0.1666666667
32 4 30	0.0454545455
16 26 15	0.0769230769
11 5 6	0.0588235294
31 37 7	0.1111111111
36 34 29	0.0833333333
12 8 30	0.1000000000
32 27 11	0.1000000000
37 14 7	0.1000000000
37 4 11	0.0909090909
3 10 34	0.1176470588
32 39 42	0.1111111111
41 30 41	0.0303030303
12 1 8	0.1000000000
41 26 6	0.0434782609
4 34 26	0.1250000000
8 19 11	0.1428571429
31 26 15	0.0833333333
36 6 11	0.0666666667
32 43 26	0.0769230769
9 43 5	0.0344827586
17 41 11	0.0500000000
11 44 28	0.1250000000
29 30 34	0.0555555556
27 41 4	0.2222222222
17 11 45	0.1666666667
16 11 10	0.1000000000
14 30 35	0.1000000000
11 0 8	0.0666666667
43 41 29	0.1000000000
41 15 35	0.0555555556
6 16 6	0.0540540541
32 31 42	0.1428571429
41 41 11	0.0400000000
6 0 7	0.1250000000
4 31 41	0.0416666667
11 16 15	0.0625000000
9 28 15	0.0714285714
37 17 38	0.0434782609
47 6 16	0.0833333333
32 35 3	0.1666666667
4 0 26	0.1250000000
9 30 38	0.0714285714
14 20 8	0.1428571429
14 38 6	0.0500000000
17 41 10	0.0384615385
41 37 28	0.1666666667
41 18 8	0.0625000000
41 43 34	0.0250000000
3 40 34	0.1250000000
29 41 6	0.0416666667
6 36 10	0.0526315789
14 30 11	0.1250000000
47 31 38	0.0384615385
41 28 6	0.0500000000
3 6 28	0.2500000000
31 14 6	0.0400000000
14 11 11	0.1000000000
9 33 5	0.0454545455
32 11 43	0.0370370370
31 16 31	0.0400000000
29 29 16	0.0303030303
29 1 15	0.1250000000
3 40 7	0.1250000000
12 1 43	0.0588235294
11 39 35	0.0952380952
9 2 35	0.0344827586
29 34 26	0.0454545455
14 38 28	0.1666666667
36 38 7	0.0476190476
16 34 7	0.1666666667
41 10 15	0.0666666667
36 35 16	0.0384615385
9 32 41	0.0277777778
9 25 16	0.0909090909
32 2 10	0.0909090909
29 12 35	0.1250000000
9 1 8	0.0666666667
12 9 31	0.0333333333
36 35 31	0.0434782609
4 6 29	0.1250000000
6 30 10	0.1666666667
3 30 7	0.0833333333
17 30 31	0.0555555556
16 5 42	0.1000000000
14 38 38	0.0666666667
31 18 8	0.1428571429
41 43 8	0.0625000000
29 7 5	0.0344827586
43 33 47	0.1666666667
29 41 8	0.0666666667
6 1 11	0.0666666667
27 38 31	0.1000000000
8 41 29	0.1000000000
32 8 11	0.1111111111
9 31 11	0.0666666667
29 35 34	0.0178571429
12 10 4	0.1250000000
37 35 4	0.0526315789
9 7 45	0.2857142857
14 16 47	0.1666666667
16 6 47	0.1666666667
36 6 30	0.0285714286
6 7 34	0.0555555556
9 30 7	0.1000000000
17 31 35	0.0666666667
15 11 41	0.0238095238
15 16 42	0.1428571429
41 20 7	0.0666666667
31 43 43	0.0454545455
14 16 16	0.0217391304
3 31 29	0.0833333333
16 38 3	0.1666666667
11 39 11	0.1250000000
27 12 30	0.1000000000
14 5 10	0.0769230769
36 16 30	0.0238095238
6 48 4	0.1250000000
32 8 10	0.0769230769
31 30 10	0.0714285714
12 30 4	0.1666666667
16 18 29	0.1000000000
29 12 10	0.0588235294
41 28 4	0.0526315789
3 43 41	0.1428571429
15 14 42	0.1428571429
41 20 43	0.1250000000
31 5 15	0.0833333333
27 34 5	0.0909090909
43 6 29	0.0833333333
41 44 3	0.1111111111
8 41 4	0.0666666667
31 31 3	0.1666666667
11 0 43	0.0285714286
4 37 10	0.1428571429
6 10 30	0.1111111111
9 27 10	0.0588235294
15 12 28	0.0500000000
8 37 35	0.0769230769
31 11 5	0.0454545455
11 3 43	0.0476190476
15 11 31	0.0714285714
12 26 29	0.0833333333
43 33 45	0.1666666667
15 37 8	0.0909090909
31 38 28	0.1428571429
27 0 26	0.1250000000
15 16 35	0.0454545455
4 14 3	0.1250000000
11 10 15	0.0833333333
11 40 10	0.1666666667
6 16 45	0.0909090909
11 14 7	0.038461538