0	0.0000000000
1	0.0000000000
2	0.0000000000
3	0.0000000000
4	0.0000000000
5	0.0000000000
6	0.0000000000
7	0.0000000000
8	0.0000000000
9	0.0000000000
10	0.0000000000
11	0.0000000000
12	0.0000000000
13	0.0000000000
14	0.0000000000
15	0.0000000000
16	0.0000000000
17	0.0000000000
18	0.0000000000
19	0.0000000000
20	0.0000000000
21	0.0000000000
22	0.0000000000
23	0.0000000000
24	0.0000000000
25	0.0000000000
26	0.0000000000
27	0.0000000000
28	0.0000000000
29	0.0000000000
30	0.0000000000
31	0.0000000000
32	0.0000000000
33	0.0000000000
34	0.0000000000
35	0.0000000000
36	0.0000000000
37	0.0000000000
38	0.0000000000
39	0.0000000000
40	0.0000000000
41	0.0000000000
42	0.0000000000
43	0.0000000000
44	0.0000000000
45	0.0000000000
46	0.0000000000
47	0.0000000000
49	0.0000000000
50	0.0000000000
14 0 5	0.0816326531
18 5	0.0833333333
7 41	0.0727272727
1 33	0.1250000000
30 18 8	0.0714285714
41 7	0.1162790698
31 2 48	0.1666666667
40 29	0.0952380952
3 36 40	0.1000000000
34 33	0.0769230769
43 41 41	0.0303030303
41 34	0.1234567901
32 30 41	0.0508474576
6 34	0.0555555556
16 12 35	0.0571428571
35 48	0.1666666667
31 7	0.0526315789
10 29	0.1176470588
0 6	0.0434782609
41 34 35	0.0210526316
16 30 6	0.0208333333
34 41	0.0454545455
28 30 26	0.0909090909
31 11 12	0.0178571429
16 34	0.1029411765
35 38 40	0.0526315789
10 16 34	0.0705882353
10 4	0.1250000000
35 0 3	0.0714285714
34 21 7	0.2666666667
34 6	0.1304347826
30 14 41	0.0181818182
10 9 6	0.1176470588
9 0 33	0.0882352941
29 11	0.1111111111
43 34 12	0.0666666667
35 11 28	0.0555555556
30 29	0.0666666667
8 13 7	0.0625000000
1 8 35	0.0588235294
32 31	0.0555555556
29 0 12	0.1428571429
16 4 31	0.0370370370
32 16	0.0869565217
5 3	0.0769230769
34 39	0.0312500000
7 9 8	0.0384615385
1 36 8	0.0740740741
35 7 41	0.0550458716
30 15 28	0.0476190476
31 43 6	0.0800000000
29 42	0.1428571429
16 5 7	0.1232876712
3 36 42	0.0307692308
16 10 7	0.1395348837
34 18 34	0.0769230769
31 34	0.0731707317
43 39 6	0.0434782609
14 43 41	0.0555555556
7 11 41	0.0588235294
35 25 16	0.1333333333
7 28 34	0.0467289720
34 25 6	0.0800000000
31 39 31	0.0158730159
16 7	0.0540540541
31 41 29	0.0857142857
16 14 33	0.1208791209
35 3	0.0606060606
1 30 8	0.0263157895
6 29 6	0.1071428571
1 5 48	0.4444444444
14 36 34	0.1153846154
41 27 6	0.1060606061
16 2 41	0.0875000000
5 18 26	0.0400000000
16 1 34	0.0873015873
40 32 16	0.0568181818
9 6 35	0.0172413793
31 2 6	0.1136363636
32 10 41	0.0681818182
31 44 11	0.0294117647
41 34 30	0.0441176471
43 41 31	0.0434782609
1 37 6	0.0697674419
35 43 30	0.0370370370
30 26 15	0.0322580645
16 17 7	0.1428571429
31 14 33	0.1000000000
31 1 34	0.0740740741
7 6	0.1176470588
16 36 34	0.0895522388
41 43 31	0.0232558140
41 38 39	0.0606060606
7 5 41	0.0847457627
31 34 30	0.0533333333
31 44 10	0.0625000000
3 35	0.0416666667
2 30 10	0.1000000000
34 13 5	0.0243902439
2 11 26	0.0500000000
31 38 41	0.0439560440
34 6 10	0.0800000000
30 4	0.0769230769
35 42 27	0.0909090909
16 2 6	0.0967741935
16 6 27	0.0176991150
1 6 7	0.2352941176
35 14 34	0.0700000000
7 31 35	0.0588235294
40 32 6	0.1060606061
34 8 34	0.0847457627
16 14 8	0.0606060606
31 16 3	0.0681818182
43 42 10	0.1428571429
31 13 33	0.1428571429
7 7 28	0.0857142857
31 33 6	0.0571428571
31 14 3	0.0169491525
31 25 34	0.0121951220
1 45 26	0.1200000000
9 10 6	0.0625000000
43 12 34	0.0666666667
16 4 6	0.1282051282
9 5 16	0.1351351351
3 31 41	0.0287356322
35 41 34	0.1151515152
16 5 34	0.0714285714
10 5 3	0.1200000000
8 37 7	0.1764705882
2 15 5	0.0666666667
14 6 29	0.1212121212
31 33 29	0.0277777778
18 39 6	0.0357142857
18 25 34	0.0500000000
14 26 7	0.1355932203
16 35 34	0.1071428571
41 17 34	0.0625000000
1 9 41	0.0147058824
7 3 34	0.0563380282
31 46 41	0.0666666667
7 28 7	0.1777777778
7 43 34	0.1428571429
34 5 16	0.0243902439
31 33 41	0.0243902439
10 41 34	0.0833333333
10 31 34	0.0625000000
34 37 29	0.0833333333
16 13 41	0.0659340659
16 4 41	0.0833333333
7 9 3	0.0736842105
31 16 29	0.0681818182
31 27 6	0.0476190476
8 5 42	0.1000000000
9 28 34	0.0925925926
7 35 16	0.0823529412
1 36 29	0.1142857143
28 10	0.0833333333
31 0 26	0.0631578947
31 8 16	0.0307692308
31 28 6	0.0476190476
30 16 34	0.0687022901
10 10 29	0.1600000000
34 43 7	0.1250000000
31 32 11	0.0526315789
0 14 5	0.0178571429
16 7 10	0.1304347826
31 39 41	0.0069444444
3 6 4	0.0227272727
16 9 11	0.0112359551
7 34 29	0.0847457627
34 5 42	0.0833333333
0 7 4	0.0434782609
0 39 11	0.0500000000
16 30 7	0.0980392157
34 0 8	0.1724137931
31 38 48	0.2857142857
7 18 7	0.0769230769
35 12 16	0.0689655172
41 19 30	0.0625000000
14 14 8	0.0652173913
10 40 48	0.1666666667
10 5 8	0.0833333333
34 28 7	0.0344827586
41 12 5	0.0253164557
3 18 48	0.1666666667
16 30 41	0.0076335878
35 18	0.0666666667
12 39	0.0967741935
4 10	0.1764705882
6 27 46	0.1250000000
12 6 10	0.1333333333
11 3	0.1000000000
16 3 16	0.0632911392
9 41	0.0222222222
15 15 16	0.0227272727
41 41 33	0.0918367347
41 32 40	0.0937500000
32 11 16	0.0333333333
11 28	0.1111111111
36 28	0.1250000000
29 10	0.1428571429
32 6	0.0500000000
29 2 28	0.1578947368
28 16 39	0.1034482759
12 35 39	0.0476190476
41 31 3	0.0864197531
6 10	0.1428571429
11 2 10	0.1666666667
45 9	0.1111111111
16 12 10	0.1250000000
31 38 16	0.0608695652
5 38 10	0.1428571429
40 6 34	0.0816326531
12 31	0.0434782609
29 27 3	0.0769230769
29 16 16	0.0701754386
36 31 7	0.0869565217
29 34 7	0.1875000000
5 37 31	0.0303030303
16 28 31	0.0196078431
45 32	0.0909090909
12 33 34	0.1304347826
12 32 33	0.0454545455
35 25 6	0.0465116279
29 34 32	0.0243902439
12 43 34	0.0746268657
9 11 39	0.0800000000
9 0 18	0.0975609756
41 40 34	0.1219512195
9 7 48	0.4444444444
12 41 40	0.1176470588
5 9 16	0.0625000000
45 15 34	0.1000000000
5 6 9	0.0535714286
29 27 28	0.2307692308
32 26 16	0.1562500000
36 3	0.0909090909
40 28	0.0625000000
15 35 4	0.1034482759
40 5 3	0.0869565217
0 41	0.0333333333
34 33 7	0.2000000000
41 33 16	0.0598290598
15 29	0.1538461538
15 33 2	0.1111111111
7 41 15	0.0357142857
41 6 41	0.0062500000
41 10 34	0.1170212766
10 31 7	0.1000000000
3 44 34	0.1250000000
2 37 34	0.1000000000
43 43 48	0.1666666667
34 2 34	0.1071428571
40 36 33	0.1000000000
41 12	0.0204081633
18 26	0.0588235294
13 36 15	0.1176470588
15 45 30	0.0800000000
15 8	0.0588235294
6 3 31	0.0294117647
7 31	0.0161290323
0 3	0.0833333333
6 37 5	0.0400000000
41 41 8	0.0655737705
12 43 7	0.0740740741
35 38 5	0.0526315789
2 42	0.0909090909
7 14 5	0.0375000000
3 4 4	0.1481481481
13 13 33	0.1818181818
3 30	0.0500000000
14 34	0.0526315789
7 34 33	0.0408163265
30 34 6	0.0277777778
14 30 6	0.0576923077
35 38 26	0.0447761194
40 16 34	0.1265822785
3 30 26	0.0571428571
15 41 34	0.0757575758
0 45 12	0.1666666667
29 35	0.0454545455
41 39 48	0.4444444444
7 7 29	0.0595238095
6 43 6	0.0833333333
7 27 6	0.0175438596
43 30	0.0555555556
30 41 31	0.0263157895
15 25 41	0.0444444444
16 37 2	0.0277777778
15 6 34	0.0666666667
0 11 39	0.0227272727
41 5 34	0.1180124224
0 26 41	0.1000000000
2 11	0.0666666667
27 16 16	0.0967741935
34 26 6	0.1304347826
31 34 10	0.1428571429
5 3 30	0.0666666667
0 41 5	0.0468750000
32 39 5	0.0256410256
8 2 28	0.1250000000
14 0 2	0.1904761905
16 7 35	0.0430107527
34 27 7	0.1176470588
9 38 34	0.0740740741
14 41 8	0.0869565217
35 14 12	0.0526315789
30 34 34	0.0666666667
7 2 7	0.1219512195
31 9 40	0.1212121212
2 28 29	0.1818181818
31 33 16	0.0563380282
5 34 6	0.0714285714
14 9 40	0.1538461538
9 7 29	0.0363636364
14 6	0.0263157895
41 1 34	0.0866141732
16 1 6	0.0434782609
34 16 11	0.0326086957
35 25 48	0.1666666667
9 10 41	0.0666666667
29 31 16	0.0722891566
34 6 35	0.0487804878
1 38 11	0.0285714286
18 16 6	0.0952380952
1 25 6	0.0416666667
3 6 16	0.0857142857
30 27 42	0.0555555556
31 9 15	0.1250000000
41 41 21	0.1111111111
3 9 7	0.1090909091
31 30 7	0.0857142857
35 28 5	0.0645161290
43 11 35	0.0769230769
34 16 35	0.0434782609
8 28 8	0.1250000000
14 30 34	0.0666666667
15 16 34	0.0993788820
14 26 34	0.0676691729
18 26 10	0.0714285714
35 40 29	0.1052631579
30 27 10	0.0769230769
30 13 30	0.0327868852
1 16 7	0.1014492754
41 35 34	0.1197183099
30 11 42	0.1111111111
34 34 8	0.0666666667
7 2 34	0.1224489796
28 40 40	0.0625000000
7 13 34	0.0869565217
14 8 6	0.1666666667
41 33 31	0.0215053763
7 16	0.0238095238
27 43 8	0.0555555556
34 0 3	0.0384615385
15 10 21	0.2307692308
30 27 30	0.0526315789
41 4 16	0.0909090909
27 41 41	0.1515151515
35 28	0.0333333333
34 40 39	0.0526315789
15 30 8	0.1000000000
2 1 11	0.0400000000
27 0 12	0.1666666667
3 5 11	0.0333333333
27 6 41	0.0491803279
3 8 8	0.0937500000
43 2	0.1111111111
0 19 28	0.0769230769
15 9 16	0.0769230769
30 4 42	0.1000000000
28 5	0.0769230769
41 34 10	0.1481481481
43 25 7	0.1458333333
15 5 3	0.0821917808
27 11	0.0625000000
41 6 29	0.0887096774
28 10 5	0.0689655172
15 33	0.0666666667
3 18 8	0.1428571429
15 5 33	0.0256410256
7 0 33	0.0882352941
35 7 31	0.0230769231
30 29 29	0.0322580645
27 13 33	0.1739130435
13 34 34	0.0454545455
0 43 26	0.0370370370
9 32 48	0.1666666667
0 10 41	0.0357142857
9 37 28	0.3125000000
16 38 16	0.0900000000
35 46	0.1666666667
31 41 2	0.0312500000
11 1 33	0.1250000000
5 10 48	0.2857142857
35 1 18	0.1176470588
41 9 10	0.1016949153
5 5 33	0.0666666667
8 41 39	0.0740740741
14 18 16	0.1200000000
9 3 32	0.0714285714
5 18	0.0769230769
12 16	0.0227272727
32 41	0.0294117647
15 11 28	0.1363636364
35 2	0.0476190476
9 16 15	0.2000000000
41 18 16	0.0113636364
31 42 32	0.0370370370
3 40	0.0909090909
12 9 28	0.1555555556
16 31 3	0.0609756098
28 42 5	0.1428571429
3 41 41	0.0235294118
11 37 6	0.0769230769
32 14 10	0.1428571429
9 19 28	0.1428571429
12 2 7	0.1428571429
35 19 16	0.1304347826
9 6	0.0357142857
6 5 10	0.1000000000
11 26 28	0.2500000000
32 25 3	0.1538461538
28 42 26	0.1428571429
9 39	0.0384615385
4 8 2	0.0666666667
48 8 8	0.0555555556
12 9 2	0.0727272727
12 28 34	0.0425531915
5 38 5	0.1333333333
11 5 28	0.2142857143
29 0 7	0.1818181818
15 0 39	0.0285714286
11 12 39	0.0454545455
9 27 34	0.0588235294
41 31 28	0.0760869565
11 6 34	0.1818181818
12 17 16	0.0638297872
31 14 6	0.0128205128
36 12 16	0.1538461538
6 32 42	0.0370370370
41 14 8	0.0824742268
41 9 40	0.1486486486
30 10 48	0.1666666667
3 32 34	0.0895522388
15 38 42	0.0256410256
30 33	0.0625000000
15 5 48	0.1666666667
42 27	0.1000000000
30 9 6	0.0638297872
3 3 16	0.0121951220
15 2 11	0.0416666667
30 17 4	0.0833333333
41 34 26	0.0666666667
31 44 34	0.0294117647
30 8 42	0.0454545455
16 16 21	0.1818181818
2 12 34	0.1333333333
0 9 3	0.0888888889
35 41 15	0.0555555556
30 11 29	0.0333333333
0 41 34	0.0333333333
43 26	0.0625000000
15 25 16	0.0724637681
18 26 30	0.0606060606
30 32 16	0.0491803279
14 44 10	0.0833333333
12 9 48	0.1666666667
3 16 6	0.0877192982
30 18 26	0.0666666667
30 32 34	0.0319148936
14 12	0.0555555556
34 7 4	0.1351351351
7 9 4	0.0312500000
15 0 41	0.0526315789
12 30 39	0.1052631579
5 39 34	0.0925925926
41 15 7	0.1666666667
45 29 16	0.0476190476
35 6 34	0.1194029851
32 42 16	0.0526315789
36 5 28	0.2800000000
6 4 28	0.1111111111
41 29 16	0.1428571429
32 18 34	0.1200000000
6 21 48	0.1666666667
4 34 34	0.2333333333
29 16 6	0.0833333333
31 13 39	0.0250000000
4 4 48	0.3750000000
5 7 16	0.0555555556
12 11 39	0.1041666667
6 11 10	0.0909090909
3 27 28	0.2222222222
36 14 7	0.1333333333
16 9 40	0.1875000000
45 32 10	0.0666666667
9 25 3	0.1000000000
29 28 28	0.0909090909
5 26 2	0.0434782609
12 41 5	0.1428571429
9 6 32	0.0107526882
16 26 34	0.1111111111
4 41 39	0.0952380952
12 32 28	0.0384615385
40 16 9	0.0151515152
35 9 6	0.0161290323
9 1 16	0.0750000000
16 16 28	0.1111111111
12 34 18	0.0588235294
32 36 39	0.0833333333
46 9 7	0.1000000000
6 8 2	0.1000000000
31 25 40	0.2222222222
29 2 2	0.1071428571
11 7 16	0.0491803279
34 34 29	0.1136363636
29 12 34	0.1500000000
1 8 30	0.0344827586
7 18 34	0.0833333333
8 37 34	0.1052631579
34 39 34	0.0705882353
8 34 34	0.1111111111
16 31 28	0.0632911392
41 13 41	0.0652173913
31 11 34	0.0681818182
1 8 11	0.0740740741
34 1 16	0.0370370370
35 41 7	0.1122448980
34 3 7	0.0625000000
9 26 31	0.0285714286
34 14 40	0.2307692308
10 15 48	0.1666666667
14 1 34	0.1000000000
7 21 7	0.2307692308
31 16 16	0.0194805195
41 9 30	0.0223880597
7 8 7	0.0384615385
41 29 6	0.1081081081
8 42 5	0.0909090909
5 7 6	0.1176470588
31 15 11	0.0434782609
3 10 5	0.0750000000
9 3 6	0.0227272727
0 6 30	0.0200000000
41 2 6	0.1578947368
3 26 30	0.0540540541
15 45 10	0.1000000000
28 25 34	0.0465116279
7 1 16	0.0329670330
7 31 12	0.0096153846
32 8 7	0.0869565217
3 37 34	0.0769230769
1 36 28	0.1176470588
27 37 34	0.0784313725
41 3 16	0.0786516854
0 41 15	0.1052631579
15 8 15	0.0769230769
10 16 7	0.1041666667
14 33 6	0.0697674419
0 0 33	0.1111111111
41 0 30	0.0422535211
14 14 33	0.1351351351
0 14 2	0.0454545455
16 28 41	0.0263157895
41 5 7	0.0833333333
13 8 27	0.0833333333
41 31 21	0.1818181818
13 42 30	0.0769230769
16 16 33	0.0266666667
14 9 15	0.1428571429
3 25 34	0.1016949153
43 3 8	0.1818181818
13 18 28	0.0588235294
43 44 12	0.0909090909
7 41 10	0.0444444444
18 6 16	0.0476190476
10 8 2	0.0555555556
41 34 5	0.0575916230
29 37 34	0.1315789474
43 12 7	0.1666666667
32 36 41	0.0500000000
31 38 3	0.0256410256
18 8 27	0.0833333333
30 35 48	0.1666666667
1 38 5	0.0400000000
8 39 16	0.0833333333
31 0 12	0.0476190476
9 41 40	0.0476190476
31 5 34	0.0515463918
14 2 6	0.0833333333
35 15 29	0.1176470588
35 26 48	0.2857142857
41 11 34	0.0740740741
16 26 7	0.1081081081
8 41 6	0.0909090909
35 7 6	0.0869565217
1 12 16	0.0487804878
16 35 12	0.0243902439
40 10 21	0.2222222222
35 34 41	0.0409356725
1 11 4	0.1600000000
7 41 2	0.0392156863
34 35 31	0.0344827586
35 42 29	0.0714285714
34 5 11	0.0454545455
16 34 10	0.1351351351
31 12 26	0.0681818182
16 38 41	0.0331125828
5 1 33	0.1111111111
48 33 33	0.0833333333
3 0 34	0.1000000000
12 30 31	0.1153846154
16 6 46	0.1363636364
12 1 39	0.1063829787
11 0 41	0.0454545455
16 37 5	0.0166666667
35 38 10	0.1470588235
40 12 16	0.0158730159
14 45 39	0.0400000000
6 32 34	0.0833333333
16 44 26	0.0238095238
41 7 10	0.0847457627
46 1 30	0.1666666667
5 1 8	0.1250000000
12 5 16	0.0400000000
12 39 10	0.1176470588
36 3 10	0.2857142857
9 42 31	0.0441176471
41 39 3	0.0422535211
41 8 41	0.0112359551
3 34 34	0.1500000000
35 43 10	0.3333333333
29 35 40	0.1250000000
41 8 31	0.0238095238
16 27 39	0.0555555556
3 8 28	0.1250000000
16 37 10	0.1666666667
27 33 29	0.0909090909
34 36 41	0.0217391304
7 29 7	0.1111111111
13 11 26	0.1250000000
0 38 34	0.0470588235
43 33 29	0.0800000000
34 16	0.0227272727
32 28 34	0.1052631579
40 10 29	0.1034482759
40 4	0.1000000000
41 20 41	0.0333333333
7 6 42	0.0416666667
40 29 10	0.0370370370
31 13 8	0.0454545455
16 30 34	0.0808823529
40 12 41	0.0909090909
16 31 29	0.0425531915
28 43 28	0.0625000000
15 1 8	0.1153846154
14 7 35	0.0285714286
14 5 34	0.0847457627
18 2	0.1250000000
40 29 5	0.0263157895
14 38 39	0.0625000000
35 40 4	0.1764705882
8 11 30	0.0833333333
1 39 34	0.0817610063
16 31 27	0.0227272727
1 28 5	0.0731707317
16 12 42	0.0303030303
34 25 16	0.0377358491
28 31 41	0.0506329114
10 9 41	0.0400000000
16 35 7	0.1136363636
1 25 16	0.0465116279
0 14 10	0.0833333333
7 31 5	0.0151515152
31 41 48	0.5454545455
34 35 41	0.0659340659
35 8 5	0.0666666667
34 35 6	0.0731707317
7 35 41	0.0447761194
1 33 35	0.0714285714
16 9 15	0.2142857143
31 3 16	0.0491803279
48 9 7	0.0961538462
1 16 34	0.0571428571
3 29 48	0.1666666667
31 10 34	0.1212121212
16 29 6	0.0952380952
34 25 41	0.0434782609
31 37 30	0.0322580645
3 16 39	0.0769230769
16 46 41	0.1111111111
11 18 5	0.2727272727
12 16 10	0.1311475410
35 0 39	0.0615384615
32 1 39	0.0400000000
35 14 26	0.0113636364
31 37 10	0.1428571429
45 28 41	0.0344827586
14 38 16	0.0081967213
12 1 16	0.0454545455
41 18 39	0.0864197531
36 7 31	0.0714285714
32 13 7	0.0526315789
28 10 40	0.0909090909
41 15 34	0.1000000000
45 16 8	0.1250000000
12 16 30	0.0468750000
12 11 16	0.0681818182
12 3 34	0.0833333333
16 32 40	0.1923076923
29 1 40	0.2222222222
28 34 7	0.0714285714
11 30 33	0.1666666667
11 16 9	0.0344827586
9 42 16	0.0555555556
3 29 3	0.0500000000
36 30 3	0.1538461538
32 11 39	0.1041666667
11 34 16	0.0666666667
5 14 10	0.0476190476
3 40 5	0.1250000000
4 27 3	0.1071428571
11 43 5	0.1250000000
1 39 7	0.0869565217
29 42 30	0.1000000000
3 35 30	0.0363636364
31 43 10	0.0625000000
14 0 26	0.0747663551
16 16 3	0.0629921260
1 43 3	0.0434782609
18 17 30	0.0500000000
31 26 34	0.0857142857
34 6 34	0.0454545455
7 7 27	0.0576923077
18 10 10	0.1250000000
31 0 5	0.0779220779
31 8 29	0.0625000000
0 41 35	0.0400000000
34 13 26	0.0250000000
1 30 33	0.1290322581
32 0 33	0.1250000000
41 10 7	0.1081081081
10 8 15	0.1250000000
16 0 2	0.1250000000
16 6 48	0.5454545455
30 16 6	0.0198019802
34 5 6	0.0816326531
14 41 6	0.0253164557
0 9 28	0.0789473684
14 10 32	0.0294117647
41 41 2	0.0816326531
16 18 39	0.1228070175
3 0 7	0.0357142857
46 29 28	0.2222222222
28 44 34	0.1666666667
16 25 40	0.1250000000
35 30 18	0.0172413793
45 13 41	0.1000000000
14 41 2	0.0303030303
4 32 34	0.0930232558
16 10 34	0.1639344262
12 14 10	0.1176470588
9 41 5	0.0454545455
12 26 39	0.0232558140
12 5 39	0.0500000000
11 27 40	0.1000000000
29 7 34	0.0588235294
32 19 2	0.0909090909
9 11 31	0.0491803279
29 34 34	0.2222222222
11 13 40	0.2500000000
14 16 18	0.0312500000
41 34 34	0.0263157895
3 45 3	0.1666666667
12 36 16	0.0952380952
11 0 39	0.0697674419
12 31 10	0.1111111111
12 26 16	0.0350877193
5 28 40	0.0833333333
36 0 41	0.0500000000
11 37 16	0.0322580645
46 12 34	0.1666666667
41 26 34	0.0942028986
11 41 34	0.2105263158
11 18 26	0.2727272727
0 39 34	0.0526315789
40 35 48	0.1666666667
18 9 7	0.0909090909
34 8 7	0.0344827586
41 0 2	0.1363636364
35 15 21	0.1818181818
30 10 21	0.1428571429
35 3 10	0.0689655172
28 8 4	0.0454545455
31 17 40	0.1333333333
10 48	0.1666666667
34 29 34	0.1666666667
41 41 29	0.0720720721
30 17 28	0.1250000000
13 33 27	0.0625000000
12 16 5	0.0142857143
3 3 33	0.0800000000
7 9 29	0.0444444444
15 18 15	0.0909090909
30 46 27	0.1000000000
0 5 6	0.1764705882
14 6 21	0.1578947368
40 43 15	0.1250000000
41 2 41	0.0892857143
15 37 6	0.1363636364
40 4 30	0.0625000000
7 40 39	0.0666666667
13 1 11	0.0714285714
40 8 5	0.0526315789
41 7 35	0.0267857143
9 31 30	0.0333333333
41 26 7	0.1607142857
43 36 15	0.1000000000
3 39 16	0.0579710145
32 12 28	0.2307692308
4 1 10	0.1739130435
36 35 3	0.0833333333
12 39 15	0.1000000000
14 6 46	0.1111111111
35 35 28	0.1428571429
36 16 7	0.0769230769
9 14 10	0.0952380952
41 7 40	0.0322580645
40 42 18	0.1250000000
4 16 39	0.0266666667
6 34 34	0.0666666667
4 2 28	0.2105263158
32 12 3	0.1428571429
4 31 41	0.0357142857
9 39 34	0.0760869565
9 12 28	0.2222222222
12 3 7	0.0454545455
16 33 16	0.1046511628
35 11 18	0.0526315789
11 16 32	0.0344827586
29 31 41	0.0413223140
4 41 31	0.0333333333
5 0 39	0.1081081081
4 14 41	0.0243902439
40 14 34	0.0857142857
7 27 34	0.0986842105
12 36 31	0.0322580645
30 36 29	0.0666666667
7 34 4	0.0666666667
41 38 6	0.1030927835
35 39 6	0.0156250000
14 16 3	0.0487804878
3 4 28	0.0952380952
14 19 2	0.0434782609
28 6 16	0.0789473684
13 11 30	0.0370370370
40 31 34	0.0681818182
15 5 29	0.0714285714
12 27 7	0.1818181818
13 8 29	0.0833333333
42 5 8	0.1111111111
41 12 11	0.0576923077
14 28 31	0.0588235294
42 27 26	0.0833333333
13 33 4	0.1000000000
35 42 33	0.1176470588
42 35 8	0.2000000000
7 31 34	0.0218978102
7 12 21	0.0769230769
30 3 3	0.0204081633
12 9 3	0.1379310345
41 17 7	0.0400000000
30 12 41	0.0357142857
3 30 10	0.1818181818
13 12 34	0.0384615385
40 8 30	0.0500000000
16 29 41	0.0645161290
35 30 33	0.1063829787
31 1 6	0.0303030303
6 33 16	0.0952380952
31 39 16	0.0112359551
14 34 26	0.0943396226
41 12 42	0.0540540541
0 10 6	0.0434782609
16 34 26	0.0357142857
30 13 33	0.0312500000
34 12 33	0.0400000000
16 7 5	0.0461538462
16 32 6	0.0232558140
30 39 16	0.0166666667
34 27 34	0.0980392157
2 31 41	0.0370370370
6 1 7	0.0909090909
1 18 5	0.0434782609
41 14 41	0.0161290323
16 30 12	0.0263157895
48 16 6	0.1142857143
18 8 21	0.1111111111
9 11 16	0.0380952381
5 36 3	0.2222222222
48 28 28	0.0769230769
5 25 16	0.1320754717
29 41 39	0.0925925926
6 41 6	0.0384615385
6 34 32	0.0303030303
46 31 31	0.0322580645
28 16 16	0.0297029703
32 37 3	0.0909090909
31 44 26	0.0196078431
35 1 8	0.1153846154
8 26 40	0.1250000000
41 9 15	0.1935483871
29 9 7	0.0666666667
35 5 2	0.0588235294
4 0 34	0.3000000000
16 13 16	0.0405405405
28 33 28	0.1176470588
11 12 41	0.0270270270
4 1 15	0.0909090909
31 38 39	0.0353982301
35 3 15	0.0869565217
3 16 16	0.0151515152
12 13 7	0.0416666667
29 21 28	0.2222222222
48 5 10	0.0909090909
28 11 26	0.1428571429
36 29 10	0.1666666667
41 35 32	0.0263157895
3 2 28	0.1500000000
14 18 39	0.0833333333
12 9 33	0.0800000000
8 7 9	0.0400000000
6 41 41	0.0188679245
8 7 7	0.1428571429
29 29 48	0.3750000000
7 41 26	0.0471698113
10 8 11	0.0312500000
5 41 34	0.1750000000
41 5 12	0.0294117647
31 31 8	0.0312500000
7 30 41	0.0714285714
10 15 3	0.0370370370
10 33 2	0.0909090909
28 1 10	0.2000000000
1 45 30	0.0526315789
1 19 16	0.1052631579
1 3 26	0.0714285714
31 14 8	0.1014492754
16 6 29	0.0597014925
35 34 31	0.0079365079
1 11 21	0.2000000000
16 39 48	0.2857142857
32 16 5	0.0652173913
14 38 28	0.0250000000
31 0 6	0.0169491525
40 18 26	0.0500000000
1 19 6	0.0740740741
35 20 30	0.0344827586
14 0 34	0.1176470588
8 13 34	0.0416666667
35 43 2	0.1363636364
32 4 34	0.1578947368
32 42 39	0.1333333333
1 37 41	0.0740740741
18 16 7	0.0243902439
13 37 7	0.2222222222
30 39 7	0.0487804878
40 16 7	0.1052631579
12 0 8	0.2222222222
15 9 6	0.1000000000
7 12 33	0.0294117647
35 8 42	0.0909090909
4 6 16	0.0545454545
18 25 7	0.1176470588
4 4 4	0.0625000000
27 41 6	0.1052631579
34 31 34	0.0289855072
32 11 41	0.0285714286
28 8 8	0.0606060606
14 0 10	0.3076923077
30 11 21	0.1111111111
41 38 41	0.0548780488
1 6 42	0.0769230769
7 9 48	0.5000000000
16 4 16	0.0468750000
31 31 3	0.0645161290
32 31 35	0.0384615385
35 3 30	0.0425531915
34 18 7	0.1111111111
0 1 39	0.0232558140
1 41 34	0.0357142857
16 19 30	0.0357142857
3 11 42	0.0833333333
31 43 21	0.1111111111
7 31 42	0.0215053763
43 9 7	0.1111111111
6 30 34	0.0909090909
7 15 16	0.0555555556
34 32 3	0.0606060606
14 1 12	0.1000000000
34 3 34	0.0816326531
9 26 41	0.0389610390
16 6 28	0.0649350649
0 1 41	0.0526315789
14 12 35	0.0857142857
16 6 21	0.1875000000
31 43 27	0.0909090909
43 39 41	0.0312500000
1 43 10	0.2142857143
16 11 7	0.0571428571
8 8 4	0.1000000000
16 0 30	0.0666666667
32 0 8	0.1538461538
7 4 34	0.0566037736
35 15 4	0.1250000000
0 6 10	0.0416666667
18 45 8	0.1250000000
14 43 16	0.0833333333
9 15 31	0.0588235294
41 32 6	0.0136986301
15 8 5	0.0277777778
0 11 41	0.0333333333
15 17 3	0.0625000000
42 37 6	0.0454545455
7 6 35	0.0615384615
28 8 27	0.0384615385
7 11 39	0.0769230769
40 3 26	0.0500000000
14 41 33	0.0579710145
12 13 6	0.0232558140
42 6 7	0.1666666667
16 16 27	0.0188679245
14 6 27	0.0344827586
31 3 29	0.0476190476
15 39 7	0.0869565217
7 31 11	0.0235294118
31 42 35	0.0588235294
4 10 30	0.0909090909
41 37 30	0.0416666667
42 29 11	0.1333333333
41 20 16	0.0909090909
3 9 12	0.0196078431
28 39 39	0.0909090909
31 16 28	0.0886075949
4 27 18	0.2727272727
11 30 8	0.2307692308
41 43 39	0.0750000000
28 45 3	0.1666666667
9 31 34	0.1666666667
31 44 5	0.0256410256
12 18 34	0.0869565217
6 41 39	0.0322580645
46 16 6	0.0526315789
35 2 10	0.2500000000
12 41 10	0.1000000000
41 25 10	0.0882352941
11 34 41	0.0408163265
11 10 48	0.1666666667
45 3 16	0.1176470588
48 27 33	0.0909090909
46 13 18	0.1666666667
12 32 18	0.0322580645
16 14 6	0.0078740157
12 14 34	0.0769230769
5 5 28	0.0909090909
9 16 40	0.1333333333
4 9 7	0.0350877193
35 7 16	0.0430107527
15 42 3	0.1250000000
6 3 2	0.0588235294
6 29 3	0.1052631579
36 6 34	0.0952380952
41 38 16	0.0087719298
16 2 16	0.0625000000
28 26 10	0.1052631579
16 44 5	0.0285714286
32 34 48	0.4444444444
15 42 28	0.2222222222
4 34 7	0.2380952381
9 39 10	0.0312500000
40 41 34	0.0784313725
14 34 5	0.0860215054
29 32 34	0.1000000000
3 3 18	0.0487804878
41 35 9	0.0131578947
11 14 7	0.1052631579
16 6 3	0.0138888889
29 2 46	0.2727272727
41 8 39	0.0410958904
14 40 34	0.0714285714
11 16 34	0.1020408163
46 31 16	0.0444444444
32 6 10	0.0384615385
3 33 46	0.1666666667
30 43 15	0.1000000000
40 43 40	0.1111111111
12 18 7	0.1538461538
16 31 4	0.0344827586
13 0 6	0.0370370370
7 37 27	0.0526315789
40 30 8	0.1034482759
41 39 41	0.0089686099
43 43 3	0.0357142857
41 41 4	0.1025641026
14 42 34	0.1111111111
43 25 34	0.0888888889
42 18 5	0.0625000000
15 33 5	0.0370370370
14 41 4	0.1578947368
41 6 4	0.0789473684
15 35 28	0.0555555556
30 29 42	0.1538461538
13 41 41	0.0888888889
41 14 16	0.0062305296
13 37 34	0.0952380952
12 39 34	0.0250000000
31 11 10	0.0344827586
14 6 48	0.1666666667
3 34 41	0.0192307692
34 34 4	0.0789473684
2 37 7	0.1052631579
32 9 48	0.1666666667
16 0 26	0.0465116279
35 16 34	0.0638297872
14 20 8	0.0909090909
30 11 35	0.0333333333
7 35 6	0.0757575758
16 37 11	0.0389610390
1 13 11	0.0625000000
8 8 27	0.0833333333
31 41 8	0.0757575758
34 41 5	0.0574712644
30 27 11	0.0357142857
30 12 34	0.0408163265
35 38 42	0.0212765957
9 36 41	0.0454545455
5 43 2	0.0909090909
30 39 4	0.0526315789
1 8 5	0.0588235294
8 3 29	0.1250000000
5 25 48	0.1666666667
14 34 34	0.0434782609
32 8 34	0.0697674419
35 38 11	0.0394736842
16 12 11	0.0363636364
35 43 26	0.0422535211
14 5 7	0.0618556701
41 45 29	0.1250000000
35 34 6	0.0943396226
34 12 4	0.0909090909
1 34 39	0.1052631579
16 27 6	0.0769230769
5 43 26	0.0454545455
16 44 10	0.1111111111
31 42 6	0.0454545455
30 40 48	0.1666666667
48 41 31	0.0857142857
6 16 21	0.1428571429
2 0 6	0.0555555556
10 11 33	0.1111111111
30 4 35	0.0384615385
34 38 26	0.0294117647
32 16 10	0.0952380952
31 26 7	0.0754716981
32 34 21	0.1111111111
41 37 42	0.0377358491
13 16 16	0.0789473684
0 6 11	0.0370370370
14 20 16	0.0312500000
15 31 34	0.0606060606
14 41 48	0.2857142857
9 40 41	0.0512820513
35 20 15	0.1250000000
9 32 29	0.0714285714
43 8 29	0.1052631579
29 35 30	0.0256410256
43 30 11	0.0606060606
1 17 28	0.1176470588
13 19 34	0.0476190476
34 38 34	0.0689655172
4 12 34	0.1578947368
32 38 9	0.0416666667
12 30 16	0.0638297872
28 1 40	0.1428571429
35 34 16	0.0449438202
12 36 39	0.0289855072
6 29 28	0.1363636364
35 41 9	0.0080000000
16 34 30	0.0625000000
9 36 39	0.0714285714
34 16 5	0.0300000000
11 31 34	0.0833333333
15 16 7	0.1200000000
15 0 16	0.0384615385
36 5 18	0.0714285714
3 35 40	0.0833333333
11 0 16	0.0444444444
32 5 16	0.0869565217
6 16 39	0.0377358491
8 1 5	0.0666666667
11 44 16	0.0434782609
36 35 2	0.0555555556
4 27 28	0.2000000000
35 9 41	0.0384615385
11 31 30	0.0625000000
9 19 33	0.1111111111
41 3 39	0.0493827160
16 14 41	0.0215053763
5 3 40	0.1111111111
6 28 28	0.0833333333
12 20 34	0.1428571429
32 34 33	0.0689655172
36 12 6	0.0731707317
3 8 3	0.0416666667
29 30 10	0.1666666667
41 44 40	0.1428571429
45 6 28	0.2500000000
41 43 16	0.0373831776
16 40 32	0.0434782609
4 31 39	0.0125000000
16 38 39	0.0425531915
32 42 31	0.0377358491
35 0 16	0.0285714286
28 20 2	0.0833333333
16 18 16	0.0151515152
29 0 34	0.2307692308
34 7 29	0.0961538462
34 15 31	0.0270270270
18 8 29	0.1200000000
34 1 39	0.0204081633
31 41 41	0.0147058824
31 17 7	0.1052631579
6 4 41	0.0555555556
43 28 8	0.0769230769
14 17 34	0.0689655172
40 9 6	0.0882352941
30 1 8	0.0500000000
1 9 31	0.0666666667
7 34 21	0.2307692308
31 5 7	0.0754716981
35 16 7	0.0483870968
1 5 33	0.0952380952
9 14 26	0.0317460317
7 13 12	0.0909090909
41 4 41	0.0606060606
48 36 42	0.1052631579
4 37 6	0.0263157895
43 41 39	0.0645161290
7 27 7	0.1641791045
30 36 8	0.0833333333
48 30 26	0.1200000000
34 4 34	0.0500000000
15 18 5	0.0833333333
27 12 7	0.1111111111
1 10 48	0.2857142857
29 33 33	0.2000000000
28 26 30	0.0357142857
12 32 48	0.1666666667
41 6 27	0.0297029703
35 28 10	0.0975609756
0 43 2	0.1111111111
41 30 6	0.0135135135
14 19 30	0.0819672131
13 36 40	0.1052631579
41 4 31	0.0340909091
16 12 26	0.0370370370
30 43 10	0.1250000000
15 16 12	0.0108695652
13 43 21	0.1111111111
0 20 7	0.1000000000
3 5 42	0.0370370370
30 18 5	0.0588235294
3 1 2	0.1764705882
10 28 10	0.1250000000
2 6 41	0.1034482759
42 32 31	0.0322580645
15 18 30	0.0277777778
41 9 16	0.0046948357
16 11 34	0.0722891566
10 34 39	0.0416666667
0 2 7	0.1875000000
41 14 33	0.1012658228
0 0 8	0.1290322581
40 35 28	0.0526315789
2 31 31	0.0208333333
12 13 34	0.1153846154
15 1 33	0.1428571429
1 8 42	0.1333333333
30 16 7	0.1000000000
6 9 11	0.0714285714
32 26 39	0.0285714286
9 13 7	0.0750000000
41 6 28	0.0379746835
14 25 40	0.1176470588
29 7 7	0.0714285714
14 16 28	0.0303030303
35 39 34	0.0609756098
9 13 34	0.0958904110
5 7 31	0.0400000000
12 6 34	0.0512820513
45 28 39	0.0384615385
29 13 33	0.1666666667
31 16 18	0.0338983051
4 35 15	0.0909090909
15 34 6	0.0400000000
5 34 16	0.0250000000
36 35 28	0.2307692308
3 14 16	0.0743801653
36 34 41	0.0555555556
9 44 8	0.1428571429
10 29 5	0.0333333333
1 42 29	0.0857142857
31 42 10	0.0833333333
30 16 31	0.0138888889
8 5 11	0.0666666667
30 9 41	0.0116279070
8 26 30	0.0625000000
43 11 2	0.0769230769
1 34 41	0.0204081633
34 36 16	0.0652173913
31 12 5	0.0363636364
9 26 16	0.1147540984
41 5 6	0.0236220472
30 28 29	0.0500000000
34 14 15	0.1333333333
16 1 7	0.0892857143
16 5 12	0.0163934426
2 7 7	0.1666666667
41 35 7	0.0597014925
4 1 30	0.0588235294
48 14 16	0.0227272727
12 36 6	0.0338983051
32 1 6	0.0810810811
5 25 6	0.0169491525
12 25 18	0.0937500000
4 16 16	0.1086956522
40 11 3	0.0909090909
4 37 34	0.1904761905
8 14 16	0.0526315789
5 9 41	0.0422535211
9 37 3	0.0666666667
36 4 10	0.1333333333
28 39 16	0.0600000000
12 11 6	0.0250000000
5 14 7	0.0625000000
40 29 15	0.0625000000
27 11 10	0.0714285714
40 12 6	0.0416666667
41 30 34	0.0457142857
14 19 5	0.0243902439
7 6 10	0.0769230769
27 25 34	0.0666666667
30 39 34	0.0579710145
0 10 29	0.0476190476
0 33 7	0.1000000000
29 12 6	0.0322580645
13 17 40	0.1333333333
10 40 29	0.1111111111
41 8 16	0.0686274510
15 9 31	0.0250000000
7 5 42	0.1250000000
16 16 29	0.0952380952
7 7 7	0.0277777778
14 43 31	0.0408163265
27 27 8	0.1111111111
15 34 39	0.0344827586
3 14 41	0.0291262136
27 4 21	0.1818181818
1 18 10	0.1250000000
1 42 21	0.1333333333
30 11 2	0.0666666667
31 27 41	0.0357142857
41 27 41	0.0740740741
10 30 29	0.1176470588
7 8 34	0.0597014925
1 13 30	0.0294117647
29 27 48	0.1666666667
41 33 6	0.0533333333
31 36 34	0.0389610390
41 41 27	0.0149253731
0 37 28	0.2000000000
9 44 3	0.0555555556
32 31 5	0.0277777778
7 16 11	0.0265486726
48 1 5	0.1428571429
18 33 21	0.1428571429
31 34 11	0.0344827586
34 5 31	0.0400000000
31 10 7	0.1250000000
0 39 42	0.0625000000
1 15 29	0.1250000000
35 18 26	0.0476190476
30 13 8	0.0370370370
7 40 6	0.0500000000
30 11 26	0.1052631579
35 1 33	0.1875000000
16 9 31	0.0188679245
43 16 16	0.0327868852
32 39 34	0.0923076923
16 32 15	0.1111111111
40 3 42	0.0526315789
12 1 41	0.0312500000
31 38 6	0.0446428571
3 2 2	0.0500000000
11 1 8	0.1428571429
16 40 34	0.1071428571
31 8 31	0.0158730159
41 45 39	0.0400000000
40 42 28	0.2222222222
9 12 3	0.1333333333
41 37 10	0.1351351351
29 41 31	0.0400000000
29 16 39	0.0303030303
12 7 28	0.2222222222
9 14 34	0.0208333333
3 40 26	0.1111111111
6 18 33	0.0909090909
16 43 39	0.1081081081
31 39 3	0.0677966102
5 13 26	0.0909090909
15 35 29	0.0312500000
28 5 5	0.0384615385
34 39 26	0.0377358491
30 32 6	0.0344827586
27 41 39	0.0512820513
16 3 6	0.0317460317
14 6 41	0.0458715596
7 31 15	0.0476190476
16 31 8	0.0327868852
7 5 6	0.1025641026
30 27 35	0.0666666667
16 31 16	0.0071428571
27 6 6	0.0625000000
9 9 28	0.1111111111
13 13 3	0.0666666667
7 41 40	0.0370370370
41 25 42	0.0192307692
12 32 3	0.0909090909
41 1 6	0.0480769231
41 6 48	0.4444444444
16 6 7	0.0131578947
0 13 7	0.0500000000
41 0 5	0.0901639344
14 43 6	0.0937500000
15 38 11	0.0151515152
3 3 48	0.2857142857
27 8 29	0.1250000000
15 18 10	0.0714285714
30 9 16	0.0408163265
40 9 31	0.0263157895
7 1 41	0.0288461538
15 3 10	0.1818181818
12 25 8	0.1052631579
6 12 2	0.1000000000
41 39 21	0.2000000000
15 45 5	0.0500000000
14 5 6	0.0086206897
34 16 26	0.0188679245
34 16 30	0.0240963855
15 30 33	0.0425531915
42 8 30	0.0434782609
32 9 29	0.0370370370
34 31 11	0.0481927711
30 35 3	0.0350877193
16 18 6	0.0333333333
0 28 5	0.0400000000
30 6 11	0.0303030303
6 14 33	0.0952380952
35 30 48	0.2857142857
30 16 16	0.0121951220
0 14 26	0.0327868852
10 40 28	0.0476190476
3 11 11	0.0400000000
16 0 5	0.0555555556
31 2 41	0.1025641026
5 41 7	0.0666666667
34 12 27	0.1111111111
16 42 34	0.0869565217
34 41 10	0.0571428571
2 7 34	0.1578947368
31 11 7	0.0571428571
3 15 15	0.0714285714
6 0 34	0.0555555556
4 30 10	0.2666666667
28 8 28	0.1500000000
12 34 28	0.0416666667
4 4 3	0.0869565217
28 16 31	0.0246913580
11 12 16	0.1428571429
16 38 6	0.0341880342
35 30 2	0.0714285714
8 34 7	0.1250000000
11 14 34	0.3000000000
35 30 3	0.0571428571
6 11 26	0.0400000000
32 16 15	0.1052631579
36 16 34	0.0714285714
3 7 34	0.0769230769
9 39 15	0.0526315789
29 6 16	0.0571428571
32 30 6	0.0303030303
32 41 10	0.1000000000
45 41 3	0.1000000000
11 1 18	0.1111111111
41 36 34	0.0866141732
5 41 9	0.0200000000
32 41 26	0.0428571429
41 12 10	0.0750000000
31 2 16	0.0377358491
3 14 33	0.0256410256
40 18 15	0.1250000000
40 18 2	0.1111111111
35 41 6	0.0145985401
34 7 28	0.0243902439
31 34 2	0.0294117647
34 16 34	0.0219780220
5 18 2	0.0909090909
1 10 21	0.1428571429
31 34 26	0.0322580645
6 35 7	0.0588235294
30 30 27	0.0400000000
5 34 39	0.1428571429
32 32 3	0.0333333333
12 12 4	0.1111111111
15 32 6	0.0555555556
42 32 16	0.0689655172
16 11 12	0.0131578947
15 33 30	0.0384615385
30 11 28	0.0400000000
7 7 48	0.2857142857
43 33 4	0.1428571429
3 12 34	0.0625000000
31 34 34	0.0238095238
7 14 15	0.1250000000
14 10 34	0.0625000000
15 10 27	0.0357142857
0 41 6	0.0161290323
4 35 30	0.0303030303
16 34 5	0.0359712230
31 19 16	0.0256410256
32 11 31	0.0384615385
31 40 34	0.0909090909
40 11 28	0.1250000000
5 41 32	0.0555555556
15 34 41	0.0161290323
35 14 30	0.0120481928
9 41 10	0.1860465116
9 16 10	0.0476190476
31 16 2	0.0227272727
16 8 39	0.0588235294
3 11 26	0.1000000000
46 4 3	0.1000000000
3 26 10	0.0500000000
12 3 40	0.0500000000
32 6 32	0.0192307692
14 7 5	0.0400000000
14 12 11	0.0645161290
30 4 11	0.0666666667
13 11 5	0.0588235294
31 0 34	0.0512820513
28 9 7	0.1111111111
7 29 34	0.1224489796
30 10 4	0.0625000000
6 27 41	0.0357142857
7 41 5	0.0661764706
34 7 48	0.1666666667
27 37 7	0.0937500000
15 35 8	0.0909090909
32 39 10	0.0588235294
2 3 4	0.0833333333
14 18 27	0.0500000000
31 34 5	0.0232558140
2 3 29	0.1052631579
34 26 8	0.0833333333
16 12 5	0.0444444444
34 39 7	0.0512820513
29 11 35	0.0625000000
14 2 41	0.0229885057
2 15 10	0.1111111111
32 41 2	0.0277777778
18 8 4	0.0909090909
1 14 40	0.1000000000
35 45 5	0.0833333333
7 14 10	0.1333333333
1 42 27	0.1250000000
34 8 30	0.0212765957
31 14 16	0.0212765957
43 36 5	0.0384615385
35 11 4	0.0833333333
9 33 7	0.0666666667
34 30 39	0.0270270270
30 42 5	0.0322580645
9 37 27	0.0333333333
1 9 16	0.0588235294
8 13 33	0.1000000000
1 11 27	0.0689655172
34 8 35	0.0454545455
3 41 39	0.0421052632
7 18 12	0.0625000000
2 11 11	0.0400000000
35 36 29	0.0476190476
5 25 41	0.0250000000
46 5 10	0.1111111111
5 2 10	0.2352941176
32 6 9	0.0250000000
41 43 6	0.0468750000
28 34 34	0.1111111111
5 38 26	0.1333333333
9 9 3	0.0476190476
4 4 28	0.1250000000
32 31 34	0.1666666667
12 35 16	0.0277777778
34 34 33	0.0312500000
40 33 26	0.0714285714
15 32 16	0.0545454545
1 12 6	0.0882352941
13 6 48	0.2857142857
6 3 16	0.0357142857
41 39 28	0.0547945205
3 46 27	0.0909090909
41 1 12	0.0476190476
3 39 41	0.0480769231
15 6 7	0.1290322581
15 18 26	0.0645161290
34 7 7	0.0384615385
27 25 7	0.0833333333
27 5 15	0.0909090909
29 36 42	0.0434782609
15 39 34	0.0683760684
35 40 27	0.0526315789
6 29 41	0.0666666667
27 11 5	0.0370370370
41 7 5	0.0555555556
30 6 34	0.0500000000
14 13 41	0.0869565217
42 9 16	0.0909090909
41 39 4	0.0645161290
29 28 48	0.1666666667
13 26 11	0.0250000000
41 8 6	0.0338983051
3 1 5	0.0833333333
14 28 16	0.0869565217
28 18 28	0.0666666667
14 16 48	0.4444444444
43 30 26	0.0434782609
1 11 29	0.0566037736
34 5 41	0.0526315789
10 29 35	0.0344827586
31 9 42	0.0192307692
16 45 41	0.0689655172
35 11 8	0.0540540541
48 27 26	0.0909090909
30 26 42	0.0526315789
14 5 11	0.0204081633
16 20 16	0.1000000000
14 38 8	0.0357142857
5 7 41	0.0454545455
11 38 40	0.1250000000
41 28 16	0.0808080808
11 7 31	0.0370370370
4 14 16	0.0338983051
9 1 6	0.0909090909
16 15 34	0.1600000000
8 38 28	0.1250000000
11 31 7	0.0555555556
12 32 8	0.0909090909
31 43 39	0.0357142857
32 33 34	0.1250000000
28 33 46	0.1818181818
4 16 6	0.1016949153
9 30 41	0.0750000000
15 12 16	0.0192307692
41 34 7	0.0416666667
36 13 40	0.2000000000
29 2 3	0.1000000000
3 11 5	0.1333333333
3 31 39	0.0200000000
3 13 3	0.0625000000
32 41 5	0.0322580645
31 19 2	0.0588235294
31 37 2	0.0384615385
1 3 35	0.0952380952
34 16 6	0.0094339623
35 6 7	0.1147540984
1 12 41	0.0612244898
34 41 30	0.0235294118
18 13 33	0.2000000000
0 26 31	0.0161290323
1 45 2	0.1111111111
8 16 31	0.0454545455
8 8 29	0.0588235294
34 6 5	0.0500000000
41 9 11	0.0136986301
31 31 21	0.1818181818
8 8 21	0.1111111111
7 7 4	0.1250000000
16 6 2	0.0566037736
11 30 3	0.1052631579
12 36 41	0.0238095238
3 33 2	0.0625000000
6 3 3	0.0416666667
9 19 2	0.1250000000
12 40 39	0.1000000000
45 9 10	0.1111111111
36 1 33	0.1500000000
4 18 18	0.1666666667
31 14 41	0.0089285714
11 32 10	0.1250000000
3 2 3	0.0555555556
16 3 39	0.0666666667
35 19 39	0.0370370370
4 15 10	0.2857142857
3 38 3	0.1428571429
1 7 41	0.0476190476
30 41 34	0.0273972603
9 28 7	0.2500000000
30 30 8	0.0666666667
13 0 34	0.0769230769
1 14 6	0.0416666667
15 10 29	0.0800000000
15 26 8	0.1333333333
31 38 33	0.0540540541
7 42 34	0.1111111111
30 36 28	0.1111111111
13 44 8	0.1428571429
40 8 2	0.0769230769
0 10 48	0.1666666667
15 28 30	0.0357142857
13 17 15	0.1428571429
15 43 5	0.1000000000
7 14 40	0.1818181818
0 30 41	0.0338983051
3 10 10	0.0434782609
15 8 40	0.0833333333
30 42 21	0.1111111111
40 8 15	0.1250000000
15 39 6	0.0190476190
28 28 48	0.2857142857
0 1 8	0.0666666667
27 30 35	0.0714285714
2 11 35	0.0625000000
7 10 6	0.1025641026
3 43 3	0.0625000000
34 8 12	0.0303030303
32 34 27	0.0454545455
30 40 28	0.0555555556
7 3 7	0.1142857143
1 18 2	0.0909090909
31 12 35	0.0588235294
14 41 29	0.1269841270
28 30 30	0.0625000000
41 11 7	0.0714285714
18 20 8	0.1250000000
7 4 7	0.0555555556
43 36 26	0.0476190476
31 0 2	0.1071428571
28 35 5	0.0714285714
2 40 5	0.0476190476
30 6 41	0.0149253731
35 18 10	0.1250000000
35 11 27	0.1111111111
3 2 46	0.0909090909
40 12 39	0.0857142857
45 35 34	0.2000000000
11 41 7	0.1212121212
16 16 48	0.5833333333
29 13 18	0.1875000000
8 13 18	0.1250000000
29 27 46	0.0833333333
12 26 31	0.0285714286
28 43 8	0.0555555556
32 26 6	0.0789473684
28 7 34	0.1000000000
12 34 2	0.0400000000
8 44 34	0.1363636364
5 14 34	0.1304347826
3 11 10	0.3636363636
12 9 46	0.1250000000
31 1 7	0.0666666667
36 41 34	0.1578947368
45 29 39	0.1000000000
45 28 16	0.1000000000
16 39 3	0.0750000000
4 7 9	0.0277777778
12 42 16	0.0666666667
14 45 41	0.1000000000
0 30 29	0.0800000000
12 14 5	0.1500000000
30 11 27	0.0625000000
7 6 5	0.0357142857
15 6 11	0.0149253731
7 16 5	0.0217391304
14 14 28	0.0789473684
15 3 35	0.0588235294
10 13 10	0.1666666667
43 11 30	0.0370370370
7 41 30	0.0380952381
1 3 30	0.0833333333
16 33 41	0.0277777778
34 32 48	0.5000000000
40 31 30	0.0156250000
7 15 31	0.0666666667
34 14 5	0.0441176471
9 7 28	0.0434782609
43 27 8	0.1111111111
16 8 6	0.0882352941
2 42 5	0.0588235294
41 13 39	0.0370370370
30 33 5	0.0312500000
31 13 6	0.0256410256
30 10 29	0.0800000000
31 34 35	0.0196078431
16 13 6	0.0483870968
31 46 6	0.0833333333
41 36 7	0.0188679245
32 0 3	0.0588235294
30 38 33	0.0476190476
34 27 6	0.0270270270
6 14 8	0.0833333333
31 42 9	0.0344827586
28 8 3	0.0500000000
29 13 8	0.2000000000
36 34 31	0.0645161290
36 37 16	0.1739130435
46 31 41	0.0243902439
32 9 3	0.0400000000
11 31 32	0.0434782609
12 43 9	0.0169491525
11 44 41	0.0256410256
35 34 39	0.0470588235
35 3 40	0.1304347826
4 0 7	0.1818181818
28 28 18	0.0833333333
4 13 18	0.2500000000
36 1 8	0.1250000000
15 31 7	0.0612244898
14 18 31	0.0434782609
0 16 11	0.0161290323
15 10 4	0.1250000000
10 32 31	0.0689655172
27 0 6	0.0344827586
27 39 41	0.0434782609
28 16 6	0.0697674419
34 2 7	0.0833333333
43 45 3	0.0666666667
10 34 6	0.0384615385
43 45 8	0.0909090909
15 14 6	0.0169491525
14 1 7	0.0909090909
14 11 34	0.1333333333
1 28 10	0.1176470588
14 6 6	0.0384615385
3 34 6	0.0212765957
40 5 8	0.0625000000
6 11 7	0.0500000000
27 30 26	0.0285714286
15 10 28	0.0384615385
41 41 48	0.5833333333
0 16 30	0.0188679245
6 11 34	0.0312500000
41 30 7	0.0760869565
7 34 8	0.0508474576
16 16 4	0.0227272727
15 37 41	0.1000000000
31 39 28	0.0517241379
41 21 16	0.0400000000
36 7 16	0.0588235294
11 31 10	0.0476190476
29 14 16	0.0571428571
6 3 46	0.1428571429
48 34 32	0.0909090909
11 4 10	0.1111111111
3 38 28	0.1818181818
16 19 16	0.0303030303
31 28 31	0.0338983051
9 1 39	0.0384615385
36 12 41	0.0196078431
9 41 26	0.0405405405
35 35 3	0.0869565217
2 11 2	0.0714285714
6 34 26	0.0384615385
16 1 12	0.0227272727
30 33 21	0.1428571429
31 30 34	0.0759493671
32 6 42	0.0714285714
9 26 6	0.0545454545
31 42 34	0.0625000000
31 29 41	0.1428571429
6 16 28	0.0476190476
5 1 18	0.0769230769
29 21 3	0.1428571429
4 34 32	0.0232558140
12 38 34	0.2857142857
28 7 9	0.0370370370
40 34 41	0.0208333333
12 28 7	0.0434782609
32 29 7	0.1111111111
32 34 8	0.0571428571
7 9 28	0.0384615385
41 45 16	0.0468750000
27 43 27	0.0625000000
31 12 34	0.0294117647
15 25 6	0.0800000000
0 34 48	0.1666666667
0 30 4	0.1176470588
30 0 39	0.0333333333
27 31 16	0.0434782609
27 38 48	0.1666666667
42 5 4	0.1666666667
15 29 35	0.0434782609
41 31 8	0.0188679245
34 44 33	0.1428571429
31 29 6	0.1428571429
7 40 41	0.0408163265
31 33 31	0.0227272727
31 45 16	0.0294117647
9 3 12	0.0555555556
31 35 34	0.1250000000
31 28 41	0.0273972603
31 8 4	0.0303030303
30 6 7	0.0833333333
10 34 41	0.0185185185
7 31 30	0.0129870130
13 39 31	0.0370370370
40 8 11	0.0400000000
0 38 6	0.0243902439
40 30 33	0.0476190476
41 45 41	0.0200000000
3 4 27	0.0476190476
1 0 41	0.1538461538
7 10 41	0.0547945205
15 43 30	0.0416666667
42 9 31	0.0666666667
3 29 29	0.0606060606
48 4 4	0.1538461538
16 12 15	0.0555555556
43 36 40	0.0833333333
43 6 4	0.0416666667
34 1 41	0.0400000000
43 31 29	0.1000000000
1 11 8	0.0588235294
16 6 4	0.0674157303
35 15 8	0.0638297872
3 25 7	0.0571428571
9 12 21	0.1111111111
3 36 10	0.1176470588
31 28 16	0.0454545455
12 16 15	0.1176470588
15 11 33	0.0769230769
29 27 18	0.2727272727
41 43 41	0.0352941176
9 14 30	0.0188679245
36 36 33	0.1666666667
4 30 30	0.1818181818
32 37 28	0.2857142857
4 40 5	0.1428571429
12 17 39	0.0217391304
41 25 40	0.1500000000
35 33 10	0.0666666667
31 12 10	0.0869565217
4 13 8	0.1111111111
36 31 34	0.0666666667
5 16 34	0.0888888889
41 31 29	0.0243902439
30 1 33	0.0588235294
2 4 27	0.0555555556
42 5 29	0.0526315789
15 30 4	0.2083333333
32 27 12	0.0833333333
15 30 27	0.0645161290
30 43 26	0.0571428571
41 28 31	0.0491803279
42 33 5	0.0625000000
27 1 11	0.0714285714
32 13 12	0.1428571429
16 28 6	0.0392156863
30 14 6	0.0750000000
34 27 12	0.0357142857
18 5 5	0.0476190476
5 41 6	0.0243902439
31 33 4	0.0294117647
5 11 8	0.1250000000
30 37 34	0.0208333333
40 40 48	0.3750000000
41 0 26	0.0625000000
30 45 3	0.1111111111
8 1 11	0.0625000000
35 45 26	0.0555555556
30 41 41	0.0219780220
8 12 34	0.0833333333
41 12 40	0.0526315789
9 30 16	0.0333333333
29 40 26	0.1111111111
9 37 2	0.0454545455
12 40 16	0.0526315789
11 33 10	0.1200000000
45 5 34	0.1428571429
9 4 34	0.1538461538
35 27 10	0.1250000000
41 6 3	0.0138888889
46 18 2	0.1250000000
1 5 3	0.0540540541
6 13 41	0.0285714286
5 18 10	0.2500000000
43 11 42	0.0555555556
2 11 30	0.0303030303
30 13 10	0.0400000000
6 7 5	0.0357142857
1 10 4	0.0833333333
31 19 26	0.0303030303
40 35 8	0.1363636364
30 29 5	0.0344827586
9 0 8	0.1481481481
30 35 8	0.0370370370
6 1 34	0.0500000000
18 26 5	0.0277777778
16 25 11	0.0294117647
2 41 41	0.0952380952
14 25 34	0.0100000000
15 27 40	0.1250000000
8 1 10	0.1250000000
36 1 2	0.1333333333
32 19 33	0.1000000000
29 24 7	0.1428571429
8 9 7	0.0625000000
9 43 7	0.0909090909
41 29 31	0.0158730159
4 2 2	0.1000000000
11 30 18	0.1250000000
34 41 26	0.0340909091
10 0 6	0.0666666667
30 7 6	0.0769230769
7 5 16	0.0196078431
4 15 15	0.0714285714
3 5 10	0.0555555556
41 46 41	0.0344827586
9 3 7	0.0952380952
12 35 41	0.0333333333
15 35 48	0.1666666667
15 15 27	0.0588235294
13 11 2	0.0909090909
0 41 10	0.1428571429
29 17 11	0.0526315789
14 17 7	0.1111111111
14 34 30	0.0727272727
28 32 34	0.0508474576
2 16 39	0.0625000000
34 43 34	0.0303030303
1 25 41	0.0172413793
16 44 11	0.0333333333
43 11 10	0.0769230769
9 25 48	0.1666666667
14 41 28	0.0405405405
1 11 28	0.0800000000
32 39 26	0.0322580645
31 1 12	0.0555555556
2 14 16	0.0476190476
16 19 2	0.0625000000
15 14 15	0.1111111111
40 11 33	0.1034482759
13 41 6	0.0588235294
28 43 33	0.0952380952
3 17 11	0.0689655172
34 10 41	0.0444444444
0 34 6	0.0652173913
30 26 28	0.0312500000
0 34 41	0.0322580645
40 13 5	0.0526315789
15 9 41	0.0322580645
13 43 27	0.0909090909
5 43 10	0.2000000000
28 1 15	0.2222222222
4 2 3	0.1363636364
34 16 10	0.0588235294
3 33 28	0.1176470588
16 40 9	0.0384615385
28 20 33	0.0625000000
9 7 2	0.0666666667
5 26 33	0.0666666667
40 0 41	0.0285714286
45 6 3	0.1250000000
4 13 2	0.0344827586
12 34 46	0.1428571429
9 39 7	0.0188679245
35 28 40	0.0689655172
8 6 16	0.0322580645
4 5 40	0.1111111111
35 6 9	0.0142857143
31 10 32	0.0144927536
16 14 16	0.0191570881
35 26 28	0.0400000000
8 16 39	0.0384615385
29 1 15	0.1111111111
46 31 39	0.0285714286
41 33 41	0.0227272727
40 9 16	0.0833333333
40 30 27	0.1000000000
0 37 27	0.0714285714
6 9 42	0.0625000000
32 28 7	0.2000000000
15 14 11	0.0350877193
32 40 41	0.0512820513
34 11 39	0.0833333333
7 27 12	0.0337078652
28 39 41	0.0465116279
43 8 27	0.0909090909
31 1 11	0.0277777778
28 43 48	0.1666666667
14 6 4	0.1224489796
35 3 35	0.0285714286
7 0 3	0.0294117647
32 15 31	0.0588235294
14 8 4	0.1111111111
31 25 7	0.0172413793
31 9 16	0.0084745763
31 16 48	0.4444444444
7 34 48	0.1666666667
34 5 29	0.0357142857
34 17 16	0.0909090909
41 39 27	0.0312500000
3 1 10	0.1250000000
35 20 40	0.1250000000
32 41 11	0.0303030303
40 31 7	0.0600000000
7 6 30	0.0140845070
15 26 28	0.0476190476
30 26 48	0.4444444444
42 29 30	0.0909090909
27 11 30	0.0769230769
27 26 11	0.0689655172
10 6 34	0.0625000000
16 10 9	0.0136986301
15 12 39	0.1304347826
15 11 3	0.0952380952
6 18 2	0.1250000000
29 13 2	0.0416666667
8 0 7	0.1250000000
29 31 33	0.0303030303
2 3 3	0.0833333333
32 3 12	0.0555555556
31 41 33	0.0555555556
2 1 40	0.1250000000
43 6 41	0.0476190476
34 37 4	0.1000000000
8 6 41	0.0588235294
30 11 5	0.0256410256
31 39 48	0.1666666667
30 6 6	0.0370370370
35 18 2	0.1538461538
1 28 35	0.0571428571
43 3 29	0.1250000000
4 27 46	0.1428571429
12 4 34	0.0606060606
31 13 41	0.0338983051
35 12 6	0.0526315789
29 15 10	0.1666666667
41 37 15	0.1666666667
36 5 3	0.1904761905
12 25 3	0.0731707317
43 16 7	0.0156250000
16 37 26	0.0322580645
14 38 6	0.0579710145
0 34 39	0.0181818182
30 33 33	0.0416666667
27 33 4	0.1538461538
30 12 6	0.0487804878
30 42 4	0.0625000000
12 35 6	0.0689655172
12 16 35	0.0188679245
42 33 30	0.0526315789
34 18 12	0.0833333333
13 3 29	0.1250000000
30 41 6	0.0476190476
30 43 2	0.1000000000
16 0 10	0.0714285714
36 30 28	0.1428571429
32 34 18	0.0303030303
12 10 31	0.0666666667
46 16 16	0.0714285714
36 10 2	0.1000000000
8 0 34	0.0666666667
14 0 6	0.0243902439
43 14 33	0.0909090909
6 10 7	0.1250000000
1 14 15	0.1250000000
14 13 33	0.0555555556
1 14 34	0.0370370370
41 41 28	0.0481927711
15 8 2	0.0476190476
12 34 8	0.0769230769
14 25 11	0.0291262136
10 7 41	0.0689655172
7 12 27	0.0967741935
35 28 30	0.0508474576
30 11 8	0.0322580645
34 39 5	0.0277777778
4 1 2	0.0476190476
15 3 42	0.0434782609
7 14 11	0.0196078431
2 4 21	0.1111111111
40 13 26	0.0555555556
31 45 28	0.0588235294
28 26 5	0.0333333333
28 10 10	0.1176470588
30 33 35	0.0526315789
31 25 11	0.0208333333
18 3 48	0.1666666667
30 19 7	0.0833333333
32 16 26	0.0454545455
29 28 29	0.0500000000
35 5 48	0.1666666667
36 0 39	0.0588235294
16 14 18	0.0183486239
12 8 34	0.0714285714
16 29 16	0.0454545455
35 45 10	0.1428571429
36 13 10	0.1538461538
15 18 11	0.0344827586
30 35 28	0.0377358491
43 1 5	0.0555555556
12 31 35	0.0322580645
1 42 4	0.1052631579
30 45 5	0.1000000000
6 32 11	0.0540540541
41 29 41	0.0425531915
1 1 33	0.1428571429
10 8 26	0.0322580645
35 29 35	0.1000000000
31 12 11	0.0227272727
10 31 5	0.0185185185
7 37 33	0.0500000000
32 9 8	0.0666666667
30 43 11	0.0303030303
13 6 41	0.0303030303
12 15 41	0.0333333333
30 35 29	0.0606060606
13 39 41	0.0204081633
32 31 30	0.0250000000
0 12 29	0.0500000000
3 14 8	0.0243902439
35 13 40	0.1428571429
45 41 28	0.1818181818
16 34 7	0.0232558140
41 40 7	0.0909090909
41 20 39	0.0238095238
12 17 6	0.0217391304
12 25 33	0.1111111111
36 46 10	0.1666666667
40 0 16	0.0526315789
16 25 15	0.0714285714
12 25 28	0.0555555556
36 1 18	0.0833333333
4 31 8	0.0800000000
48 35 30	0.0400000000
28 0 34	0.0869565217
46 34 32	0.0769230769
12 39 7	0.0344827586
4 5 10	0.0869565217
28 39 31	0.0169491525
12 4 7	0.1333333333
9 42 39	0.0952380952
34 37 48	0.1666666667
43 16 6	0.0869565217
48 15 15	0.1818181818
3 9 6	0.0131578947
35 2 42	0.0833333333
43 11 11	0.0277777778
5 20 30	0.0434782609
18 5 26	0.0588235294
43 26 10	0.0526315789
30 28 10	0.0476190476
34 10 6	0.0740740741
35 41 40	0.0333333333
13 30 26	0.0357142857
15 38 26	0.0370370370
35 15 27	0.0526315789
40 10 4	0.0769230769
35 11 33	0.0333333333
7 0 8	0.1666666667
15 15 48	0.3750000000
6 12 10	0.1000000000
15 44 6	0.0909090909
16 12 40	0.0500000000
30 28 30	0.0571428571
5 10 29	0.0454545455
30 3 29	0.0588235294
34 32 33	0.0666666667
16 27 41	0.0468750000
29 37 7	0.1000000000
1 12 31	0.0384615385
43 0 6	0.0714285714
9 5 31	0.0303030303
2 11 42	0.0666666667
32 26 41	0.0545454545
28 32 6	0.0212765957
40 1 8	0.1250000000
29 10 5	0.0526315789
0 11 16	0.0416666667
13 0 12	0.0714285714
7 3 12	0.0178571429
10 32 16	0.0810810811
41 30 12	0.0175438596
3 13 28	0.0833333333
32 3 9	0.0238095238
32 0 18	0.0937500000
31 10 9	0.0149253731
41 33 39	0.0701754386
34 17 3	0.0714285714
34 25 8	0.0588235294
32 34 4	0.0540540541
31 16 21	0.1250000000
34 36 3	0.0416666667
3 37 6	0.0217391304
9 6 42	0.1176470588
14 19 34	0.0277777778
3 39 6	0.0615384615
14 1 5	0.0178571429
2 33 33	0.1250000000
9 8 7	0.1111111111
0 30 39	0.0243902439
35 3 26	0.0500000000
12 12 28	0.0909090909
40 28 35	0.0526315789
30 17 29	0.0625000000
27 11 35	0.0454545455
6 36 34	0.0465116279
42 14 34	0.1111111111
9 11 41	0.0434782609
15 8 30	0.0312500000
6 14 16	0.0172413793
29 29 28	0.0952380952
12 44 33	0.2500000000
6 16 16	0.0294117647
12 41 26	0.0606060606
3 34 7	0.0476190476
5 5 2	0.0526315789
31 11 9	0.0114942529
35 33 40	0.1111111111
35 26 3	0.0645161290
28 14 6	0.0400000000
9 18 34	0.0769230769
4 31 16	0.0675675676
46 34 34	0.1428571429
35 20 10	0.1000000000
9 7 46	0.0909090909
11 19 39	0.0588235294
40 0 6	0.0416666667
41 21 31	0.0416666667
12 39 40	0.1052631579
11 43 26	0.1428571429
32 3 32	0.0555555556
40 8 26	0.0344827586
15 5 28	0.0312500000
41 1 7	0.0377358491
27 26 42	0.0416666667
30 7 41	0.0408163265
34 41 2	0.0487804878
40 35 4	0.0606060606
0 2 34	0.0800000000
34 41 11	0.0289855072
1 6 34	0.1176470588
41 31 27	0.0263157895
0 6 42	0.0714285714
30 8 35	0.0714285714
1 30 4	0.0909090909
32 32 48	0.2857142857
1 25 31	0.0714285714
30 14 11	0.0555555556
30 26 11	0.0344827586
9 14 2	0.0526315789
34 33 34	0.0909090909
35 30 29	0.0625000000
34 37 33	0.0500000000
10 15 28	0.0833333333
2 31 39	0.0357142857
8 36 40	0.1250000000
11 29 10	0.1250000000
11 28 10	0.1250000000
8 30 30	0.0769230769
6 40 10	0.1666666667
12 25 46	0.1111111111
36 34 16	0.0327868852
31 43 16	0.0294117647
46 29 3	0.1428571429
12 39 26	0.0263157895
10 30 4	0.0909090909
0 26 6	0.1052631579
43 8 21	0.1111111111
3 3 31	0.0277777778
3 30 2	0.0625000000
15 13 26	0.0740740741
34 13 34	0.0740740741
30 37 16	0.0363636364
14 33 41	0.0394736842
9 13 12	0.0434782609
30 41 7	0.0588235294
16 16 8	0.0327868852
41 19 2	0.0454545455
30 18 2	0.0909090909
29 35 15	0.0769230769
4 35 40	0.1538461538
6 1 10	0.1428571429
4 13 33	0.1176470588
4 1 40	0.2222222222
6 13 18	0.2857142857
8 16 16	0.1052631579
16 11 9	0.0232558140
34 14 26	0.0126582278
41 9 42	0.0169491525
11 12 6	0.0303030303
4 8 28	0.0769230769
5 6 32	0.0576923077
5 26 3	0.1428571429
8 30 10	0.2307692308
31 7 10	0.0833333333
6 1 30	0.1000000000
31 37 5	0.0277777778
1 38 26	0.0129870130
8 19 34	0.1000000000
43 39 21	0.0909090909
32 38 34	0.1034482759
1 44 39	0.0555555556
41 32 11	0.0178571429
27 33 28	0.0909090909
15 33 35	0.0454545455
15 30 29	0.0714285714
15 26 3	0.0689655172
42 27 5	0.0500000000
48 17 11	0.1538461538
12 29 34	0.0476190476
30 38 5	0.0384615385
29 8 8	0.0833333333
1 45 5	0.0833333333
35 5 3	0.0625000000
29 1 30	0.0588235294
8 2 46	0.1428571429
31 39 2	0.0243902439
14 43 39	0.0800000000
6 9 7	0.0909090909
31 13 16	0.0149253731
16 33 31	0.0156250000
34 29 7	0.1666666667
35 15 33	0.0238095238
10 8 30	0.0333333333
2 34 34	0.0937500000
18 18 8	0.1111111111
40 16 12	0.0250000000
14 38 41	0.0582524272
3 29 28	0.1052631579
28 26 2	0.0526315789
28 30 2	0.0769230769
27 41 26	0.0416666667
12 34 29	0.0666666667
1 7 6	0.0454545455
7 31 40	0.0416666667
43 1 2	0.1250000000
35 0 41	0.0408163265
30 43 40	0.1250000000
30 31 7	0.0800000000
9 27 12	0.0833333333
35 28 35	0.0192307692
34 42 39	0.0500000000
0 3 12	0.0769230769
27 42 10	0.1333333333
1 41 12	0.0285714286
1 40 48	0.1666666667
9 7 4	0.0555555556
10 33 5	0.0454545455
31 31 16	0.0200000000
6 35 34	0.0370370370
43 11 26	0.0500000000
35 12 31	0.0175438596
40 36 28	0.0833333333
10 29 11	0.1200000000
35 12 39	0.0714285714
12 9 18	0.0454545455
3 43 33	0.0714285714
41 18 6	0.0163934426
12 6 40	0.0476190476
16 13 39	0.0259740260
15 25 31	0.0540540541
0 37 4	0.0833333333
16 3 41	0.0173913043
28 26 26	0.0454545455
6 41 28	0.0370370370
9 15 6	0.0526315789
30 36 4	0.0500000000
27 8 4	0.1250000000
30 17 11	0.0454545455
0 36 41	0.0370370370
28 13 33	0.1250000000
10 41 7	0.0714285714
41 34 2	0.0491803279
31 17 15	0.1428571429
29 41 41	0.0232558140
30 29 11	0.0869565217
9 12 27	0.0400000000
32 0 28	0.0285714286
30 26 40	0.0454545455
30 31 34	0.0618556701
31 9 11	0.0224719101
34 41 35	0.0571428571
3 12 6	0.0454545455
4 31 33	0.0740740741
40 16 32	0.0434782609
6 27 33	0.0909090909
35 25 39	0.0172413793
16 9 10	0.0357142857
46 27 46	0.1250000000
5 6 34	0.2105263158
35 37 16	0.0416666667
43 17 15	0.1250000000
31 41 4	0.0754716981
3 4 48	0.1666666667
30 14 34	0.0400000000
32 41 15	0.0526315789
16 31 39	0.0153846154
35 31 34	0.1363636364
41 12 15	0.1111111111
36 29 40	0.0909090909
14 33 31	0.0138888889
40 11 2	0.0526315789
16 40 7	0.0476190476
46 31 48	0.1666666667
12 16 7	0.0123456790
12 30 6	0.0434782609
32 27 34	0.0588235294
14 34 10	0.0285714286
41 25 15	0.0769230769
13 8 4	0.1000000000
32 15 16	0.0526315789
40 29 35	0.0250000000
40 32 41	0.0341880342
40 14 7	0.0625000000
0 18 2	0.1111111111
43 26 30	0.0606060606
0 18 10	0.1666666667
35 3 5	0.0441176471
34 39 10	0.0294117647
0 43 5	0.0476190476
16 34 11	0.0270270270
34 26 41	0.0444444444
34 35 16	0.0625000000
31 12 7	0.0740740741
12 15 6	0.0416666667
34 40 48	0.1666666667
2 18 8	0.1250000000
34 36 31	0.0416666667
34 43 6	0.0384615385
34 39 30	0.0270270270
8 38 3	0.0909090909
34 10 16	0.0270270270
11 39 34	0.0769230769
16 16 2	0.0188679245
28 14 41	0.0312500000
5 26 18	0.0769230769
11 6 7	0.0588235294
11 35 28	0.1250000000
12 10 16	0.1000000000
30 39 41	0.0098039216
43 28 28	0.0400000000
31 8 6	0.0909090909
34 39 6	0.0158730159
5 34 41	0.0303030303
16 31 21	0.2666666667
30 11 10	0.0588235294
30 28 5	0.0714285714
3 40 40	0.1052631579
27 27 28	0.1428571429
27 29 21	0.1428571429
30 3 30	0.0222222222
12 31 5	0.0232558140
40 31 5	0.0140845070
7 1 6	0.0370370370
43 34 34	0.0625000000
40 42 3	0.1250000000
11 34 39	0.0757575758
12 30 41	0.0294117647
4 21 28	0.2000000000
11 11 18	0.0909090909
5 37 16	0.0909090909
41 26 32	0.0270270270
36 5 2	0.0312500000
36 37 6	0.0277777778
9 44 33	0.0833333333
45 31 41	0.0400000000
42 31 34	0.0500000000
14 16 29	0.0487804878
15 6 42	0.0357142857
12 7 27	0.0666666667
27 42 30	0.0370370370
34 13 12	0.0625000000
15 4 35	0.0909090909
28 9 12	0.0322580645
3 10 30	0.0476190476
8 44 7	0.0714285714
1 30 29	0.0625000000
0 38 7	0.0789473684
5 13 10	0.1250000000
14 6 2	0.0333333333
34 36 6	0.0303030303
12 38 7	0.0909090909
5 26 28	0.0625000000
28 14 16	0.0434782609
11 35 46	0.1666666667
8 13 3	0.0833333333
9 3 9	0.0400000000
4 21 3	0.1111111111
3 33 33	0.1428571429
0 12 21	0.1428571429
0 16 42	0.0232558140
16 15 11	0.0322580645
28 30 35	0.0588235294
42 15 28	0.0909090909
7 41 11	0.0153846154
29 14 41	0.0425531915
14 9 7	0.0169491525
6 29 31	0.0212765957
29 36 5	0.0400000000
6 34 5	0.0222222222
1 44 6	0.0588235294
8 45 3	0.0833333333
8 19 7	0.0833333333
36 36 8	0.1666666667
4 7 34	0.0500000000
46 27 33	0.1000000000
32 41 30	0.0357142857
5 13 5	0.0833333333
35 41 32	0.0192307692
4 3 3	0.0344827586
41 31 39	0.0088495575
28 5 26	0.0500000000
30 3 10	0.0270270270
0 44 3	0.0526315789
12 5 41	0.0317460317
4 12 12	0.0555555556
1 38 30	0.0135135135
43 38 8	0.1111111111
35 42 4	0.1000000000
28 4 28	0.2000000000
16 45 29	0.1250000000
46 32 34	0.0454545455
41 41 3	0.0192307692
5 26 8	0.0909090909
12 26 41	0.0192307692
16 6 16	0.0089285714
9 8 34	0.1111111111
15 28 10	0.0769230769
16 10 32	0.0121951220
4 40 26	0.1428571429
15 38 2	0.0344827586
35 3 2	0.0263157895
31 8 27	0.0454545455
18 39 27	0.0344827586
43 42 5	0.0588235294
6 47 29	0.1250000000
40 37 39	0.0740740741
8 11 10	0.0833333333
14 43 27	0.0285714286
10 10 4	0.1666666667
34 8 5	0.0147058824
7 37 48	0.1666666667
41 41 26	0.0092592593
15 2 42	0.0666666667
0 16 40	0.0555555556
32 40 6	0.0625000000
7 34 27	0.0344827586
12 39 30	0.0181818182
30 37 41	0.0444444444
15 19 6	0.0666666667
32 32 29	0.0666666667
15 32 31	0.0312500000
36 13 30	0.0769230769
4 2 46	0.2500000000
8 2 2	0.0769230769
31 7 30	0.0344827586
43 11 5	0.0526315789
31 20 16	0.0909090909
31 11 30	0.0163934426
6 34 2	0.0588235294
31 15 34	0.0625000000
34 30 6	0.0370370370
34 13 10	0.0625000000
10 4 5	0.0625000000
14 41 41	0.0084745763
1 9 6	0.0303030303
7 31 2	0.0188679245
1 20 30	0.0625000000
0 6 35	0.0285714286
30 38 3	0.0625000000
34 14 11	0.0166666667
32 10 6	0.1481481481
3 36 15	0.1250000000
48 40 40	0.1818181818
41 18 41	0.0101010101
35 30 28	0.0571428571
36 34 39	0.0363636364
40 27 40	0.1428571429
46 4 28	0.1250000000
32 3 7	0.1052631579
14 8 41	0.0645161290
27 14 6	0.1111111111
16 14 3	0.0133333333
15 8 35	0.0400000000
9 33 34	0.2222222222
41 32 10	0.0425531915
11 26 3	0.0666666667
15 14 34	0.0579710145
16 29 31	0.0235294118
8 40 10	0.1666666667
28 0 7	0.0588235294
34 31 42	0.0416666667
30 1 5	0.0400000000
13 44 34	0.1000000000
14 12 42	0.1333333333
15 15 28	0.0370370370
7 9 30	0.0190476190
31 18 6	0.0500000000
10 16 6	0.0126582278
5 28 5	0.0588235294
29 5 40	0.1000000000
31 39 33	0.0250000000
12 7 3	0.1250000000
3 34 32	0.0161290323
35 14 10	0.0277777778
11 34 31	0.0212765957
36 27 40	0.1250000000
48 31 41	0.0615384615
0 6 5	0.0512820513
16 12 2	0.0192307692
2 6 6	0.0526315789
15 41 7	0.0333333333
42 14 26	0.0714285714
6 29 16	0.0238095238
1 14 12	0.0454545455
16 33 6	0.0769230769
43 36 42	0.0238095238
18 44 34	0.0769230769
43 17 40	0.1250000000
2 28 33	0.1111111111
9 38 7	0.0277777778
16 5 6	0.0129870130
35 39 7	0.0212765957
42 12 6	0.0434782609
0 13 34	0.0400000000
2 14 6	0.0833333333
9 7 27	0.0238095238
27 39 33	0.0666666667
41 13 6	0.0303030303
29 7 9	0.0303030303
8 25 7	0.0714285714
11 19 16	0.1200000000
3 40 10	0.1666666667
46 11 26	0.1000000000
11 35 2	0.0833333333
16 25 10	0.0555555556
11 45 10	0.1250000000
0 28 7	0.0833333333
28 39 6	0.0344827586
27 42 5	0.0769230769
3 3 3	0.0512820513
43 37 7	0.1250000000
0 30 48	0.1666666667
30 32 41	0.0186915888
31 30 12	0.0312500000
8 12 7	0.0769230769
10 37 41	0.1250000000
34 19 39	0.0625000000
29 1 10	0.2105263158
4 13 3	0.0588235294
12 25 2	0.0588235294
9 20 34	0.1428571429
41 12 30	0.0275229358
40 29 40	0.0625000000
13 12 7	0.1764705882
32 9 28	0.0769230769
15 19 39	0.0476190476
13 6 6	0.0625000000
32 14 30	0.0312500000
34 41 40	0.0434782609
41 30 41	0.0048309179
41 40 9	0.0238095238
5 36 28	0.1111111111
34 36 39	0.0250000000
36 41 7	0.0294117647
30 4 5	0.0344827586
2 41 6	0.0769230769
31 3 31	0.0161290323
34 38 2	0.0588235294
29 1 11	0.0303030303
41 0 10	0.0952380952
5 10 4	0.0526315789
34 18 5	0.0416666667
48 29 29	0.0869565217
35 6 32	0.0153846154
9 26 39	0.0217391304
9 29 7	0.0833333333
43 25 12	0.0208333333
40 37 41	0.0714285714
30 4 4	0.0666666667
7 6 11	0.0227272727
15 27 42	0.0714285714
2 0 12	0.1250000000
31 36 40	0.0400000000
42 12 41	0.0333333333
43 37 34	0.1111111111
6 43 33	0.0909090909
32 38 32	0.0526315789
14 19 10	0.0714285714
0 20 34	0.0303030303
28 29 29	0.1250000000
40 3 10	0.2000000000
15 12 6	0.0370370370
16 8 16	0.0169491525
1 3 5	0.0434782609
7 13 6	0.0196078431
2 36 26	0.0666666667
10 30 33	0.0526315789
1 38 42	0.0204081633
28 33 2	0.0869565217
12 16 40	0.1000000000
46 1 10	0.1428571429
16 34 40	0.0227272727
41 5 32	0.0196078431
28 45 8	0.1428571429
9 37 46	0.1000000000
18 30 26	0.1111111111
13 33 29	0.0714285714
2 31 16	0.0192307692
40 32 31	0.0307692308
41 37 11	0.0400000000
15 9 48	0.1666666667
35 44 6	0.0769230769
12 43 32	0.0227272727
6 13 28	0.0666666667
6 28 2	0.0666666667
3 10 40	0.0625000000
9 2 7	0.0769230769
31 31 48	0.1666666667
16 36 7	0.0416666667
31 26 11	0.0285714286
9 6 11	0.0689655172
14 7 34	0.0526315789
40 3 11	0.0322580645
28 17 30	0.0344827586
35 11 29	0.0400000000
1 3 10	0.0714285714
34 0 28	0.0526315789
28 25 7	0.0500000000
31 3 39	0.0800000000
32 30 39	0.0222222222
36 2 10	0.0666666667
29 30 30	0.1538461538
9 5 6	0.0238095238
9 10 16	0.0370370370
32 1 16	0.0810810811
34 17 6	0.1176470588
5 0 16	0.0571428571
2 11 5	0.0416666667
2 33 28	0.0769230769
27 38 3	0.0476190476
9 0 3	0.0400000000
28 33 33	0.0476190476
9 14 5	0.0192307692
12 34 3	0.0312500000
36 13 15	0.1428571429
4 10 10	0.0909090909
32 10 16	0.0256410256
14 14 16	0.0088495575
41 13 16	0.0153846154
18 18 28	0.0714285714
35 38 15	0.0526315789
15 16 6	0.0215827338
28 8 29	0.0476190476
42 5 28	0.0909090909
30 11 11	0.0476190476
41 26 6	0.0194174757
0 37 21	0.1111111111
31 47 29	0.1250000000
10 30 27	0.0625000000
32 6 11	0.0434782609
41 35 12	0.0156250000
6 10 34	0.0909090909
34 37 27	0.0416666667
30 14 7	0.0500000000
11 44 6	0.0952380952
32 25 28	0.0909090909
36 18 5	0.1428571429
41 26 9	0.0117647059
16 34 34	0.0153846154
36 4 40	0.1250000000
46 16 39	0.0454545455
4 12 6	0.0303030303
7 35 31	0.0483870968
41 14 18	0.0252100840
6 33 3	0.1000000000
46 11 40	0.1428571429
9 38 9	0.0400000000
30 41 12	0.0243902439
12 41 30	0.0555555556
43 6 29	0.0454545455
16 43 6	0.0416666667
30 8 30	0.0204081633
31 30 35	0.0204081633
16 32 11	0.0185185185
6 4 6	0.0555555556
29 11 5	0.0555555556
41 31 18	0.0138888889
41 5 9	0.0086206897
1 18 26	0.0384615385
40 33 2	0.1666666667
34 12 28	0.0555555556
48 32 34	0.0862068966
30 32 31	0.0256410256
27 12 34	0.0810810811
0 28 12	0.0476190476
34 0 33	0.0833333333
0 34 8	0.1071428571
15 29 11	0.0833333333
32 43 34	0.1000000000
16 37 30	0.0217391304
10 18 5	0.1000000000
12 33 7	0.1176470588
30 12 31	0.0161290323
34 30 41	0.0487804878
15 12 41	0.0322580645
41 7 30	0.0142857143
31 33 27	0.0285714286
46 7 34	0.1428571429
29 31 8	0.0303030303
16 28 16	0.0344827586
15 18 42	0.0666666667
18 18 48	0.1666666667
15 31 5	0.0175438596
9 41 30	0.0447761194
41 6 21	0.2272727273
12 31 2	0.0476190476
10 1 33	0.0833333333
13 39 16	0.0454545455
30 21 28	0.1250000000
30 31 12	0.0163934426
9 43 34	0.0909090909
48 1 2	0.1818181818
8 25 34	0.0555555556
32 13 34	0.0740740741
45 36 34	0.1111111111
36 14 34	0.2352941176
11 31 9	0.0434782609
29 14 6	0.0322580645
34 21 34	0.0416666667
5 6 7	0.0833333333
18 1 5	0.1000000000
3 2 21	0.0909090909
9 41 15	0.0333333333
1 10 29	0.0555555556
31 7 35	0.0277777778
27 17 40	0.0833333333
34 31 30	0.0175438596
35 32 41	0.0526315789
6 27 18	0.1428571429
32 20 34	0.0952380952
6 4 3	0.0769230769
15 16 32	0.0322580645
1 38 10	0.0400000000
29 31 31	0.0172413793
16 31 48	0.1666666667
13 19 7	0.0909090909
0 43 10	0.1428571429
14 19 26	0.0185185185
12 27 34	0.0526315789
0 0 3	0.0322580645
6 17 7	0.1111111111
35 1 3	0.1052631579
31 3 6	0.0232558140
7 15 6	0.0588235294
8 39 6	0.0400000000
12 0 33	0.1000000000
29 10 10	0.1000000000
6 11 40	0.1111111111
41 12 35	0.0250000000
15 18 2	0.0714285714
9 40 6	0.0625000000
0 5 41	0.0833333333
10 7 6	0.1428571429
30 36 42	0.0625000000
18 16 34	0.0243902439
0 7 41	0.0270270270
30 0 41	0.0800000000
10 14 7	0.1000000000
30 12 7	0.0270270270
10 8 40	0.1250000000
5 43 5	0.0370370370
30 42 27	0.0588235294
42 29 42	0.0833333333
0 10 4	0.0500000000
6 36 7	0.0476190476
15 33 26	0.1000000000
5 12 16	0.0500000000
31 9 10	0.0256410256
11 30 28	0.1428571429
9 45 34	0.0555555556
1 0 39	0.0454545455
32 3 34	0.0540540541
32 33 7	0.1111111111
41 4 6	0.0769230769
32 41 40	0.0833333333
32 29 34	0.0666666667
10 33 26	0.0434782609
6 11 5	0.0555555556
36 18 26	0.1428571429
0 41 7	0.0344827586
15 14 40	0.0833333333
12 14 26	0.0769230769
15 11 2	0.0555555556
40 6 7	0.1071428571
8 42 10	0.1250000000
29 6 6	0.0333333333
14 38 29	0.0212765957
14 8 29	0.0555555556
18 6 29	0.0555555556
34 32 28	0.0208333333
1 8 10	0.0526315789
28 33 21	0.1428571429
0 28 34	0.0416666667
0 39 30	0.0294117647
12 4 32	0.0222222222
40 34 6	0.0357142857
29 40 5	0.1428571429
43 20 8	0.1250000000
43 13 33	0.1250000000
10 14 6	0.0555555556
30 42 29	0.0454545455
27 6 48	0.1666666667
5 28 15	0.0909090909
15 16 9	0.0103092784
12 44 8	0.1000000000
31 11 32	0.0204081633
32 5 6	0.0303030303
7 41 35	0.0454545455
34 25 31	0.0476190476
2 36 2	0.1111111111
16 14 28	0.0169491525
41 25 30	0.0181818182
36 27 15	0.1250000000
41 11 12	0.0344827586
28 43 27	0.0833333333
15 31 30	0.0151515152
9 6 10	0.0294117647
5 13 30	0.0833333333
34 31 10	0.0625000000
27 4 27	0.0500000000
12 39 5	0.0204081633
31 38 28	0.0161290323
14 11 7	0.0769230769
18 26 2	0.0555555556
10 32 6	0.0400000000
13 42 10	0.1818181818
13 34 6	0.0370370370
30 30 33	0.0333333333
0 1 33	0.0666666667
30 6 42	0.0769230769
30 43 5	0.0344827586
15 42 18	0.1428571429
30 34 39	0.0416666667
15 13 10	0.0769230769
14 5 12	0.0151515152
13 8 28	0.1111111111
12 16 11	0.0238095238
0 7 29	0.0645161290
41 32 15	0.0800000000
14 30 7	0.0285714286
5 26 46	0.1428571429
16 39 39	0.0333333333
2 3 21	0.1428571429
31 36 7	0.0285714286
31 16 33	0.0303030303
35 30 8	0.0526315789
31 16 8	0.0188679245
6 0 30	0.0434782609
32 16 30	0.0434782609
43 27 28	0.1428571429
0 6 7	0.0526315789
15 36 8	0.0909090909
35 14 5	0.0100000000
10 34 33	0.0909090909
4 28 28	0.0400000000
35 36 48	0.1666666667
35 43 5	0.0357142857
2 40 10	0.1111111111
30 8 11	0.0689655172
35 27 11	0.0555555556
34 26 3	0.0555555556
35 25 31	0.0384615385
8 41 41	0.0250000000
3 27 46	0.1666666667
6 41 8	0.1250000000
27 8 3	0.1111111111
27 42 35	0.0476190476
16 42 6	0.0370370370
14 9 10	0.0303030303
46 11 5	0.1428571429
18 39 41	0.0444444444
35 30 4	0.0714285714
31 45 41	0.0277777778
9 30 6	0.0416666667
0 34 4	0.0400000000
40 3 5	0.0333333333
27 42 26	0.1111111111
11 13 10	0.0714285714
34 14 10	0.0625000000
9 2 34	0.0333333333
2 34 7	0.0833333333
35 41 12	0.0108695652
43 37 27	0.0555555556
30 12 39	0.0909090909
0 41 40	0.0909090909
30 12 16	0.0144927536
30 35 35	0.0222222222
6 12 34	0.1000000000
29 5 10	0.0588235294
18 26 26	0.0344827586
34 15 41	0.0208333333
41 25 11	0.0357142857
32 15 6	0.0476190476
9 9 29	0.0384615385
18 16 16	0.0204081633
28 37 34	0.0714285714
40 8 40	0.1250000000
34 39 35	0.0294117647
40 18 5	0.0833333333
34 15 6	0.0312500000
31 12 2	0.0476190476
31 41 46	0.0909090909
12 31 26	0.0277777778
0 20 30	0.0344827586
31 34 6	0.0151515152
0 18 26	0.0476190476
9 30 39	0.0217391304
3 41 31	0.0800000000
3 30 35	0.0322580645
30 45 26	0.0909090909
41 44 11	0.0238095238
41 40 32	0.0277777778
6 35 30	0.0769230769
11 33 40	0.0833333333
28 43 4	0.0909090909
0 16 15	0.0666666667
13 25 34	0.0555555556
27 39 16	0.0217391304
9 13 28	0.0285714286
48 6 16	0.1304347826
14 25 42	0.0156250000
28 20 8	0.1111111111
12 34 21	0.1428571429
28 18 8	0.0909090909
15 30 21	0.0909090909
12 31 11	0.0250000000
27 43 21	0.1111111111
10 12 39	0.1052631579
11 44 39	0.0303030303
36 30 8	0.1250000000
10 5 48	0.1666666667
14 7 7	0.0909090909
43 30 35	0.0625000000
30 27 26	0.0454545455
31 25 15	0.1428571429
7 5 11	0.0769230769
3 25 6	0.0322580645
27 13 28	0.0384615385
6 12 26	0.0384615385
29 31 39	0.0121951220
48 41 39	0.0217391304
9 6 9	0.0135135135
36 27 10	0.1538461538
40 30 29	0.0625000000
30 9 7	0.0196078431
35 18 5	0.0312500000
36 30 33	0.0833333333
43 36 2	0.0769230769
7 12 8	0.0232558140
35 40 33	0.0384615385
7 8 12	0.0357142857
18 18 3	0.0666666667
15 45 26	0.0666666667
34 31 40	0.0909090909
35 8 11	0.0588235294
31 16 4	0.0303030303
3 19 34	0.1111111111
40 28 10	0.0714285714
46 33 3	0.1250000000
27 41 33	0.1111111111
31 19 30	0.0277777778
3 27 3	0.1000000000
28 45 33	0.1428571429
6 11 12	0.0500000000
30 21 29	0.0666666667
7 30 6	0.0357142857
30 19 16	0.1000000000
14 1 6	0.0156250000
14 45 16	0.0312500000
9 25 28	0.0625000000
4 7 7	0.0625000000
3 11 30	0.0555555556
30 34 7	0.0625000000
2 34 12	0.0526315789
32 39 30	0.0270270270
6 6 48	0.1666666667
31 30 26	0.0144927536
18 41 39	0.0526315789
35 40 28	0.0769230769
40 0 39	0.0333333333
16 16 18	0.0169491525
28 30 10	0.0833333333
28 18 3	0.0625000000
0 3 30	0.0625000000
0 30 8	0.0344827586
9 15 16	0.0500000000
0 39 15	0.0833333333
13 18 3	0.0500000000
30 8 5	0.0232558140
13 42 35	0.0769230769
12 4 9	0.0285714286
0 7 6	0.0588235294
30 18 10	0.1250000000
15 3 11	0.0277777778
42 14 2	0.1250000000
14 30 10	0.0454545455
14 13 3	0.0400000000
3 1 15	0.1111111111
29 8 2	0.0666666667
45 16 33	0.1250000000
35 2 11	0.0476190476
27 39 31	0.0243902439
2 36 5	0.0666666667
48 7 9	0.1111111111
6 41 48	0.1666666667
6 43 2	0.1111111111
11 4 40	0.1000000000
3 44 7	0.0769230769
15 8 10	0.0555555556
15 13 5	0.0571428571
41 9 31	0.0070921986
15 5 8	0.0303030303
41 44 10	0.0714285714
30 39 33	0.0500000000
43 9 6	0.0200000000
35 9 16	0.0169491525
46 13 28	0.1428571429
31 11 3	0.0172413793
15 38 5	0.0217391304
46 18 33	0.0909090909
35 5 33	0.0714285714
45 31 18	0.0833333333
0 34 29	0.0322580645
32 35 16	0.0666666667
40 11 29	0.0526315789
9 3 34	0.0250000000
15 26 48	0.1666666667
40 31 10	0.0344827586
3 39 21	0.0833333333
6 5 7	0.0526315789
30 1 30	0.0454545455
5 17 28	0.1000000000
32 39 35	0.0357142857
1 28 30	0.0689655172
30 9 31	0.0333333333
29 27 8	0.0625000000
27 44 34	0.0833333333
3 12 12	0.0303030303
14 3 16	0.0625000000
10 31 12	0.0188679245
34 7 27	0.0285714286
42 21 5	0.0666666667
6 28 46	0.1250000000
5 39 7	0.0256410256
12 29 7	0.0769230769
36 5 33	0.0416666667
41 27 31	0.0098039216
28 38 28	0.1666666667
2 14 41	0.0666666667
31 36 15	0.0370370370
0 7 28	0.0400000000
28 41 39	0.0196078431
10 9 16	0.0277777778
31 32 42	0.0333333333
27 28 29	0.1250000000
41 19 26	0.0144927536
29 6 41	0.0232558140
31 9 31	0.0113636364
4 28 48	0.1666666667
16 15 42	0.0769230769
14 16 4	0.0370370370
27 41 2	0.0625000000
34 20 34	0.0526315789
36 37 41	0.0256410256
48 3 3	0.0833333333
0 30 6	0.0434782609
13 30 35	0.0714285714
27 5 40	0.0833333333
2 4 48	0.1666666667
15 38 10	0.0909090909
28 6 29	0.0400000000
18 33 29	0.0555555556
30 13 3	0.0384615385
43 42 35	0.0666666667
0 6 34	0.0416666667
27 38 33	0.1333333333
8 6 6	0.0769230769
43 28 48	0.1666666667
28 17 11	0.0172413793
42 40 28	0.0909090909
45 17 34	0.1666666667
3 39 39	0.0333333333
15 28 5	0.0312500000
28 8 21	0.1111111111
16 45 16	0.0333333333
9 28 12	0.0227272727
7 31 26	0.0085470085
30 35 4	0.0357142857
31 31 27	0.0370370370
12 7 29	0.0769230769
29 33 28	0.0588235294
11 37 39	0.0416666667
15 0 6	0.0400000000
1 16 12	0.0175438596
34 42 34	0.1111111111
18 33 28	0.1111111111
34 15 16	0.0384615385
7 35 28	0.0312500000
48 27 46	0.1666666667
30 37 31	0.0181818182
1 6 11	0.0277777778
2 42 30	0.0625000000
41 41 46	0.0769230769
40 35 29	0.0312500000
6 16 6	0.0322580645
30 11 4	0.0740740741
15 18 40	0.0769230769
12 6 7	0.0333333333
40 29 11	0.0370370370
43 39 27	0.0384615385
9 16 30	0.0555555556
34 28 34	0.0178571429
0 39 7	0.0555555556
0 39 40	0.0714285714
15 27 11	0.0416666667
9 41 11	0.0163934426
43 16 34	0.0151515152
48 8 2	0.1000000000
6 14 41	0.0434782609
7 7 21	0.0769230769
43 30 2	0.0666666667
35 13 30	0.0227272727
13 2 48	0.1666666667
34 12 8	0.0333333333
31 0 30	0.0250000000
40 4 5	0.0555555556
34 43 12	0.0454545455
35 14 6	0.0111111111
14 37 35	0.0526315789
15 43 26	0.0454545455
35 0 6	0.0294117647
31 3 41	0.0126582278
16 11 32	0.0312500000
40 9 41	0.0188679245
35 12 41	0.0188679245
16 43 16	0.0540540541
48 21 2	0.1000000000
0 13 12	0.0714285714
15 39 12	0.0135135135
34 31 15	0.1250000000
14 25 15	0.0666666667
3 38 8	0.0909090909
7 33 7	0.1111111111
13 11 10	0.1428571429
3 43 8	0.1666666667
5 9 6	0.0188679245
34 41 42	0.0277777778
7 5 31	0.0227272727
6 7 34	0.1000000000
10 30 8	0.0434782609
0 11 8	0.0588235294
34 30 16	0.0196078431
36 10 46	0.1666666667
41 12 26	0.0126582278
30 13 11	0.0322580645
0 33 34	0.1000000000
27 17 15	0.0909090909
14 20 41	0.0476190476
15 11 29	0.0526315789
34 8 10	0.0555555556
10 3 35	0.0833333333
9 38 32	0.0454545455
12 45 34	0.1111111111
10 29 42	0.1333333333
12 31 30	0.0416666667
2 1 15	0.1250000000
45 3 41	0.0416666667
32 30 16	0.0333333333
13 25 7	0.0833333333
6 8 6	0.0666666667
16 34 2	0.0181818182
9 9 8	0.0666666667
43 33 27	0.0769230769
5 25 31	0.0333333333
40 5 29	0.0625000000
28 12 34	0.0833333333
27 0 34	0.0400000000
34 30 8	0.0714285714
2 4 4	0.0833333333
5 3 15	0.1000000000
34 6 7	0.0500000000
36 35 46	0.1250000000
16 19 26	0.0294117647
14 10 7	0.1111111111
31 43 31	0.0476190476
6 11 3	0.0416666667
15 36 3	0.0476190476
0 20 12	0.0526315789
32 39 7	0.0243902439
8 36 15	0.1250000000
7 40 16	0.0256410256
14 7 10	0.1000000000
30 15 3	0.0416666667
40 18 40	0.1111111111
28 11 5	0.1428571429
8 0 12	0.1428571429
0 26 16	0.0147058824
14 10 9	0.0303030303
12 5 31	0.0158730159
43 3 3	0.0370370370
41 39 18	0.0156250000
2 30 11	0.0526315789
35 11 21	0.0909090909
16 39 28	0.0277777778
18 25 12	0.0294117647
15 8 26	0.0454545455
31 41 28	0.0153846154
1 30 27	0.0476190476
5 18 15	0.0714285714
3 16 31	0.0076923077
3 39 31	0.0147058824
4 10 5	0.0454545455
32 32 28	0.0434782609
15 36 28	0.0666666667
12 26 6	0.0212765957
28 36 10	0.0625000000
41 19 11	0.0232558140
5 9 39	0.0140845070
