0	0.0000000000
1	0.0000000000
2	0.0000000000
3	0.0000000000
4	0.0000000000
5	0.0000000000
6	0.0000000000
7	0.0000000000
8	0.0000000000
9	0.0000000000
10	0.0000000000
11	0.0000000000
12	0.0000000000
13	0.0000000000
14	0.0000000000
15	0.0000000000
16	0.0000000000
17	0.0000000000
18	0.0000000000
19	0.0000000000
20	0.0000000000
21	0.0000000000
23	0.0000000000
24	0.0000000000
25	0.0000000000
26	0.0000000000
27	0.0000000000
28	0.0000000000
29	0.0000000000
30	0.0000000000
31	0.0000000000
32	0.0000000000
33	0.0000000000
34	0.0000000000
35	0.0000000000
36	0.0000000000
37	0.0000000000
38	0.0000000000
39	0.0000000000
40	0.0000000000
41	0.0000000000
42	0.0000000000
43	0.0000000000
44	0.0000000000
45	0.0000000000
46	0.0000000000
47	0.0000000000
48	0.0000000000
49	0.0000000000
50	0.0000000000
32 41 12	0.0476190476
28 18 41	0.0689655172
16 26 11	0.2142857143
32 27 11	0.2727272727
28 5 31	0.0270270270
28 7	0.1111111111
32 18	0.1111111111
28 26 7	0.0666666667
29 34	0.1666666667
16 34 34	0.2222222222
5 40 6	0.1666666667
4 12	0.1428571429
28 6 4	0.2258064516
30 39	0.0714285714
6 0 37	0.2307692308
1 16	0.0666666667
13 34	0.1111111111
30 37 2	0.1666666667
28 41 2	0.0666666667
31 41 31	0.0384615385
6 5 42	0.1428571429
32 33	0.0714285714
18 6 4	0.0909090909
9 4	0.0909090909
28 10 34	0.2857142857
17 5 41	0.0357142857
41 34 37	0.0416666667
17 33 12	0.0714285714
33 37	0.1428571429
32 8 16	0.0434782609
35 41	0.0769230769
32 20 36	0.0833333333
41 40	0.1428571429
32 12 39	0.0333333333
30 16	0.0625000000
31 9 40	0.0434782609
35 15 36	0.1250000000
3 7	0.1666666667
36 5 39	0.0833333333
9 29	0.0909090909
40 6	0.1428571429
31 14 41	0.0588235294
5 32 4	0.1111111111
41 11	0.0625000000
40 36 39	0.0714285714
41 41 6	0.0588235294
40 18 7	0.1250000000
17 6	0.1111111111
10 31	0.0714285714
17 41	0.1250000000
9 32 41	0.0166666667
3 8 41	0.0434782609
15 31	0.0714285714
41 42	0.1000000000
6 42	0.1666666667
32 16 34	0.0333333333
28 11 12	0.1250000000
9 35 2	0.0434782609
1 39	0.0714285714
17 9 4	0.1111111111
18 37 40	0.1250000000
28 1 7	0.2800000000
41 12 34	0.1666666667
31 38 4	0.1724137931
28 13 6	0.0232558140
40 35 36	0.1666666667
18 34 11	0.2500000000
32 3 11	0.1304347826
30 31	0.1250000000
31 34	0.0370370370
3 34	0.0909090909
31 9 7	0.0638297872
40 3 34	0.1428571429
36 8 34	0.2500000000
9 16 34	0.0857142857
9 6 12	0.2500000000
31 30 36	0.0238095238
18 37	0.1250000000
3 33 16	0.0357142857
9 18 36	0.0833333333
35 29 34	0.3000000000
28 45 41	0.0294117647
18 45 16	0.1111111111
3 42 7	0.2222222222
28 38 41	0.0263157895
33 43 6	0.0769230769
28 1 34	0.0819672131
16 25 7	0.2352941176
9 28 11	0.1875000000
28 30 7	0.3076923077
41 30 11	0.1250000000
32 41 34	0.0697674419
41 18 18	0.1250000000
29 9 36	0.1081081081
31 39 31	0.0531914894
33 28 36	0.1666666667
32 25 36	0.1666666667
40 16	0.0833333333
35 1 39	0.0204081633
40 10 31	0.0476190476
31 14 16	0.0555555556
31 41 41	0.0273972603
32 26 4	0.2941176471
35 40 6	0.0833333333
9 35 4	0.1785714286
29 2 31	0.0357142857
31 38 6	0.0416666667
17 14 7	0.0909090909
20 16 31	0.0588235294
6 12 34	0.1666666667
6 11	0.1250000000
28 44 11	0.1000000000
3 26 34	0.0967741935
1 20 37	0.1111111111
32 3 42	0.1000000000
33 45 16	0.0666666667
3 0 11	0.1428571429
30 9 33	0.1818181818
28 19 36	0.1428571429
29 9 11	0.2692307692
29 36 7	0.3076923077
41 5 42	0.1428571429
3 37 11	0.2500000000
16 6 22	0.1666666667
31 40 40	0.1428571429
18 34 36	0.0588235294
32 35 28	0.0714285714
32 1 2	0.1538461538
32 16 7	0.1600000000
17 26 6	0.0714285714
28 16 28	0.0697674419
4 36 34	0.0526315789
31 37 34	0.0909090909
35 9 4	0.1875000000
35 30 41	0.0384615385
3 41 2	0.2000000000
28 14 2	0.1666666667
3 42 12	0.1363636364
18 14 2	0.1666666667
22 43 33	0.1428571429
32 31 34	0.0714285714
32 14 7	0.2307692308
6 34 34	0.1818181818
33 20 16	0.1111111111
13 9 40	0.1428571429
28 25 40	0.2222222222
33 43 16	0.0588235294
31 9 11	0.0388349515
36 15 6	0.1666666667
3 11 12	0.1071428571
3 44 16	0.0476190476
28 41 18	0.0909090909
9 4 11	0.1363636364
32 13 16	0.0333333333
29 16 4	0.3000000000
36 12 2	0.1000000000
3 6 4	0.2258064516
29 31 4	0.1666666667
3 31 4	0.1764705882
28 26 34	0.1052631579
16 0 37	0.2222222222
36 44 18	0.1250000000
10 41 36	0.1052631579
31 2 4	0.1052631579
5 41 11	0.0625000000
41 30 42	0.2500000000
30 39 42	0.1666666667
28 30 34	0.0833333333
40 12 4	0.1250000000
35 2 7	0.2000000000
18 16 4	0.1052631579
40 13 7	0.1818181818
36 32 28	0.0666666667
31 41 18	0.0222222222
29 9 42	0.0833333333
36 1 41	0.0833333333
3 12 11	0.3448275862
28 45 6	0.0625000000
31 18 6	0.0588235294
3 44 36	0.1666666667
29 32 11	0.1333333333
31 5 16	0.0263157895
10 33 7	0.1666666667
3 14 2	0.2500000000
9 27 42	0.2500000000
3 13 39	0.0084033613
9 35 28	0.1000000000
28 12 11	0.3333333333
10 31 11	0.1428571429
31 25 40	0.0909090909
6 7 12	0.1250000000
36 13 34	0.0769230769
3 11 34	0.0666666667
1 3 7	0.1250000000
28 19 11	0.3750000000
17 12 4	0.0833333333
36 28 12	0.1428571429
3 43 31	0.1250000000
28 42 37	0.1000000000
31 3 39	0.0322580645
9 41 12	0.0416666667
3 10 34	0.1666666667
29 35 37	0.0909090909
4 17 7	0.2307692308
41 4 4	0.1111111111
33 25 11	0.1764705882
3 18 16	0.0857142857
36 16 11	0.1250000000
33 25 42	0.2500000000
31 1 16	0.0135135135
9 13 16	0.0270270270
32 10 4	0.2272727273
32 5 18	0.1818181818
9 3 42	0.1428571429
17 6 7	0.1250000000
29 25 11	0.2222222222
13 6 4	0.1666666667
32 5 28	0.1000000000
15 1 39	0.0344827586
3 40 40	0.0909090909
3 30 34	0.1290322581
29 5 7	0.1666666667
31 25 11	0.0793650794
16 5 11	0.1666666667
9 29 11	0.1666666667
31 16 4	0.0769230769
6 37 7	0.3333333333
29 8 39	0.0344827586
32 5 33	0.1428571429
32 38 36	0.0625000000
22 9 7	0.2000000000
17 39 11	0.1851851852
9 18 11	0.1666666667
32 0 39	0.0243902439
41 34 34	0.2631578947
9 41 7	0.2727272727
1 9 4	0.1250000000
32 4 11	0.1333333333
6 30 42	0.3333333333
17 12 28	0.1428571429
10 12 4	0.2307692308
31 30 16	0.0235294118
31 30 34	0.0500000000
6 16 22	0.1666666667
32 13 11	0.0909090909
4 32 11	0.1666666667
31 42 12	0.1250000000
31 25 34	0.0352941176
40 38 34	0.0714285714
9 2 42	0.1666666667
4 16 33	0.1111111111
30 32 4	0.1428571429
16 25 34	0.0555555556
17 28 12	0.1250000000
6 3 4	0.1250000000
28 41 4	0.2580645161
35 4 12	0.1111111111
18 28 36	0.1666666667
9 31 7	0.1538461538
32 33 42	0.2500000000
5 15 6	0.1250000000
9 0 39	0.0937500000
32 37 39	0.0526315789
29 5 37	0.0666666667
16 14 16	0.0681818182
35 30 16	0.0285714286
18 15 12	0.1250000000
36 16 16	0.0500000000
35 33 34	0.0666666667
17 11 39	0.0869565217
10 9 4	0.1000000000
31 39 16	0.0178571429
1 25 29	0.0625000000
20 14 41	0.1111111111
10 32 4	0.1250000000
32 21 42	0.1666666667
41 7 12	0.0833333333
28 28 39	0.0937500000
3 11 7	0.1250000000
5 32 28	0.0769230769
35 42 31	0.1250000000
17 5 6	0.0909090909
41 41 41	0.0322580645
31 9 42	0.0363636364
18 39 4	0.1818181818
10 29 7	0.3846153846
35 39 11	0.0833333333
15 16 11	0.1538461538
3 4 31	0.0416666667
40 7 28	0.0555555556
41 36 40	0.2000000000
31 16 16	0.0204081633
40 41 36	0.0370370370
32 5 7	0.0434782609
28 28 16	0.0789473684
16 30 16	0.0689655172
1 18 34	0.0625000000
5 9 18	0.1428571429
3 37 42	0.1538461538
31 33 31	0.0232558140
17 10 31	0.0476190476
33 37 40	0.1428571429
3 12 42	0.1818181818
28 5 7	0.0952380952
3 40 12	0.1333333333
15 0 18	0.1428571429
31 26 11	0.0689655172
32 4 42	0.1428571429
41 14 6	0.1666666667
32 6 12	0.1515151515
17 11 16	0.0588235294
40 35 16	0.1250000000
30 3 34	0.0666666667
32 9 31	0.0465116279
36 6 34	0.0416666667
16 39 31	0.0357142857
40 43 7	0.0909090909
41 12 7	0.2000000000
32 28 11	0.1363636364
18 9 36	0.1428571429
29 30 12	0.2857142857
30 29 7	0.2500000000
36 4 34	0.1666666667
3 38 36	0.1250000000
32 0 16	0.0571428571
40 5 41	0.1000000000
17 16 42	0.2500000000
3 43 16	0.0454545455
9 5 4	0.1250000000
31 11 12	0.1428571429
30 12 4	0.2000000000
16 36 42	0.1111111111
16 33 4	0.1250000000
9 12 41	0.0555555556
32 8 11	0.1176470588
41 42 11	0.1000000000
28 37 11	0.2941176471
31 33 4	0.0588235294
35 5 41	0.0526315789
16 6 29	0.0232558140
31 1 7	0.1250000000
18 30 34	0.0909090909
32 2 11	0.1111111111
10 41 11	0.1739130435
20 11 11	0.1666666667
32 31 7	0.2222222222
9 31 34	0.0847457627
28 18 31	0.0800000000
20 6 4	0.1111111111
35 18 7	0.1428571429
6 4 28	0.0714285714
5 11 39	0.0666666667
15 6 11	0.1250000000
30 41 36	0.0666666667
31 16 6	0.0681818182
13 13 36	0.1111111111
36 14 34	0.0312500000
40 16 36	0.0625000000
32 39 36	0.0277777778
9 9 41	0.0116279070
1 3 34	0.0666666667
32 35 2	0.0833333333
3 27 6	0.0526315789
33 16 4	0.1111111111
33 5 12	0.1250000000
9 9 6	0.0425531915
17 26 31	0.0645161290
3 37 40	0.1428571429
32 39 34	0.0689655172
15 7 4	0.2500000000
30 31 16	0.0526315789
41 2 29	0.2000000000
32 28 42	0.1111111111
41 14 41	0.1025641026
28 42 12	0.2941176471
17 8 12	0.0769230769
3 1 7	0.3125000000
20 11 42	0.1428571429
5 15 16	0.0909090909
20 12 34	0.0666666667
32 32 6	0.1052631579
16 19 7	0.1666666667
28 37 42	0.2222222222
10 6 42	0.1000000000
18 25 42	0.2500000000
41 11 16	0.0277777778
41 1 36	0.0909090909
35 14 11	0.1111111111
20 4 4	0.2142857143
41 0 37	0.1000000000
41 0 7	0.1666666667
36 31 40	0.1428571429
29 36 34	0.1304347826
40 1 6	0.1428571429
35 2 34	0.0769230769
36 14 36	0.0526315789
32 32 36	0.2000000000
1 9 2	0.0833333333
41 0 34	0.1000000000
9 31 37	0.0204081633
18 20 16	0.1111111111
20 32 34	0.1428571429
16 36 40	0.1428571429
36 38 7	0.3333333333
40 34 29	0.0833333333
32 30 4	0.2000000000
3 38 39	0.0500000000
1 33 12	0.1428571429
29 23 6	0.1428571429
40 36 16	0.0666666667
30 37 4	0.1111111111
32 34 22	0.2857142857
3 12 16	0.0196078431
9 32 36	0.2727272727
35 31 11	0.1428571429
6 27 29	0.2222222222
6 30 11	0.1666666667
32 16 12	0.0333333333
32 38 11	0.1818181818
32 36 2	0.1666666667
16 5 16	0.0312500000
32 14 34	0.1000000000
20 41 39	0.0588235294
35 5 31	0.0500000000
3 41 4	0.1764705882
35 36 41	0.1428571429
29 16 33	0.1111111111
35 18 34	0.1666666667
18 18 16	0.0500000000
30 16 36	0.0476190476
5 37 2	0.1666666667
35 27 7	0.1428571429
28 28 22	0.1666666667
40 43 36	0.0714285714
36 3 37	0.1666666667
31 5 36	0.1111111111
32 34 41	0.0178571429
41 43 33	0.1428571429
9 0 16	0.0857142857
18 8 22	0.1666666667
41 18 33	0.1428571429
35 39 40	0.1250000000
10 40 16	0.1250000000
31 30 7	0.0555555556
3 12 36	0.1034482759
40 18 37	0.1428571429
5 6 34	0.1000000000
31 25 36	0.0344827586
6 10 11	0.1250000000
35 30 39	0.0200000000
36 12 18	0.1000000000
35 16 11	0.0909090909
32 27 36	0.0666666667
9 41 34	0.0555555556
3 36 37	0.1333333333
31 18 41	0.0217391304
6 1 11	0.1000000000
29 1 37	0.1764705882
6 14 41	0.1875000000
28 43 16	0.0434782609
18 25 11	0.1764705882
4 8 16	0.0370370370
29 28 6	0.0555555556
6 16 16	0.0416666667
29 16 2	0.0833333333
15 34 4	0.1428571429
41 15 34	0.0769230769
4 31 4	0.1000000000
3 37 16	0.0138888889
4 28 41	0.0526315789
28 39 29	0.0909090909
41 1 11	0.2500000000
13 41 33	0.0909090909
4 12 40	0.1428571429
32 10 29	0.0909090909
32 37 41	0.0476190476
13 41 4	0.2000000000
28 38 6	0.0476190476
32 12 41	0.0714285714
10 37 28	0.0555555556
32 13 36	0.0833333333
31 14 2	0.0833333333
10 14 11	0.1111111111
30 20 37	0.1111111111
30 8 34	0.1111111111
32 5 34	0.0256410256
3 8 16	0.0769230769
17 16 11	0.2000000000
17 25 4	0.1428571429
10 5 16	0.0277777778
3 30 37	0.0312500000
9 37 31	0.0625000000
29 23 31	0.0666666667
41 15 7	0.1428571429
35 5 6	0.0333333333
40 27 34	0.1111111111
35 12 29	0.1428571429
28 33 6	0.0526315789
32 34 39	0.0208333333
9 10 4	0.1111111111
6 13 2	0.1000000000
28 13 36	0.1428571429
3 19 36	0.0588235294
6 0 34	0.1000000000
29 18 41	0.0833333333
3 13 41	0.0389610390
18 11 34	0.0740740741
32 20 16	0.0555555556
29 31 33	0.1111111111
9 28 42	0.1666666667
30 39 36	0.0500000000
16 17 11	0.2222222222
18 11 7	0.1428571429
32 15 28	0.0526315789
17 26 41	0.0256410256
4 31 33	0.1111111111
3 11 37	0.1219512195
28 12 36	0.1333333333
9 3 11	0.2727272727
10 41 42	0.0833333333
36 6 11	0.0416666667
3 31 28	0.0476190476
31 43 41	0.0500000000
31 0 37	0.1304347826
41 28 4	0.2000000000
40 16 11	0.0833333333
29 3 16	0.0526315789
30 25 28	0.0476190476
16 8 4	0.1000000000
13 41 18	0.1000000000
1 16 42	0.1666666667
20 9 7	0.1818181818
40 26 4	0.1111111111
6 37 34	0.1052631579
15 32 28	0.1250000000
1 30 31	0.0769230769
30 30 31	0.0769230769
4 28 6	0.2500000000
40 16 42	0.1818181818
17 38 7	0.1666666667
30 39 11	0.0769230769
17 13 34	0.0833333333
35 11 31	0.1250000000
29 25 36	0.1111111111
35 13 34	0.1428571429
15 1 16	0.0416666667
41 33 4	0.1666666667
16 14 41	0.0526315789
31 38 29	0.0625000000
10 14 36	0.1052631579
1 39 11	0.0769230769
10 36 16	0.0333333333
16 39 6	0.1363636364
31 7 34	0.0833333333
32 9 6	0.0600000000
5 41 40	0.1428571429
22 14 16	0.0500000000
35 5 16	0.0363636364
16 7 34	0.1666666667
22 32 34	0.1428571429
30 25 29	0.0625000000
41 38 4	0.1250000000
30 26 22	0.1666666667
5 33 37	0.1428571429
20 36 42	0.1428571429
32 18 40	0.1250000000
3 16 28	0.0571428571
9 27 11	0.2000000000
10 4 7	0.1428571429
40 25 33	0.1000000000
36 27 7	0.1666666667
31 38 41	0.0312500000
30 27 37	0.0909090909
36 2 34	0.1000000000
10 31 16	0.0270270270
40 14 16	0.0277777778
3 44 11	0.2222222222
1 11 16	0.0625000000
28 11 34	0.1250000000
35 33 12	0.1333333333
10 6 12	0.0285714286
36 1 16	0.0666666667
3 13 6	0.0163934426
17 38 34	0.0689655172
1 25 2	0.0588235294
13 42 12	0.1428571429
10 27 37	0.0714285714
41 19 7	0.1666666667
41 11 11	0.1578947368
36 33 7	0.1666666667
6 1 36	0.1176470588
31 5 7	0.0645161290
3 7 11	0.0555555556
16 9 7	0.1052631579
31 30 11	0.0606060606
36 25 28	0.1428571429
9 33 36	0.0909090909
15 31 42	0.1000000000
32 27 16	0.0408163265
9 4 42	0.3333333333
6 12 7	0.3636363636
31 13 16	0.0500000000
31 44 7	0.0833333333
31 30 37	0.0645161290
32 41 7	0.1764705882
4 32 42	0.1666666667
9 7 22	0.2857142857
41 17 40	0.1428571429
13 1 7	0.1428571429
17 39 16	0.0232558140
36 12 33	0.1428571429
4 17 34	0.0952380952
36 29 34	0.1176470588
33 16 7	0.0344827586
40 7 4	0.1578947368
16 19 37	0.0714285714
28 44 16	0.0270270270
36 19 18	0.1428571429
28 33 41	0.0588235294
30 36 41	0.0434782609
1 25 4	0.0769230769
31 39 39	0.0208333333
13 25 11	0.1428571429
30 18 7	0.1818181818
40 2 7	0.1666666667
35 29 7	0.1666666667
31 36 42	0.0625000000
29 16 18	0.0714285714
4 43 41	0.1111111111
29 28 36	0.2500000000
16 38 4	0.1578947368
31 43 4	0.2000000000
36 36 39	0.0526315789
1 36 41	0.0588235294
35 18 12	0.0555555556
10 5 6	0.0666666667
31 41 33	0.0333333333
41 41 39	0.0212765957
13 9 11	0.0869565217
6 34 12	0.0909090909
35 37 4	0.1666666667
10 29 34	0.2727272727
29 33 39	0.0344827586
41 37 7	0.2500000000
32 9 41	0.0095238095
4 16 4	0.0909090909
32 14 37	0.0645161290
15 29 7	0.1666666667
9 9 16	0.0256410256
28 44 36	0.0952380952
10 8 34	0.0384615385
3 2 6	0.0526315789
3 6 29	0.0606060606
16 11 11	0.1428571429
31 16 31	0.0909090909
18 26 34	0.0833333333
29 32 36	0.1538461538
18 18 6	0.0555555556
9 8 16	0.0454545455
28 11 37	0.0625000000
9 27 16	0.0338983051
3 13 36	0.1176470588
31 25 42	0.0571428571
16 5 42	0.2500000000
17 19 33	0.1111111111
4 3 6	0.0909090909
29 14 2	0.1666666667
28 38 39	0.0740740741
33 6 4	0.1250000000
13 39 31	0.0588235294
17 19 18	0.1428571429
32 9 16	0.0379746835
40 25 18	0.1428571429
31 13 39	0.0277777778
15 35 6	0.1333333333
30 9 4	0.1250000000
5 16 11	0.1818181818
29 17 7	0.1666666667
20 41 31	0.0344827586
17 16 36	0.0714285714
35 45 37	0.1111111111
28 18 16	0.0196078431
36 41 40	0.1111111111
10 6 11	0.0869565217
5 41 42	0.1111111111
3 5 7	0.0454545455
18 45 39	0.0588235294
13 11 12	0.1428571429
28 45 16	0.1333333333
16 39 36	0.1428571429
22 17 11	0.1111111111
28 27 41	0.0769230769
35 16 40	0.2000000000
29 27 37	0.1428571429
1 16 36	0.0500000000
35 6 40	0.1250000000
4 9 11	0.2500000000
35 38 7	0.1111111111
31 13 18	0.0434782609
6 2 4	0.1428571429
3 1 34	0.0714285714
28 18 39	0.0512820513
41 3 4	0.2000000000
18 2 31	0.0555555556
3 18 39	0.0937500000
13 13 16	0.0555555556
4 10 12	0.1666666667
1 9 33	0.1111111111
33 9 36	0.1428571429
35 25 4	0.2222222222
1 9 18	0.1000000000
6 38 7	0.1666666667
29 5 34	0.0769230769
3 27 31	0.0357142857
3 8 6	0.0714285714
6 41 6	0.0476190476
15 1 6	0.0666666667
31 44 34	0.0333333333
40 30 12	0.0714285714
30 41 42	0.1000000000
31 19 34	0.0500000000
36 31 11	0.0666666667
22 36 42	0.1250000000
31 5 34	0.0192307692
3 38 41	0.0714285714
40 27 7	0.2222222222
33 43 22	0.1666666667
10 12 33	0.0714285714
3 30 7	0.1666666667
35 33 7	0.1250000000
3 16 29	0.0588235294
31 30 12	0.0232558140
40 30 39	0.0322580645
36 14 11	0.0500000000
5 16 42	0.1666666667
35 41 40	0.1000000000
31 17 11	0.0625000000
16 5 36	0.1176470588
5 35 31	0.0322580645
18 16 28	0.0454545455
40 1 39	0.0370370370
9 16 7	0.2857142857
10 9 29	0.1666666667
40 45 37	0.1428571429
17 33 34	0.2500000000
36 40 6	0.0909090909
18 16 7	0.0204081633
5 16 36	0.0833333333
31 34 34	0.0909090909
5 8 37	0.1000000000
28 33 31	0.0285714286
36 32 4	0.1250000000
36 37 4	0.1111111111
32 43 40	0.1428571429
32 26 18	0.0769230769
4 6 28	0.1428571429
31 3 16	0.0312500000
17 20 7	0.2857142857
1 18 7	0.1111111111
29 32 42	0.1428571429
33 11 34	0.0666666667
41 41 31	0.0169491525
31 12 12	0.0384615385
35 15 16	0.1111111111
18 7 11	0.1428571429
30 9 18	0.1666666667
9 14 7	0.2222222222
18 26 37	0.0625000000
16 6 4	0.0476190476
10 9 18	0.1000000000
5 11 6	0.1428571429
29 37 40	0.1250000000
28 41 33	0.1052631579
20 3 29	0.1428571429
36 19 33	0.1428571429
28 36 37	0.0625000000
17 14 16	0.0416666667
3 41 37	0.0294117647
6 34 37	0.0666666667
9 37 6	0.1176470588
40 20 7	0.1666666667
3 26 7	0.1538461538
32 39 37	0.0357142857
32 26 33	0.1111111111
5 9 33	0.1000000000
9 31 12	0.0232558140
30 9 2	0.0555555556
3 43 41	0.0869565217
36 36 41	0.1250000000
36 12 4	0.2222222222
30 29 34	0.1428571429
41 34 12	0.1111111111
9 9 31	0.0227272727
22 11 11	0.1250000000
5 11 41	0.1428571429
4 3 39	0.0833333333
28 13 41	0.0185185185
17 39 42	0.0909090909
10 37 2	0.1250000000
6 41 39	0.0312500000
17 37 4	0.0833333333
40 13 34	0.1176470588
16 16 6	0.1176470588
30 33 12	0.1428571429
41 13 2	0.1818181818
36 6 7	0.0625000000
29 10 12	0.1000000000
16 43 4	0.1428571429
31 39 29	0.0312500000
18 16 36	0.0833333333
5 29 7	0.1428571429
22 16 6	0.1250000000
28 38 36	0.0769230769
1 39 42	0.1666666667
9 13 36	0.0588235294
35 45 34	0.1000000000
32 34 16	0.0163934426
31 38 22	0.1666666667
35 19 2	0.1666666667
3 19 11	0.1111111111
10 27 34	0.1428571429
9 5 18	0.1428571429
9 5 33	0.1428571429
30 25 2	0.0588235294
17 6 34	0.0769230769
16 34 12	0.0555555556
28 19 16	0.0400000000
17 8 34	0.1000000000
28 43 41	0.0769230769
6 16 6	0.0454545455
16 44 37	0.1111111111
35 38 34	0.0526315789
17 7 4	0.1111111111
40 16 40	0.1428571429
13 19 16	0.0714285714
5 29 34	0.2500000000
31 10 11	0.0769230769
32 28 40	0.1111111111
4 31 29	0.0909090909
31 18 4	0.0909090909
10 18 7	0.1428571429
3 37 36	0.0294117647
10 41 40	0.1111111111
41 45 2	0.1666666667
5 9 4	0.0909090909
16 18 28	0.1111111111
41 31 22	0.1666666667
9 32 16	0.0188679245
40 41 11	0.1666666667
30 18 34	0.0625000000
30 41 11	0.1052631579
13 30 37	0.1111111111
30 11 16	0.0625000000
31 9 28	0.0344827586
6 41 37	0.0666666667
32 6 34	0.0666666667
16 17 36	0.1111111111
30 45 37	0.1000000000
28 5 34	0.0277777778
13 5 7	0.2000000000
40 30 6	0.0588235294
3 27 39	0.0555555556
9 33 11	0.1818181818
30 9 29	0.1818181818
35 40 16	0.0434782609
40 33 34	0.1428571429
17 38 37	0.0357142857
36 16 42	0.1428571429
40 5 39	0.0500000000
6 14 6	0.1333333333
35 38 37	0.0400000000
31 25 7	0.0454545455
3 5 31	0.0344827586
9 18 16	0.0434782609
15 0 33	0.1428571429
36 9 28	0.0769230769
16 16 36	0.1000000000
3 41 18	0.0526315789
1 36 6	0.0833333333
32 37 6	0.0416666667
29 17 34	0.1428571429
15 8 7	0.1666666667
1 9 29	0.1111111111
33 9 11	0.0909090909
31 12 7	0.1111111111
36 8 7	0.1428571429
4 36 7	0.0909090909
5 29 12	0.0769230769
9 37 41	0.0666666667
35 14 36	0.1250000000
33 18 6	0.0833333333
29 39 29	0.1250000000
29 18 6	0.0666666667
35 43 7	0.1428571429
22 31 41	0.0526315789
3 3 22	0.1666666667
15 31 11	0.0384615385
3 14 18	0.1250000000
41 10 11	0.1250000000
30 6 11	0.0909090909
1 5 41	0.0666666667
31 36 36	0.0833333333
4 1 37	0.1666666667
10 17 39	0.1000000000
30 37 28	0.1111111111
32 26 28	0.0769230769
36 2 7	0.1250000000
29 33 16	0.0333333333
9 29 42	0.1666666667
36 42 31	0.1250000000
35 16 36	0.0740740741
10 40 36	0.1666666667
1 5 22	0.1666666667
22 36 36	0.0769230769
31 17 40	0.1428571429
35 36 6	0.1428571429
6 4 4	0.1250000000
10 37 4	0.1000000000
32 34 31	0.0117647059
40 34 4	0.0909090909
10 12 18	0.0909090909
3 14 33	0.1111111111
9 12 31	0.0769230769
9 32 6	0.0370370370
31 41 39	0.0117647059
6 2 29	0.1250000000
30 36 6	0.0454545455
13 19 36	0.1428571429
33 12 40	0.1428571429
10 9 33	0.0909090909
31 28 28	0.0666666667
31 26 42	0.0666666667
3 36 12	0.0909090909
18 12 40	0.1428571429
31 13 33	0.0714285714
1 25 28	0.0476190476
29 41 28	0.0769230769
30 43 7	0.0714285714
30 25 4	0.0769230769
1 39 36	0.0500000000
35 7 4	0.1000000000
41 6 42	0.1111111111
31 44 16	0.0384615385
30 41 40	0.1111111111
18 30 7	0.1428571429
28 13 16	0.0135135135
9 11 2	0.0909090909
41 34 7	0.0909090909
35 5 36	0.1000000000
9 12 6	0.0476190476
31 39 6	0.0119047619
18 9 11	0.0909090909
31 36 40	0.0714285714
41 11 42	0.1250000000
32 35 4	0.1428571429
16 12 34	0.1428571429
1 41 40	0.1428571429
32 41 37	0.0645161290
40 39 11	0.2000000000
13 6 22	0.1666666667
17 39 40	0.1428571429
4 35 34	0.1666666667
17 9 28	0.0833333333
13 5 34	0.1000000000
32 12 6	0.0434782609
30 43 34	0.0322580645
36 38 34	0.1666666667
13 33 31	0.1250000000
40 26 31	0.0476190476
32 37 31	0.0588235294
28 16 29	0.0500000000
41 2 4	0.1428571429
16 13 2	0.1666666667
17 3 12	0.1428571429
32 6 40	0.0454545455
9 15 28	0.0833333333
32 3 40	0.1250000000
16 7 12	0.1111111111
41 37 34	0.0714285714
36 9 4	0.1250000000
33 25 36	0.0714285714
3 27 36	0.0909090909
31 41 4	0.1052631579
18 25 36	0.0714285714
36 44 33	0.1428571429
6 16 36	0.1000000000
41 39 6	0.1666666667
4 8 39	0.0400000000
32 39 7	0.1333333333
40 43 37	0.0909090909
31 19 36	0.1111111111
41 27 29	0.1428571429
10 36 6	0.0555555556
6 41 31	0.0243902439
13 13 39	0.0500000000
36 36 16	0.0555555556
31 34 37	0.0294117647
3 33 39	0.0769230769
32 45 16	0.0588235294
13 9 42	0.1818181818
35 16 42	0.0588235294
40 1 41	0.1250000000
1 45 37	0.1000000000
6 36 40	0.1250000000
32 25 31	0.0714285714
35 1 16	0.0294117647
33 26 34	0.1428571429
15 29 34	0.1428571429
9 14 34	0.0555555556
18 36 7	0.0909090909
40 30 41	0.0500000000
31 38 16	0.0117647059
35 8 7	0.1428571429
9 10 29	0.1111111111
41 37 37	0.0588235294
35 8 34	0.0714285714
18 18 31	0.0526315789
41 30 36	0.1111111111
22 8 18	0.1428571429
3 15 12	0.2222222222
29 25 16	0.0434782609
9 1 2	0.1428571429
31 39 36	0.0357142857
28 10 7	0.1428571429
10 43 7	0.1000000000
30 35 22	0.1666666667
30 6 12	0.0588235294
33 36 7	0.0909090909
29 31 18	0.1000000000
41 44 7	0.1666666667
31 8 4	0.0666666667
35 29 12	0.0555555556
29 43 41	0.0434782609
28 6 6	0.0156250000
10 43 34	0.0555555556
31 34 12	0.0333333333
10 36 41	0.0625000000
3 13 16	0.0210526316
4 31 18	0.1111111111
13 25 42	0.1000000000
15 1 41	0.0769230769
9 27 36	0.0666666667
40 30 31	0.0555555556
17 43 37	0.1250000000
31 9 36	0.0250000000
40 28 12	0.1250000000
31 19 16	0.0500000000
22 41 39	0.0416666667
9 2 11	0.1666666667
29 38 41	0.1111111111
28 12 42	0.1250000000
16 43 28	0.1250000000
15 14 34	0.0666666667
33 18 16	0.0769230769
17 41 40	0.1428571429
10 6 40	0.1111111111
4 30 37	0.0666666667
20 8 18	0.1428571429
36 36 6	0.1428571429
30 16 42	0.1666666667
17 30 41	0.0769230769
20 40 40	0.1428571429
32 33 11	0.0500000000
36 26 31	0.0555555556
13 25 40	0.1428571429
33 2 31	0.0555555556
10 5 39	0.0555555556
15 31 40	0.1250000000
9 32 31	0.0384615385
31 1 37	0.0333333333
40 3 12	0.0714285714
32 9 36	0.0909090909
9 41 37	0.0270270270
40 2 34	0.1428571429
36 29 12	0.0666666667
33 45 39	0.0714285714
35 13 37	0.0714285714
31 13 36	0.0625000000
4 16 18	0.1428571429
33 26 37	0.0714285714
29 6 28	0.1250000000
32 8 42	0.1250000000
15 35 41	0.0312500000
29 3 36	0.1250000000
31 41 22	0.1666666667
36 39 11	0.1111111111
32 16 37	0.0212765957
31 3 36	0.0666666667
35 35 31	0.0476190476
40 0 2	0.1000000000
30 3 7	0.1250000000
32 5 4	0.0555555556
32 39 12	0.0434782609
36 14 7	0.0714285714
18 5 12	0.1250000000
3 41 33	0.0555555556
5 31 11	0.1000000000
4 9 36	0.06666666