0	0.0000000000
1	0.0000000000
2	0.0000000000
3	0.0000000000
4	0.0000000000
5	0.0000000000
6	0.0000000000
7	0.0000000000
8	0.0000000000
9	0.0000000000
10	0.0000000000
11	0.0000000000
12	0.0000000000
13	0.0000000000
14	0.0000000000
15	0.0000000000
16	0.0000000000
17	0.0000000000
18	0.0000000000
19	0.0000000000
20	0.0000000000
21	0.0000000000
22	0.0000000000
24	0.0000000000
25	0.0000000000
26	0.0000000000
27	0.0000000000
28	0.0000000000
29	0.0000000000
30	0.0000000000
31	0.0000000000
32	0.0000000000
33	0.0000000000
34	0.0000000000
35	0.0000000000
36	0.0000000000
37	0.0000000000
38	0.0000000000
39	0.0000000000
40	0.0000000000
41	0.0000000000
42	0.0000000000
43	0.0000000000
44	0.0000000000
45	0.0000000000
46	0.0000000000
47	0.0000000000
48	0.0000000000
49	0.0000000000
50	0.0000000000
8 40	0.1666666667
32 16	0.1470588235
2 17	0.1111111111
9 38 32	0.1714285714
30 40 27	0.1250000000
41 7	0.0909090909
31 32	0.2500000000
16 31 39	0.0666666667
31 31 33	0.0454545455
4 15	0.2000000000
29 9 32	0.2000000000
8 39 41	0.0808823529
30 43	0.0526315789
5 28	0.1250000000
8 9	0.1000000000
41 9	0.0370370370
16 34 40	0.1600000000
30 3	0.0833333333
16 32	0.2500000000
8 5	0.0416666667
30 4 35	0.0833333333
9 41	0.1060606061
31 31 39	0.0461538462
4 5	0.0769230769
5 18	0.1428571429
14 37	0.1875000000
37 16	0.1111111111
28 25 7	0.0625000000
6 32	0.0526315789
33 39 41	0.0769230769
36 40 41	0.1000000000
9 39	0.0400000000
8 26	0.0909090909
9 16	0.1298701299
1 16 32	0.1282051282
35 3	0.0666666667
9 29 32	0.0483870968
9 6	0.0666666667
27 18	0.1000000000
31 25	0.0769230769
15 42 6	0.1111111111
36 5 18	0.1538461538
32 10 41	0.1063829787
33 25 32	0.2000000000
32 16 10	0.2244897959
31 9	0.1363636364
16 9	0.0952380952
32 4 32	0.1333333333
4 16 6	0.0937500000
23 35	0.0666666667
33 25 25	0.1818181818
4 40	0.2000000000
14 9	0.0322580645
33 26 5	0.0454545455
9 9 27	0.0535714286
31 28 34	0.0344827586
37 39	0.1250000000
4 28 33	0.0909090909
9 0 28	0.1538461538
29 31 41	0.0869565217
35 9 6	0.0769230769
30 14 37	0.1000000000
32 6 15	0.2000000000
23 27 38	0.0833333333
5 28 10	0.2000000000
14 36 7	0.1219512195
32 0 18	0.1521739130
6 7	0.1000000000
16 12 40	0.2307692308
23 10	0.1250000000
3 15	0.1111111111
16 35 7	0.0526315789
30 35 4	0.0714285714
14 9 30	0.0813953488
4 35	0.1176470588
31 14 28	0.1250000000
29 29 28	0.1250000000
29 32 34	0.0338983051
32 8 32	0.0370370370
17 4	0.0909090909
8 39 39	0.0961538462
9 30 39	0.1086956522
46 14 16	0.1428571429
27 43	0.0833333333
32 6	0.0526315789
28 7 9	0.0481927711
32 41	0.0555555556
2 17 26	0.2307692308
33 40	0.1250000000
41 37 26	0.0571428571
27 11 27	0.0769230769
9 1 16	0.1181818182
31 13 16	0.1694915254
37 28 25	0.1666666667
41 0 40	0.2272727273
33 19 38	0.1111111111
16 6 23	0.4444444444
36 0 39	0.2142857143
28 34 37	0.1951219512
31 12 40	0.2000000000
4 9 37	0.0526315789
29 35	0.0833333333
32 35 16	0.2857142857
31 38 41	0.0600000000
5 44 16	0.1666666667
30 36 2	0.0714285714
31 10 32	0.1282051282
16 31 38	0.0434782609
32 34 28	0.1621621622
28 25	0.0909090909
9 43 37	0.1600000000
9 2 9	0.1612903226
31 30 41	0.0196078431
31 39	0.0476190476
35 19 41	0.0769230769
41 32	0.0555555556
8 8 4	0.1500000000
17 30 32	0.0714285714
17 0 39	0.1250000000
14 9 25	0.0238095238
16 29 41	0.1666666667
2 31 39	0.2500000000
36 2	0.1428571429
15 42 38	0.1538461538
16 1 9	0.0425531915
9 28 32	0.0380952381
17 30 33	0.1111111111
41 7 5	0.0666666667
31 2 16	0.1627906977
32 37 2	0.1500000000
16 2 41	0.1000000000
37 37 28	0.0909090909
30 13 26	0.1200000000
9 10 41	0.0825688073
10 17 2	0.1666666667
29 5	0.0714285714
35 26 3	0.1428571429
9 31 15	0.1212121212
29 15	0.1250000000
23 3 4	0.0555555556
28 10	0.1538461538
9 0 18	0.1250000000
29 32 9	0.1562500000
10 17 38	0.0833333333
9 37 6	0.0138888889
23 31 38	0.0454545455
31 27 39	0.1785714286
17 27	0.1428571429
31 1 25	0.1333333333
28 30	0.0454545455
31 37 15	0.1000000000
5 12 6	0.0454545455
29 29 29	0.0869565217
4 11 26	0.2857142857
3 34 34	0.0833333333
36 13 40	0.0666666667
31 18 39	0.1666666667
6 14 6	0.0769230769
17 37 16	0.1818181818
5 8 40	0.0833333333
35 36 18	0.0588235294
32 8 7	0.0285714286
15 30 2	0.1111111111
36 4 35	0.0769230769
30 29 15	0.1250000000
30 9 16	0.1447368421
31 25 6	0.0256410256
41 10 32	0.1186440678
10 28	0.1000000000
23 1 5	0.2105263158
30 31 32	0.0740740741
6 29 16	0.1071428571
16 27 6	0.1290322581
36 16 7	0.1428571429
31 32 10	0.1666666667
35 25 16	0.0384615385
31 35 34	0.0222222222
14 37 35	0.0571428571
16 29 31	0.0769230769
9 14 26	0.0747126437
32 37 6	0.0400000000
9 7 28	0.1071428571
36 29 5	0.1428571429
4 36 26	0.2500000000
41 3 39	0.0500000000
31 9 30	0.0454545455
28 42 9	0.0714285714
1 39 9	0.0166666667
16 38 39	0.1000000000
36 36 27	0.1250000000
40 37 16	0.1818181818
36 26 27	0.1111111111
17 33 5	0.1666666667
41 39 6	0.0459770115
1 9 6	0.0689655172
3 10	0.0555555556
16 12 15	0.1250000000
16 45 39	0.1000000000
31 27 6	0.0833333333
33 43 5	0.0416666667
16 10 9	0.0833333333
28 28 5	0.0384615385
29 33 6	0.0454545455
30 25 16	0.1466666667
1 9 41	0.0612244898
35 3 35	0.0588235294
9 26 41	0.0873015873
23 18 18	0.0769230769
15 16 32	0.0384615385
27 5 3	0.0555555556
33 16 39	0.1935483871
1 18	0.0833333333
31 10 37	0.1333333333
32 10 16	0.0851063830
9 16 15	0.0439560440
4 6 18	0.1000000000
23 30 26	0.2105263158
9 27 32	0.1818181818
9 39 10	0.1296296296
30 36 27	0.0625000000
27 26 28	0.1153846154
9 31 40	0.1739130435
16 30 37	0.0769230769
16 25	0.0714285714
23 41 39	0.0754716981
9 37 27	0.0400000000
37 20 25	0.1000000000
2 18 39	0.0454545455
32 31 10	0.1555555556
32 3 7	0.1153846154
29 16 39	0.2222222222
23 15 15	0.2000000000
16 18 16	0.1363636364
28 10 5	0.1333333333
10 4	0.1428571429
16 32 25	0.0555555556
16 4 6	0.1578947368
3 10 32	0.0344827586
35 5 28	0.1904761905
37 38 32	0.1333333333
4 31 39	0.1643835616
40 39 9	0.1052631579
33 16 16	0.1250000000
6 34 26	0.1176470588
30 26 28	0.1304347826
41 10 9	0.0606060606
16 16 38	0.0727272727
9 1 6	0.1168831169
28 7 37	0.1000000000
31 7	0.0476190476
21 8 3	0.2500000000
16 6 4	0.1282051282
28 36	0.1000000000
34 20	0.1666666667
35 31	0.0370370370
35 29	0.2307692308
35 4	0.1333333333
32 34 29	0.0689655172
14 5 37	0.1538461538
35 28 11	0.0909090909
30 43 36	0.1428571429
3 30 11	0.2413793103
15 28	0.0833333333
6 17 34	0.1250000000
7 20	0.1666666667
9 9 29	0.2187500000
9 40 41	0.0425531915
8 34 37	0.2222222222
31 34	0.0370370370
27 10	0.1111111111
5 6 36	0.0416666667
28 11	0.0714285714
41 35 34	0.0454545455
16 7	0.0588235294
3 12 7	0.1379310345
35 37 6	0.0666666667
3 12 34	0.0847457627
16 34	0.0434782609
14 16 29	0.1666666667
32 25 28	0.0588235294
41 43 41	0.0161290323
21 27 28	0.0625000000
31 37 11	0.1200000000
14 16 31	0.0215053763
43 25 34	0.1333333333
9 40 20	0.1250000000
40 10 4	0.1428571429
3 36	0.0769230769
6 5 37	0.1578947368
28 5 11	0.1538461538
21 10	0.1111111111
32 9 29	0.2500000000
41 38 41	0.0882352941
23 9 7	0.1818181818
31 42 37	0.0833333333
32 38 34	0.0731707317
9 31 36	0.0615384615
43 30	0.1111111111
3 9 37	0.1666666667
1 16 7	0.0810810811
23 46 31	0.0625000000
41 41 28	0.0769230769
9 11 16	0.1549295775
8 5 10	0.1785714286
41 32 36	0.1500000000
30 39 10	0.0357142857
3 11	0.0714285714
35 38 11	0.1666666667
41 29 16	0.1363636364
14 34	0.1250000000
8 0 37	0.2142857143
15 2 36	0.1666666667
41 13 41	0.1406250000
32 39 11	0.0952380952
16 9 11	0.0645161290
41 9 36	0.2222222222
8 38 4	0.1304347826
7 30 16	0.0625000000
43 10	0.1666666667
41 37	0.0384615385
9 32 21	0.1666666667
9 25 3	0.0588235294
35 14 37	0.2727272727
16 39 3	0.0344827586
35 27 30	0.0655737705
6 37	0.1428571429
23 4 4	0.1875000000
30 18 36	0.1250000000
27 26 11	0.1538461538
41 42 9	0.0350877193
41 6 21	0.1052631579
14 33 41	0.1333333333
9 39 11	0.0714285714
9 41 36	0.0649350649
43 25 7	0.1764705882
41 39 31	0.0163934426
15 31 37	0.0666666667
6 3 41	0.0416666667
5 26 4	0.0833333333
14 38 6	0.1818181818
21 31 41	0.1200000000
14 28 6	0.0800000000
15 26 3	0.0769230769
28 29 21	0.1250000000
35 12 41	0.0909090909
9 1 41	0.0769230769
40 26 28	0.0833333333
14 41 21	0.1666666667
9 37 21	0.0625000000
9 31 10	0.1600000000
35 44 39	0.0555555556
16 13 16	0.1500000000
9 0 3	0.1250000000
5 18 40	0.1000000000
5 16 7	0.1176470588
32 8 25	0.1666666667
5 28 26	0.1666666667
16 2 6	0.0384615385
2 37 32	0.1428571429
31 27 16	0.3260869565
9 5 39	0.0465116279
8 28 28	0.2000000000
9 5 6	0.0882352941
32 43 37	0.1739130435
29 12 9	0.0909090909
31 8 39	0.2142857143
36 37 41	0.0851063830
30 8 35	0.0666666667
9 31 26	0.0547945205
29 14 5	0.0714285714
9 1 39	0.0750000000
17 6 9	0.2000000000
16 35 9	0.0909090909
35 39 32	0.0869565217
31 40 7	0.1428571429
35 16 9	0.0370370370
3 30 40	0.1818181818
36 38 26	0.2307692308
16 8 41	0.0740740741
31 34 15	0.1363636364
31 39 26	0.0555555556
37 36 16	0.1111111111
35 39 34	0.0425531915
27 18 5	0.1428571429
9 11 6	0.0483870968
33 25 34	0.0563380282
40 0 39	0.0769230769
41 26 32	0.0967741935
17 0 16	0.1111111111
31 29 41	0.1515151515
2 32 34	0.0263157895
32 34 5	0.0166666667
5 44 39	0.2272727273
30 39 32	0.0857142857
14 36 32	0.1538461538
5 44 41	0.0416666667
32 35 39	0.0714285714
28 41 6	0.0845070423
31 37 17	0.0666666667
31 16 30	0.0217391304
41 43 39	0.0952380952
16 1 25	0.1296296296
40 34 16	0.1428571429
41 34 40	0.2500000000
9 43 32	0.1875000000
41 0 30	0.1014492754
4 35 15	0.2307692308
5 33 5	0.0357142857
8 38 38	0.1379310345
36 7 41	0.0526315789
4 31 16	0.1746031746
4 4 23	0.2857142857
4 31 41	0.0833333333
4 33 38	0.1052631579
32 8 37	0.1333333333
31 16 39	0.0200000000
32 31 26	0.1428571429
3 34 25	0.0447761194
32 4 7	0.1250000000
10 3 15	0.1000000000
29 31 16	0.1034482759
10 31 32	0.3076923077
31 34 26	0.0370370370
9 41 35	0.0555555556
27 26 23	0.2857142857
15 11 28	0.0555555556
16 13 6	0.1355932203
33 5 26	0.0434782609
9 16 30	0.0331753555
33 13 39	0.0454545455
41 37 5	0.0196078431
5 1 28	0.1333333333
5 6 15	0.0714285714
30 3 10	0.1538461538
16 37 11	0.0400000000
32 5 6	0.0714285714
41 26 7	0.2000000000
31 13 6	0.0925925926
41 33 16	0.1296296296
7 9 29	0.0909090909
9 9 28	0.0750000000
7 31 7	0.0909090909
43 41 6	0.1666666667
41 13 6	0.1320754717
6 35 37	0.1666666667
41 12 11	0.2352941176
6 2 16	0.1428571429
32 38 37	0.0250000000
14 41 28	0.1176470588
33 11 11	0.0909090909
23 35 30	0.0606060606
7 9 31	0.0384615385
14 16 28	0.0714285714
41 1 37	0.0384615385
8 14 6	0.0476190476
28 13 28	0.1111111111
35 27 11	0.0476190476
41 39 41	0.0396825397
16 26 37	0.0294117647
9 6 10	0.0483870968
21 27 33	0.1250000000
31 41 29	0.1395348837
15 7 16	0.0697674419
14 33 16	0.1875000000
3 10 10	0.0967741935
35 9 41	0.0675675676
3 41 41	0.1382978723
32 9 3	0.0769230769
32 41 35	0.0819672131
35 17 6	0.0227272727
32 14 37	0.0588235294
1 43	0.0588235294
32 41 40	0.2500000000
32 41 5	0.0666666667
4 32 25	0.2500000000
30 37 6	0.0689655172
46 9 32	0.1666666667
30 17 27	0.1250000000
1 25 39	0.1538461538
4 10 5	0.1250000000
32 30 41	0.1125000000
4 40 10	0.2857142857
31 16 33	0.1111111111
32 1 6	0.0816326531
9 39 15	0.0714285714
8 25 7	0.0731707317
31 2 41	0.0566037736
33 43 3	0.0588235294
3 33 38	0.1250000000
36 39 40	0.2500000000
9 31 25	0.0142857143
2 33 6	0.0625000000
9 2 32	0.2678571429
37 30 16	0.1333333333
16 30 25	0.0833333333
30 25 39	0.1454545455
3 35 40	0.1000000000
16 12 5	0.0588235294
33 10 15	0.2142857143
33 26 40	0.3000000000
6 8 6	0.1333333333
9 26 6	0.0789473684
31 34 5	0.0476190476
9 33 32	0.0769230769
41 41 2	0.0769230769
9 31	0.0222222222
40 34 39	0.0701754386
10 2 5	0.1000000000
36 31 32	0.1000000000
16 35 32	0.2666666667
4 35 40	0.2222222222
40 11 18	0.0800000000
41 18 39	0.0800000000
32 1 16	0.1730769231
33 6 41	0.0500000000
36 27	0.1428571429
36 42 28	0.1538461538
16 30 32	0.1851851852
30 43 10	0.0384615385
10 32 41	0.1333333333
32 2 32	0.2682926829
31 25 18	0.0714285714
23 41 41	0.0909090909
31 34 28	0.0606060606
16 2 16	0.2758620690
2 16 16	0.1000000000
31 2 9	0.0740740741
23 43 43	0.0714285714
31 30 25	0.1363636364
9 13 34	0.0930232558
33 1 9	0.0400000000
9 30 16	0.0959595960
30 17 2	0.1250000000
2 33 43	0.0666666667
16 12 26	0.2222222222
16 4 41	0.1081081081
16 31 5	0.0250000000
29 32 32	0.2727272727
30 6 7	0.0454545455
6 16 23	0.3750000000
16 19 36	0.0714285714
9 15 41	0.0508474576
9 31 30	0.0412371134
9 40 16	0.0312500000
35 41 34	0.0217391304
15 41 34	0.0363636364
14 42 37	0.1111111111
3 31 16	0.0600000000
41 36 34	0.0506329114
9 5 16	0.0701754386
32 25 29	0.1538461538
16 9 36	0.0952380952
35 37 41	0.1379310345
14 16 4	0.1388888889
41 36 7	0.0937500000
41 11 37	0.1875000000
14 25 36	0.0810810811
33 26 11	0.0769230769
16 34 30	0.0857142857
14 11 34	0.1052631579
6 36 34	0.1200000000
35 26 4	0.1600000000
5 26 21	0.1000000000
41 14 28	0.2105263158
28 26 10	0.1111111111
40 12 16	0.2857142857
43 39 16	0.0638297872
9 8 34	0.0526315789
23 3 3	0.0645161290
8 26 10	0.1428571429
31 0 10	0.1111111111
28 2 4	0.1538461538
41 1 34	0.1000000000
1 41 7	0.0800000000
1 36 27	0.0666666667
36 12 16	0.1764705882
29 5 10	0.0540540541
33 0 9	0.0357142857
36 33 15	0.0909090909
4 37 25	0.1000000000
23 12 32	0.0476190476
30 37 16	0.0425531915
4 17 10	0.1428571429
6 34 5	0.0322580645
36 9 6	0.0909090909
9 4 9	0.0789473684
3 27 33	0.0909090909
41 15 32	0.0666666667
16 8 16	0.1000000000
35 3 10	0.1739130435
31 1 9	0.1111111111
32 42 16	0.0714285714
5 33 17	0.0909090909
3 4 28	0.0909090909
1 25 41	0.0493827160
31 18 31	0.0476190476
41 31 28	0.0983606557
46 31 41	0.0857142857
32 30 16	0.0869565217
46 35 40	0.2727272727
37 5 6	0.1176470588
4 15 10	0.2222222222
3 39 39	0.1875000000
32 31 40	0.1111111111
28 34 32	0.1093750000
17 11 23	0.2857142857
1 8 15	0.2500000000
9 39 26	0.0317460317
16 6 27	0.0476190476
10 33 5	0.0909090909
35 9 16	0.1411764706
32 31 5	0.0612244898
36 0 41	0.0555555556
8 13 6	0.0714285714
3 2 18	0.1111111111
36 37 6	0.0370370370
5 38 26	0.1176470588
9 31 35	0.0208333333
4 17 5	0.1111111111
9 36 41	0.0909090909
36 41 9	0.1578947368
35 37 16	0.0967741935
41 34 15	0.1818181818
10 32 16	0.1764705882
9 16 25	0.0285714286
17 6 32	0.1666666667
36 33 10	0.0769230769
8 38 39	0.0178571429
16 20 39	0.1250000000
23 16 16	0.1129032258
31 40 34	0.1428571429
9 30 6	0.0467289720
36 34 31	0.1666666667
1 39 25	0.0714285714
32 14 26	0.0882352941
32 34 18	0.0943396226
6 3 16	0.1250000000
16 13 41	0.0555555556
6 40 7	0.0625000000
16 39 27	0.0526315789
31 34 40	0.2187500000
9 7 23	0.5000000000
28 14 41	0.0588235294
9 41 40	0.2857142857
36 30 32	0.0714285714
30 6 32	0.0952380952
9 14 5	0.0251572327
31 16 10	0.0769230769
30 35 28	0.1578947368
35 5 27	0.0312500000
28 14 6	0.1000000000
30 9 6	0.0540540541
32 35 6	0.0810810811
27 13 40	0.1666666667
46 36 26	0.2500000000
41 32 10	0.1666666667
32 5 41	0.0877192982
4 41 6	0.0937500000
36 4	0.0714285714
4 34 32	0.0769230769
31 9 10	0.2325581395
41 39 4	0.2222222222
8 26 35	0.0370370370
9 14 25	0.0208333333
31 30 32	0.1904761905
29 42 5	0.1000000000
5 9 41	0.1025641026
32 16 40	0.0303030303
5 41 25	0.0434782609
1 25 16	0.1066666667
14 43 16	0.0769230769
46 31 16	0.2173913043
16 37 10	0.0434782609
23 16 6	0.1034482759
31 12 26	0.1875000000
29 34 32	0.0555555556
16 0 40	0.2857142857
5 9 39	0.1176470588
16 31 2	0.1250000000
9 37 2	0.0882352941
29 35 40	0.2307692308
29 16 6	0.0833333333
1 14 37	0.1111111111
10 36 2	0.1000000000
14 37 10	0.1428571429
33 1 40	0.2000000000
36 6 32	0.1739130435
30 6 15	0.1000000000
10 14 9	0.1250000000
31 26 6	0.0307692308
9 12 4	0.0819672131
29 35 15	0.1250000000
8 16 2	0.0270270270
29 16 16	0.2285714286
1 38 40	0.2222222222
27 25 39	0.2222222222
10 6 32	0.1538461538
35 30 29	0.1333333333
16 28 20	0.1666666667
16 12 11	0.0666666667
27 31 41	0.1200000000
3 27 29	0.2666666667
3 38 21	0.1666666667
31 39 6	0.0285714286
40 26 29	0.0909090909
8 44 34	0.1666666667
43 41 39	0.0350877193
16 7 10	0.0303030303
7 29 37	0.1111111111
32 34 33	0.0270270270
32 39 36	0.0769230769
9 19 33	0.1034482759
27 0 37	0.3000000000
9 25 33	0.0294117647
3 37 34	0.1111111111
14 36 37	0.1000000000
16 5 34	0.0517241379
35 2 11	0.1250000000
35 41 37	0.1818181818
3 3 4	0.2727272727
43 34 37	0.1666666667
30 16 7	0.0645161290
21 27 4	0.2500000000
3 5 10	0.1111111111
41 41 33	0.0425531915
43 17 15	0.1111111111
28 36 40	0.2000000000
8 26 11	0.1666666667
41 44 36	0.1764705882
41 29 41	0.0833333333
23 3 18	0.0909090909
23 9 25	0.0909090909
36 7 31	0.1666666667
40 33 40	0.1250000000
8 39 6	0.0895522388
10 37 39	0.2500000000
30 35 3	0.1000000000
9 19 43	0.0370370370
9 16 35	0.0389610390
9 7 4	0.1343283582
31 9 5	0.0833333333
23 7 37	0.0588235294
14 13 6	0.0952380952
9 16 5	0.0148148148
41 14 33	0.0833333333
9 41 15	0.1886792453
32 31 9	0.0175438596
31 41 28	0.1515151515
31 37 10	0.0740740741
10 31 34	0.0400000000
36 27 10	0.0833333333
33 11 40	0.1428571429
4 3 4	0.0555555556
29 33 33	0.0769230769
8 38 2	0.1739130435
9 32 27	0.1250000000
37 25 38	0.0833333333
41 7 15	0.2777777778
1 5 28	0.1250000000
16 1 34	0.0379746835
28 28 18	0.1111111111
8 5 40	0.1666666667
36 37 39	0.1538461538
17 31 32	0.1000000000
9 9 5	0.0416666667
32 35 31	0.0344827586
35 25 39	0.1666666667
9 37 18	0.0740740741
27 9 16	0.1111111111
31 0 26	0.0434782609
40 26 27	0.0714285714
35 14 9	0.0116279070
32 12 4	0.0666666667
9 29 7	0.1500000000
16 32 10	0.1818181818
8 40 10	0.1666666667
9 37 5	0.0370370370
3 6 41	0.0925925926
33 11 5	0.0769230769
9 29 34	0.0666666667
33 36 30	0.0434782609
33 2 2	0.1111111111
32 31 25	0.0384615385
8 14 2	0.1111111111
2 35 40	0.1250000000
16 15 32	0.1333333333
41 3 16	0.1290322581
37 43 9	0.1250000000
2 14 18	0.0833333333
36 4 17	0.1176470588
8 16 6	0.0588235294
3 41 6	0.1044776119
31 40 32	0.1000000000
16 13 39	0.0789473684
6 30 9	0.0714285714
3 17 15	0.1538461538
9 16 10	0.2159090909
43 38 29	0.1875000000
34 15 16	0.0769230769
3 16 20	0.1818181818
28 38 28	0.0588235294
41 31 33	0.0400000000
9 39 36	0.1111111111
9 6 15	0.1935483871
35 13 30	0.0350877193
41 35 37	0.2105263158
14 18 16	0.0689655172
9 16 36	0.0952380952
35 40 4	0.1111111111
32 4 34	0.0277777778
43 0 37	0.2307692308
3 38 31	0.0625000000
41 15 37	0.1250000000
32 26 39	0.0800000000
28 1 10	0.1538461538
35 41 9	0.0124223602
35 11 28	0.1538461538
23 29 29	0.1875000000
30 26 23	0.3750000000
35 13 10	0.1724137931
35 3 26	0.0952380952
31 0 40	0.3076923077
3 20 38	0.1111111111
32 28 32	0.0714285714
29 33 38	0.0476190476
41 44 10	0.2000000000
16 39 4	0.0800000000
1 9 31	0.0384615385
28 13 2	0.0588235294
9 41 18	0.0149253731
2 14 16	0.1052631579
17 34 16	0.1428571429
37 28 34	0.0400000000
32 11 6	0.1111111111
5 32 16	0.1428571429
31 5 16	0.0400000000
31 44 26	0.1111111111
33 39 16	0.1632653061
9 19 6	0.0263157895
35 36 38	0.0769230769
8 13 2	0.2500000000
9 36 39	0.0740740741
3 8 3	0.1818181818
31 4 16	0.1212121212
14 9 40	0.1000000000
33 5 25	0.0370370370
35 17 38	0.1111111111
1 36 18	0.0357142857
27 43 15	0.0714285714
16 5 32	0.1428571429
32 2 9	0.1428571429
4 9 9	0.1219512195
23 32 32	0.1538461538
32 13 25	0.1250000000
31 1 7	0.0697674419
33 6 16	0.0357142857
5 3 10	0.2142857143
9 26 39	0.1458333333
14 43 41	0.0843373494
5 36 2	0.1666666667
41 8 6	0.0869565217
29 10 40	0.3333333333
23 41 6	0.0701754386
41 36 25	0.0869565217
2 18 38	0.0666666667
31 31 5	0.0540540541
35 36 2	0.0344827586
15 34 16	0.1279069767
4 33 18	0.1052631579
16 45 16	0.1111111111
32 32 39	0.0500000000
32 43 32	0.1000000000
2 36 26	0.2222222222
2 41 41	0.1111111111
16 26 32	0.2142857143
17 7 31	0.1428571429
35 36 33	0.0769230769
8 25 34	0.0526315789
32 14 40	0.3000000000
1 36 28	0.0952380952
34 31 30	0.1200000000
41 31 41	0.0180180180
9 28 37	0.2000000000
28 13 33	0.0833333333
1 36 3	0.0434782609
32 25 4	0.1818181818
9 15 6	0.0857142857
7 9 23	0.1666666667
14 9 36	0.1515151515
32 34 31	0.0217391304
7 36 41	0.2222222222
32 27 37	0.0476190476
32 16 36	0.1176470588
16 5 37	0.0212765957
9 14 30	0.0409836066
9 9 33	0.0408163265
33 5 36	0.1578947368
27 3 31	0.1000000000
14 26 37	0.1724137931
28 0 34	0.1052631579
9 0 33	0.0322580645
35 4 36	0.0666666667
14 8 16	0.1904761905
9 9 31	0.0123456790
28 37 34	0.0952380952
41 28 16	0.0972222222
8 36 15	0.2307692308
9 14 34	0.0460526316
43 9 37	0.0833333333
14 26 34	0.0740740741
33 5 11	0.0500000000
15 13 36	0.0909090909
41 36 37	0.0428571429
3 33 28	0.2307692308
3 32 37	0.1666666667
9 41 30	0.0291970803
32 26 41	0.0961538462
27 41 6	0.1000000000
9 18 37	0.2500000000
1 38 30	0.0714285714
14 41 3	0.1666666667
9 32 29	0.0588235294
3 30 30	0.0175438596
3 30 36	0.1111111111
14 20 16	0.0588235294
9 6 11	0.0277777778
34 31 10	0.0833333333
27 8 3	0.1428571429
8 16 16	0.1267605634
3 2 4	0.2222222222
9 39 30	0.0263157895
28 6 16	0.0945945946
32 25 33	0.0714285714
28 5 36	0.1052631579
32 5 39	0.0285714286
41 0 10	0.1904761905
9 9 16	0.0079365079
41 37 11	0.1000000000
21 9 37	0.0909090909
14 44 36	0.1666666667
9 33 7	0.0882352941
6 30 37	0.0769230769
1 19 41	0.1428571429
14 6 21	0.1666666667
1 16 34	0.0769230769
3 10 11	0.2142857143
15 1 33	0.1250000000
29 12 25	0.0769230769
6 10 9	0.0606060606
4 15 35	0.0909090909
33 16 31	0.0377358491
32 31 15	0.0681818182
8 17 10	0.1818181818
16 32 30	0.0204081633
32 32 27	0.0714285714
23 14 16	0.1081081081
10 29 40	0.1250000000
1 5 2	0.0769230769
9 14 40	0.2424242424
17 40 6	0.0909090909
28 30 40	0.3157894737
32 3 32	0.1126760563
8 25 32	0.2142857143
28 11 9	0.0192307692
40 40 29	0.1111111111
32 35 41	0.1132075472
5 10 29	0.1000000000
16 21 16	0.0588235294
9 14 9	0.0441176471
30 38 40	0.2222222222
32 16 35	0.0285714286
30 20 26	0.1176470588
36 42 4	0.0588235294
32 12 27	0.1538461538
5 17 2	0.1250000000
31 41 18	0.0666666667
8 8 27	0.1111111111
46 31 39	0.2500000000
30 26 18	0.0909090909
33 41 6	0.0625000000
9 37 4	0.0555555556
5 41 7	0.0454545455
32 1 39	0.1428571429
5 25 16	0.0909090909
16 5 9	0.0833333333
27 16 2	0.0454545455
30 32 41	0.0909090909
16 38 16	0.0566037736
9 42 16	0.0689655172
16 20 16	0.0476190476
31 0 9	0.0289855072
16 16 27	0.1176470588
41 14 38	0.0500000000
32 3 34	0.1666666667
1 14 7	0.0909090909
32 30 39	0.1052631579
30 41 9	0.1428571429
9 25 38	0.0416666667
41 41 6	0.0344827586
30 3 26	0.1875000000
32 46 32	0.1666666667
14 13 16	0.0888888889
9 7 29	0.1454545455
9 41 26	0.0919540230
10 8 40	0.1428571429
4 35 35	0.1142857143
32 42 39	0.0500000000
30 39 9	0.0428571429
35 39 25	0.0909090909
9 44 33	0.1052631579
9 31 37	0.0312500000
41 7 17	0.0952380952
9 35 16	0.1325301205
36 31 34	0.0800000000
4 34 34	0.1111111111
40 34 6	0.0681818182
32 30 31	0.0357142857
8 5 26	0.0888888889
9 33 9	0.0657894737
33 39 31	0.0800000000
31 35 32	0.2666666667
6 32 10	0.1500000000
23 31 16	0.0800000000
31 26 16	0.0877192982
28 34 25	0.0555555556
36 36 28	0.0769230769
31 41 23	0.4444444444
32 33 9	0.0333333333
32 27 9	0.0425531915
41 6 4	0.1224489796
14 25 5	0.0126582278
32 28 9	0.0312500000
43 2 29	0.2000000000
35 5 29	0.1818181818
35 30 4	0.0625000000
27 1 30	0.0909090909
27 27 28	0.0625000000
27 27 29	0.2142857143
41 41 4	0.1666666667
41 28 41	0.0819672131
27 5 10	0.1052631579
3 27 4	0.2307692308
41 41 21	0.0769230769
3 29 21	0.1250000000
41 41 29	0.2631578947
32 34 4	0.0638297872
41 31 29	0.1428571429
41 26 37	0.0869565217
14 25 11	0.0476190476
32 32 4	0.0769230769
31 30 7	0.0500000000
28 27 28	0.0909090909
46 41 31	0.0769230769
30 33 40	0.1250000000
37 26 16	0.2000000000
32 9 27	0.0285714286
10 9 16	0.2000000000
17 13 40	0.1111111111
3 32 32	0.2500000000
31 16 5	0.0600000000
9 30 41	0.0662251656
37 26 6	0.1052631579
35 17 18	0.1176470588
30 3 25	0.0714285714
9 41 9	0.0112359551
33 38 5	0.0500000000
23 14 41	0.0400000000
16 7 15	0.3076923077
31 25 27	0.0833333333
35 5 3	0.0400000000
16 6 3	0.0655737705
33 25 9	0.1190476190
32 12 2	0.1250000000
23 1 10	0.1538461538
14 13 41	0.0952380952
9 43 9	0.0270270270
2 5 40	0.1666666667
8 39 31	0.0645161290
5 42 3	0.2000000000
6 0 10	0.0769230769
41 18 16	0.0597014925
31 7 15	0.3684210526
16 25 5	0.1111111111
32 18 37	0.1818181818
10 16 9	0.0666666667
10 4 40	0.1111111111
36 7 16	0.0714285714
27 43 10	0.1000000000
9 6 5	0.0750000000
16 16 2	0.1515151515
10 8 5	0.1000000000
6 14 28	0.1111111111
5 41 34	0.0370370370
31 16 2	0.1052631579
9 31 5	0.0238095238
31 31 38	0.0571428571
41 20 16	0.1153846154
6 28 28	0.0555555556
10 14 7	0.0833333333
28 30 26	0.0769230769
2 32 37	0.0909090909
30 9 39	0.1159420290
9 38 34	0.0538461538
3 16 39	0.1666666667
16 14 43	0.0392156863
23 34 7	0.0416666667
1 36 38	0.0952380952
4 41 39	0.2222222222
9 28 9	0.0347826087
32 4 9	0.0769230769
31 12 29	0.0555555556
15 15 23	0.2857142857
31 30 16	0.0625000000
23 14 6	0.0263157895
16 30 9	0.1025641026
33 45 18	0.0526315789
3 32 25	0.1666666667
37 38 34	0.0555555556
32 41 26	0.1272727273
36 39 32	0.1250000000
41 39 16	0.0224719101
4 9 32	0.1666666667
35 43 25	0.0416666667
33 37 32	0.1111111111
31 21 6	0.1428571429
35 0 16	0.0681818182
9 3 37	0.0769230769
14 11 37	0.0952380952
3 37 7	0.1666666667
9 35 41	0.1063829787
41 34 30	0.0625000000
35 41 7	0.0952380952
41 28 6	0.0714285714
41 5 7	0.0833333333
9 10 16	0.1338582677
30 36 21	0.1250000000
32 9 4	0.1500000000
33 33 23	0.1666666667
6 17 7	0.1666666667
6 4 41	0.1538461538
3 33 3	0.2307692308
3 42 30	0.1250000000
15 8 36	0.1250000000
23 5 10	0.2000000000
21 27 29	0.2142857143
3 34 37	0.2058823529
41 46 16	0.1666666667
41 39 3	0.0156250000
7 41 36	0.1111111111
31 5 7	0.0303030303
31 12 36	0.1578947368
7 17 6	0.1111111111
32 6 11	0.1250000000
15 32 16	0.0909090909
28 31 16	0.0555555556
21 0 37	0.1428571429
1 15 29	0.1111111111
28 31 20	0.1250000000
15 7 41	0.1219512195
33 6 29	0.1333333333
32 3 37	0.1052631579
35 20 10	0.1000000000
7 31 30	0.1200000000
41 40 40	0.0666666667
15 26 29	0.2222222222
41 4 41	0.0483870968
41 18 41	0.0333333333
32 31 36	0.0270270270
16 18 39	0.1428571429
36 34 6	0.1666666667
2 29 28	0.1111111111
6 18 39	0.1052631579
16 9 10	0.2121212121
31 40 37	0.1111111111
3 37 37	0.0169491525
9 44 39	0.0270270270
9 36 6	0.1111111111
36 34 16	0.1428571429
14 15 9	0.0666666667
5 10 28	0.0800000000
16 38 41	0.1200000000
35 28 10	0.0714285714
15 18 5	0.0357142857
5 16 32	0.2666666667
9 4 32	0.1276595745
1 13 10	0.1666666667
46 8 5	0.0555555556
15 33 15	0.1250000000
9 13 37	0.1600000000
40 1 5	0.0909090909
41 39 39	0.0158730159
30 28 10	0.1578947368
31 7 40	0.1333333333
36 42 23	0.2857142857
5 44 6	0.0500000000
16 37 26	0.2500000000
1 39 34	0.0526315789
6 34 16	0.0333333333
41 9 10	0.2580645161
32 41 10	0.0555555556
33 36 26	0.2142857143
8 25 9	0.0952380952
40 45 10	0.1111111111
33 28 18	0.2000000000
32 5 16	0.1458333333
1 2 17	0.0833333333
3 7 9	0.0128205128
6 34 17	0.0909090909
23 28 28	0.1818181818
30 18 5	0.0588235294
31 26 41	0.0412371134
37 5 16	0.1176470588
28 1 40	0.2222222222
31 38 37	0.0500000000
30 18 40	0.1333333333
15 33 35	0.0625000000
16 40 9	0.1111111111
30 17 5	0.0344827586
40 42 38	0.1250000000
9 2 37	0.0227272727
36 30 9	0.0454545455
30 16 9	0.0735294118
6 37 10	0.1428571429
9 39 40	0.1250000000
30 39 37	0.1111111111
36 26 38	0.1538461538
3 12 25	0.1428571429
29 33 39	0.0588235294
28 39 6	0.0833333333
9 7 5	0.0535714286
30 31 34	0.0526315789
35 38 35	0.0909090909
10 33 26	0.1428571429
28 13 6	0.0303030303
9 16 40	0.0892857143
27 18 30	0.0384615385
37 6 32	0.1000000000
9 27 34	0.0303030303
31 4 6	0.0800000000
28 18 28	0.0714285714
27 16 7	0.0156250000
33 26 36	0.0909090909
16 39 6	0.0222222222
5 38 30	0.0526315789
28 28 23	0.2857142857
41 43 16	0.0163934426
41 14 3	0.2000000000
3 29 29	0.1176470588
28 27 29	0.2500000000
9 25 29	0.1363636364
41 28 20	0.1428571429
35 43 30	0.0571428571
28 30 11	0.1666666667
41 30 9	0.0289855072
3 8 28	0.1538461538
3 2 28	0.0952380952
9 32 31	0.0200000000
5 5 4	0.1538461538
9 43 7	0.1363636364
9 16 11	0.0740740741
9 45 37	0.0833333333
14 25 10	0.1176470588
9 0 43	0.0606060606
31 25 35	0.1111111111
40 16 25	0.2000000000
1 5 3	0.1250000000
32 6 5	0.1025641026
9 4 7	0.0714285714
35 6 15	0.0384615385
27 11 18	0.1111111111
31 35 7	0.0930232558
10 10 5	0.0769230769
35 37 31	0.0294117647
16 14 16	0.0224719101
31 26 7	0.0750000000
2 5 26	0.0769230769
31 16 27	0.0666666667
32 41 15	0.1212121212
17 7 6	0.1428571429
46 6 41	0.1212121212
9 12 5	0.0188679245
8 7 9	0.0222222222
37 16 10	0.0909090909
31 15 7	0.1428571429
35 14 34	0.0204081633
7 9 28	0.1111111111
31 36 37	0.1666666667
3 13 28	0.1052631579
9 9 4	0.1714285714
28 30 10	0.0333333333
14 17 34	0.0454545455
32 41 37	0.0294117647
14 28 16	0.1052631579
41 3 41	0.0535714286
35 8 10	0.1428571429
6 14 3	0.1428571429
3 4 21	0.1818181818
41 17 34	0.0833333333
14 43 39	0.0363636364
35 30 21	0.0833333333
32 40 16	0.1250000000
28 0 37	0.1428571429
41 27 6	0.1666666667
5 38 11	0.0909090909
16 31 27	0.1304347826
10 36 5	0.0588235294
9 10 31	0.0055555556
4 5 10	0.0740740741
37 39 10	0.2222222222
15 11 18	0.0740740741
9 37 33	0.0312500000
37 34 28	0.1538461538
16 14 2	0.1818181818
37 9 27	0.0909090909
15 26 27	0.0588235294
9 3 34	0.1562500000
9 37 3	0.0312500000
41 39 27	0.0416666667
1 38 9	0.0434782609
36 4 5	0.0625000000
10 8 26	0.1666666667
29 5 25	0.0625000000
23 35 25	0.0454545455
9 12 2	0.1000000000
8 8 5	0.0434782609
9 17 41	0.0714285714
29 35 35	0.0952380952
9 19 38	0.0800000000
40 39 32	0.1818181818
1 36 5	0.0833333333
32 27 34	0.0434782609
36 2 40	0.1111111111
31 41 43	0.0634920635
4 16 39	0.2424242424
31 37 5	0.0465116279
9 35 6	0.0740740741
31 10 9	0.0652173913
41 7 35	0.0612244898
16 2 31	0.0250000000
35 17 2	0.1176470588
1 37 31	0.0256410256
1 20 26	0.1764705882
31 39 5	0.0714285714
16 34 35	0.0540540541
31 5 39	0.1034482759
41 40 9	0.0526315789
3 38 2	0.0666666667
2 5 15	0.2222222222
41 14 5	0.0294117647
41 25 10	0.1333333333
28 10 10	0.0769230769
43 41 41	0.0500000000
35 8 36	0.1764705882
15 0 6	0.1379310345
14 11 9	0.0400000000
35 32 41	0.0681818182
41 4 16	0.1016949153
32 25 3	0.0769230769
43 6 20	0.1666666667
27 27 33	0.1250000000
15 16 9	0.0212765957
41 37 10	0.1666666667
35 16 34	0.0919540230
14 14 3	0.1538461538
41 17 7	0.1153846154
27 10 11	0.0769230769
16 25 11	0.0416666667
16 1 7	0.0526315789
9 6 7	0.0447761194
21 2 29	0.1666666667
15 0 16	0.0394736842
41 37 36	0.0789473684
17 33 26	0.1666666667
32 28 7	0.2000000000
28 28 28	0.0930232558
3 8 4	0.0714285714
33 13 28	0.0769230769
17 29 5	0.1428571429
9 35 31	0.0144927536
41 26 9	0.0465116279
10 33 40	0.1666666667
17 37 39	0.1538461538
46 29 2	0.2000000000
8 39 16	0.1012658228
3 13 6	0.0250000000
31 8 16	0.2222222222
17 11 18	0.1111111111
10 4 10	0.1428571429
4 5 40	0.2500000000
30 36 5	0.0526315789
30 25 6	0.1034482759
16 21 41	0.0833333333
31 33 39	0.2500000000
31 16 38	0.0344827586
37 38 25	0.1428571429
32 16 5	0.0377358491
15 34 39	0.0645161290
35 17 33	0.0625000000
5 35 29	0.1428571429
31 35 9	0.1176470588
23 40 40	0.3000000000
33 9 9	0.0606060606
1 2 23	0.2857142857
29 14 16	0.1111111111
10 5 2	0.1428571429
9 12 27	0.0714285714
36 16 9	0.0952380952
31 29 16	0.1600000000
31 16 25	0.0322580645
9 2 7	0.0196078431
34 10 16	0.1428571429
32 8 9	0.0740740741
41 30 34	0.0819672131
16 11 37	0.1333333333
14 26 7	0.1538461538
16 1 37	0.0384615385
8 41 20	0.1250000000
41 37 40	0.1250000000
14 41 33	0.0303030303
28 1 30	0.1000000000
33 39 6	0.1521739130
28 16 16	0.0800000000
3 16 16	0.0909090909
31 11 37	0.1176470588
34 28 34	0.1052631579
8 43 31	0.0344827586
35 4 11	0.0588235294
32 19 28	0.0769230769
5 3 26	0.1333333333
1 37 16	0.0227272727
1 2 5	0.0555555556
4 33 2	0.1428571429
4 28 6	0.0312500000
4 11 5	0.2857142857
31 38 6	0.0454545455
46 9 7	0.0625000000
35 43 10	0.0526315789
29 33 3	0.1428571429
29 37 9	0.1111111111
30 14 9	0.1818181818
29 35 30	0.0303030303
8 36 35	0.0714285714
36 6 9	0.1739130435
16 9 25	0.1052631579
17 43 40	0.1428571429
32 39 35	0.0384615385
35 3 5	0.0833333333
14 16 2	0.0444444444
31 40 9	0.0714285714
33 33 28	0.1764705882
15 34 41	0.0923076923
15 19 16	0.1250000000
40 41 37	0.1176470588
33 18 3	0.1000000000
40 10 29	0.1666666667
14 14 28	0.0666666667
23 31 41	0.1176470588
34 16 30	0.1111111111
1 39 37	0.0769230769
7 9 4	0.0909090909
8 5 36	0.1363636364
1 43 11	0.0769230769
35 28 40	0.1666666667
35 39 10	0.0476190476
5 37 16	0.3000000000
9 38 25	0.0317460317
32 12 38	0.0952380952
16 32 5	0.1538461538
29 31 39	0.1333333333
36 19 16	0.1666666667
23 30 10	0.0769230769
3 7 7	0.0769230769
37 6 5	0.0909090909
32 31 17	0.0909090909
30 41 7	0.0731707317
31 14 40	0.1333333333
5 5 3	0.1111111111
1 28 10	0.1875000000
9 14 7	0.0722891566
9 12 33	0.0500000000
17 40 41	0.1000000000
23 5 25	0.0454545455
30 2 17	0.1111111111
23 7 9	0.1388888889
36 42 3	0.0357142857
31 18 6	0.0588235294
37 41 15	0.1428571429
23 32 9	0.0526315789
32 37 38	0.1071428571
4 32 37	0.0555555556
31 14 18	0.0465116279
15 15 28	0.1666666667
16 25 10	0.1428571429
23 32 34	0.1428571429
30 1 43	0.0833333333
36 37 16	0.1875000000
6 3 6	0.0606060606
46 40 10	0.1818181818
27 5 28	0.0555555556
33 33 3	0.1000000000
27 26 18	0.1000000000
2 18 3	0.1666666667
27 18 10	0.1578947368
35 18 10	0.2380952381
16 5 7	0.0681818182
3 41 39	0.0266666667
1 15 4	0.1111111111
6 46 16	0.1666666667
9 37 29	0.0857142857
14 37 15	0.1153846154
3 4 4	0.0769230769
16 39 28	0.0882352941
43 36 10	0.1428571429
35 27 10	0.2500000000
3 5 36	0.1000000000
28 1 36	0.1000000000
35 15 31	0.0740740741
21 34 37	0.0714285714
41 25 30	0.0869565217
15 10 29	0.2000000000
35 1 28	0.0500000000
29 40 10	0.1818181818
31 39 10	0.0322580645
32 41 43	0.0128205128
36 19 6	0.1250000000
9 28 7	0.0869565217
9 36 31	0.0270270270
37 10 41	0.0909090909
36 0 16	0.2142857143
3 36 5	0.0416666667
16 15 7	0.2222222222
15 13 10	0.0833333333
23 7 34	0.0294117647
10 36 18	0.0909090909
41 38 6	0.0500000000
32 0 38	0.0333333333
36 5 27	0.0909090909
2 18 6	0.0588235294
28 43 3	0.1666666667
29 36 5	0.2857142857
30 4 15	0.1250000000
29 5 40	0.3125000000
28 6 41	0.0925925926
27 20 26	0.1000000000
9 18 7	0.1052631579
32 36 6	0.0909090909
30 16 32	0.1666666667
41 44 26	0.1481481481
31 14 10	0.0588235294
32 34 23	0.5000000000
27 16 16	0.0465116279
27 44 41	0.0454545455
16 27 41	0.0795454545
41 38 16	0.0294117647
27 36 38	0.1000000000
28 30 35	0.0810810811
31 32 35	0.0740740741
41 8 41	0.1343283582
9 12 28	0.0833333333
6 16 29	0.1428571429
8 9 9	0.0588235294
16 44 40	0.1428571429
31 15 34	0.1428571429
31 41 3	0.1052631579
9 5 41	0.0748299320
36 6 37	0.0769230769
6 30 32	0.0588235294
36 13 26	0.1538461538
1 9 39	0.1000000000
3 11 40	0.1111111111
8 25 25	0.2000000000
32 29 32	0.0454545455
31 17 41	0.1000000000
17 30 9	0.0588235294
3 32 9	0.1000000000
2 31 41	0.0800000000
5 2 5	0.1666666667
31 9 6	0.0232558140
31 33 16	0.0909090909
32 37 18	0.1200000000
32 46 9	0.1904761905
6 0 30	0.0526315789
41 4 31	0.0123456790
33 36 5	0.1111111111
16 36 25	0.1000000000
16 14 3	0.1818181818
35 15 27	0.0833333333
9 38 9	0.0470588235
40 16 7	0.0400000000
9 3 32	0.0735294118
30 20 10	0.0909090909
31 18 41	0.0188679245
6 18 16	0.0952380952
30 9 41	0.0666666667
28 32 37	0.1666666667
9 19 28	0.1333333333
3 3 29	0.1000000000
3 14 6	0.0857142857
33 7 37	0.1111111111
28 0 7	0.1666666667
9 41 10	0.0638297872
5 6 9	0.0208333333
32 15 41	0.0625000000
3 2 29	0.2142857143
9 44 28	0.0769230769
35 12 6	0.1025641026
5 41 37	0.1875000000
30 36 3	0.0588235294
41 3 20	0.1176470588
28 10 11	0.1111111111
41 30 37	0.0851063830
3 0 34	0.0833333333
5 5 29	0.2000000000
35 31 37	0.0425531915
6 8 39	0.0625000000
7 36 6	0.0833333333
8 37 32	0.1000000000
2 31 16	0.1666666667
35 18 26	0.1578947368
2 21 28	0.1000000000
8 8 3	0.0312500000
30 31 25	0.2500000000
41 41 5	0.0178571429
41 39 28	0.1084337349
31 1 16	0.0246913580
5 9 16	0.1463414634
41 0 26	0.0384615385
4 4 3	0.0500000000
30 43 9	0.0312500000
14 16 33	0.0740740741
4 32 9	0.1562500000
14 36 9	0.0833333333
10 5 3	0.1000000000
2 14 43	0.0833333333
9 3 25	0.0256410256
31 31 4	0.0833333333
36 33 26	0.1666666667
10 36 4	0.0714285714
17 11 4	0.0833333333
36 41 32	0.2000000000
5 41 9	0.0555555556
29 36 26	0.2857142857
30 14 7	0.0625000000
37 36 41	0.1000000000
41 45 39	0.0714285714
8 14 5	0.0344827586
16 27 16	0.3260869565
32 38 25	0.0312500000
35 2 5	0.0384615385
29 29 27	0.1000000000
35 5 33	0.1764705882
35 6 37	0.0571428571
3 38 28	0.0476190476
30 16 37	0.0476190476
30 36 28	0.0952380952
1 43 36	0.1578947368
30 15 4	0.1111111111
8 6 4	0.1000000000
35 36 28	0.1333333333
14 25 40	0.0769230769
41 9 30	0.0285714286
41 5 34	0.0454545455
9 13 7	0.0937500000
27 16 6	0.0250000000
5 36 28	0.0714285714
16 9 15	0.0500000000
33 26 30	0.0500000000
41 4 20	0.1666666667
40 28 10	0.2000000000
32 38 7	0.0526315789
35 12 16	0.0943396226
16 8 39	0.1875000000
1 20 40	0.1250000000
32 34 43	0.0384615385
31 7 5	0.0476190476
37 26 39	0.2142857143
2 9 7	0.0555555556
37 34 3	0.0769230769
17 33 10	0.1111111111
32 0 43	0.0833333333
4 8 6	0.0500000000
9 9 18	0.0270270270
31 5 41	0.0289855072
30 29 35	0.0833333333
37 2 32	0.1875000000
5 1 18	0.0952380952
9 18 34	0.0555555556
1 5 18	0.1666666667
32 16 30	0.0222222222
15 38 11	0.1176470588
27 33 31	0.0344827586
41 45 16	0.2105263158
14 36 34	0.0434782609
9 15 16	0.0806451613
3 4 31	0.0447761194
14 5 7	0.1250000000
6 9 11	0.1111111111
41 10 37	0.0333333333
41 39 33	0.0370370370
31 33 41	0.1034482759
27 44 34	0.1333333333
5 16 34	0.1111111111
9 12 29	0.1000000000
40 26 3	0.1176470588
31 4 31	0.0789473684
32 3 25	0.0270270270
32 6 35	0.0677966102
14 12 15	0.2857142857
37 30 41	0.0714285714
2 29 2	0.1250000000
2 9 32	0.1000000000
40 30 2	0.1666666667
17 36 5	0.0769230769
29 29 5	0.0666666667
31 1 34	0.0476190476
4 9 25	0.1428571429
41 31 3	0.0588235294
5 3 5	0.1176470588
1 43 40	0.1666666667
8 38 6	0.0517241379
46 16 16	0.1000000000
41 12 5	0.0400000000
16 16 18	0.0277777778
31 37 28	0.0666666667
4 28 38	0.0714285714
30 43 40	0.1333333333
32 9 41	0.0119047619
9 8 9	0.0285714286
7 1 16	0.0666666667
35 15 33	0.1250000000
32 28 37	0.1538461538
16 0 30	0.0740740741
16 39 29	0.0625000000
8 11 11	0.1250000000
21 2 28	0.0833333333
16 38 20	0.1000000000
35 39 7	0.1052631579
46 6 16	0.0869565217
37 38 9	0.0555555556
4 3 27	0.1428571429
41 7 40	0.1500000000
37 33 32	0.1250000000
41 6 2	0.0384615385
9 37 28	0.0740740741
5 32 6	0.1250000000
31 34 35	0.0869565217
46 32 32	0.1666666667
30 6 35	0.0500000000
32 32 32	0.0714285714
32 0 6	0.0277777778
32 42 6	0.1666666667
3 10 40	0.0833333333
33 13 18	0.0833333333
15 37 16	0.0769230769
41 33 6	0.1000000000
31 16 6	0.0133333333
9 27 9	0.0857142857
1 37 6	0.1034482759
30 18 25	0.0588235294
1 6 37	0.0769230769
32 14 5	0.0289855072
9 11 39	0.1304347826
5 38 5	0.0833333333
14 5 25	0.0232558140
30 41 37	0.0625000000
3 17 40	0.2222222222
43 38 31	0.0625000000
35 36 31	0.0312500000
41 44 6	0.0666666667
3 11 30	0.0909090909
1 15 28	0.1666666667
6 33 16	0.0294117647
5 10 31	0.0400000000
5 26 31	0.0370370370
14 15 37	0.1250000000
32 9 28	0.0500000000
43 2 4	0.2000000000
40 42 6	0.0833333333
1 11 18	0.1666666667
29 8 2	0.1666666667
33 26 25	0.0526315789
5 34 16	0.1111111111
8 8 28	0.1200000000
4 33 43	0.1071428571
33 5 15	0.2142857143
41 41 38	0.0535714286
6 6 27	0.0769230769
4 22 6	0.1428571429
6 14 2	0.1666666667
30 41 32	0.1666666667
10 17 18	0.0909090909
32 14 25	0.0192307692
3 34 32	0.0352941176
28 11 40	0.1000000000
33 5 5	0.0400000000
14 16 3	0.0178571429
4 22 31	0.1428571429
5 14 9	0.0909090909
16 37 5	0.0500000000
33 5 10	0.0740740741
10 16 32	0.1250000000
4 41 41	0.1538461538
15 11 6	0.0256410256
8 38 43	0.0588235294
10 32 39	0.1111111111
3 15 17	0.1000000000
30 36 38	0.0476190476
37 16 26	0.1250000000
15 34 6	0.0740740741
16 25 26	0.1538461538
32 39 5	0.0232558140
41 44 5	0.1428571429
16 32 35	0.0833333333
40 4 15	0.1666666667
16 6 28	0.0980392157
29 9 9	0.2000000000
31 25 10	0.0714285714
6 0 9	0.0526315789
6 12 5	0.1000000000
1 18 40	0.0714285714
27 28 10	0.1250000000
9 6 17	0.0416666667
9 3 7	0.1333333333
5 36 33	0.0666666667
31 0 30	0.0285714286
16 34 10	0.0857142857
41 12 10	0.0555555556
14 1 7	0.1428571429
31 41 4	0.1052631579
15 26 4	0.2000000000
32 14 34	0.0212765957
7 10 16	0.1428571429
15 4 11	0.0909090909
3 1 10	0.0833333333
34 36 41	0.2222222222
33 9 7	0.0588235294
4 3 5	0.0666666667
36 14 25	0.2142857143
23 43 28	0.0909090909
41 41 18	0.0512820513
14 38 16	0.0500000000
35 16 32	0.0909090909
31 31 27	0.1428571429
4 8 2	0.1176470588
32 1 41	0.0476190476
29 18 3	0.1666666667
5 28 25	0.0909090909
2 21 5	0.0666666667
3 14 16	0.0425531915
5 38 10	0.0909090909
27 36 5	0.0666666667
31 25 39	0.0434782609
15 35 28	0.1428571429
7 28 34	0.1052631579
32 9 33	0.0400000000
7 9 21	0.1428571429
35 34 41	0.0232558140
15 38 36	0.1875000000
28 2 29	0.2000000000
14 25 30	0.0555555556
41 27 41	0.1304347826
28 27 4	0.1818181818
41 8 16	0.1458333333
32 14 10	0.0344827586
28 43 43	0.0800000000
8 5 35	0.0384615385
28 28 27	0.0588235294
41 31 23	0.3750000000
3 41 31	0.0084033613
41 40 32	0.0769230769
16 11 25	0.0454545455
1 25 6	0.1016949153
35 35 43	0.0714285714
46 8 43	0.0714285714
32 26 16	0.0588235294
33 37 9	0.1250000000
46 17 26	0.2000000000
4 35 5	0.0571428571
6 34 41	0.0526315789
46 41 6	0.0833333333
30 28 26	0.1000000000
28 33 2	0.1111111111
33 39 39	0.0769230769
3 10 15	0.0666666667
30 37 41	0.0800000000
14 15 32	0.1818181818
9 7 3	0.0275229358
23 9 32	0.1000000000
27 33 15	0.0833333333
30 16 25	0.0857142857
4 10 15	0.1111111111
9 38 7	0.0281690141
43 9 7	0.0769230769
6 36 7	0.1538461538
8 5 11	0.0344827586
27 30 11	0.1250000000
3 5 11	0.1333333333
21 2 21	0.1250000000
16 3 20	0.1666666667
3 27 28	0.1428571429
31 16 31	0.0500000000
1 16 37	0.0444444444
27 36 40	0.0909090909
14 4 20	0.1666666667
8 30 11	0.0714285714
28 17 15	0.1111111111
31 39 41	0.0188679245
27 33 23	0.1666666667
1 39 10	0.0500000000
9 25 28	0.0833333333
14 37 36	0.0555555556
2 5 35	0.0666666667
41 14 6	0.0222222222
36 38 5	0.1111111111
36 7 6	0.1818181818
9 6 32	0.0315789474
4 13 39	0.0666666667
35 33 26	0.0500000000
41 34 5	0.0240963855
36 28 15	0.1666666667
10 37 41	0.1000000000
8 37 9	0.1250000000
4 33 33	0.0625000000
35 4 15	0.0909090909
35 31 32	0.1200000000
30 46 17	0.1111111111
16 6 29	0.1379310345
36 40 6	0.0909090909
16 4 31	0.1428571429
16 14 18	0.0500000000
14 16 43	0.0303030303
33 40 10	0.3000000000
5 16 37	0.0526315789
23 18 3	0.1666666667
4 8 38	0.0714285714
31 43 6	0.0909090909
15 38 10	0.1250000000
14 30 37	0.3000000000
14 5 34	0.0714285714
1 9 16	0.1578947368
15 28 10	0.2000000000
28 11 30	0.1818181818
15 10 4	0.1818181818
30 15 29	0.1111111111
35 7 16	0.0444444444
34 6 36	0.1250000000
34 28 7	0.1111111111
35 16 37	0.0266666667
5 39 10	0.0909090909
17 16 9	0.0714285714
4 32 32	0.2000000000
6 41 33	0.0476190476
32 33 7	0.0909090909
32 27 32	0.1315789474
36 1 2	0.2857142857
31 4 41	0.1052631579
10 37 6	0.0952380952
41 20 41	0.0357142857
1 6 32	0.0833333333
9 14 10	0.0847457627
33 5 40	0.4285714286
3 31 41	0.0595238095
29 28 27	0.1250000000
9 13 25	0.0555555556
28 41 39	0.0701754386
27 12 34	0.0555555556
35 32 6	0.0454545455
28 4 31	0.0645161290
3 36 40	0.2500000000
35 26 29	0.2352941176
43 28 28	0.1250000000
21 31 39	0.0344827586
34 32 3	0.0833333333
41 17 37	0.0232558140
9 45 7	0.1111111111
16 25 15	0.0555555556
8 16 39	0.0930232558
30 39 34	0.0232558140
16 37 15	0.2727272727
1 44 16	0.0833333333
1 16 2	0.0357142857
4 17 26	0.2500000000
9 44 38	0.0454545455
1 20 5	0.0476190476
14 26 9	0.0094339623
29 9 25	0.1666666667
9 12 38	0.0740740741
30 20 5	0.0416666667
3 32 34	0.0238095238
31 29 31	0.0434782609
36 12 41	0.0909090909
10 31 9	0.1176470588
9 6 9	0.0208333333
9 18 9	0.0222222222
4 33 6	0.0800000000
15 42 2	0.1666666667
31 37 26	0.2500000000
32 12 18	0.0434782609
9 41 5	0.0542168675
8 12 9	0.1428571429
9 36 16	0.0526315789
41 13 39	0.0106382979
40 41 34	0.1250000000
9 9 41	0.0064102564
30 16 34	0.0952380952
41 9 11	0.0740740741
7 41 40	0.1428571429
27 18 31	0.0714285714
28 17 40	0.1428571429
32 9 16	0.0121951220
40 34 41	0.0895522388
3 33 29	0.1250000000
14 9 11	0.0909090909
9 45 34	0.0400000000
9 25 4	0.1500000000
9 29 37	0.0500000000
30 26 39	0.0277777778
15 37 41	0.0769230769
9 26 16	0.0964912281
35 28 26	0.0833333333
40 37 41	0.0833333333
5 25 6	0.0357142857
27 25 41	0.0638297872
32 37 33	0.0454545455
17 4 5	0.0909090909
36 16 34	0.0833333333
30 43 5	0.0400000000
10 5 18	0.1428571429
3 43 43	0.1176470588
35 43 40	0.1250000000
30 33 9	0.0625000000
36 36 5	0.0769230769
33 16 6	0.0819672131
33 36 10	0.1428571429
6 7 40	0.1000000000
1 14 9	0.1818181818
32 12 33	0.1034482759
27 13 9	0.0714285714
9 11 41	0.0674157303
32 0 28	0.0869565217
9 11 31	0.0327868852
2 6 41	0.0555555556
27 8 40	0.2500000000
5 1 3	0.1111111111
5 1 43	0.0869565217
35 13 26	0.0175438596
14 9 5	0.0133333333
9 25 39	0.0256410256
21 2 23	0.1666666667
6 4 16	0.0357142857
15 2 11	0.0666666667
34 35 39	0.0526315789
16 20 41	0.0833333333
6 16 4	0.1764705882
28 37 7	0.1666666667
9 6 40	0.1935483871
16 9 40	0.0666666667
40 0 6	0.1428571429
35 30 31	0.0208333333
43 38 21	0.1000000000
41 39 23	0.1666666667
27 28 31	0.1000000000
43 26 30	0.0294117647
41 6 29	0.1000000000
41 1 7	0.1562500000
1 36 21	0.1000000000
3 44 34	0.1250000000
27 10 36	0.1000000000
3 1 30	0.0277777778
3 6 16	0.0972222222
43 39 41	0.0416666667
41 12 36	0.0384615385
43 38 4	0.1666666667
14 11 7	0.2500000000
1 33 15	0.1428571429
9 0 38	0.0250000000
41 40 34	0.0625000000
6 34 6	0.0476190476
31 18 16	0.0769230769
5 8 17	0.1000000000
30 43 35	0.0384615385
33 25 7	0.0769230769
14 9 10	0.1379310345
31 27 41	0.0681818182
28 38 38	0.0312500000
30 11 4	0.0909090909
15 0 39	0.0215053763
31 25 38	0.0454545455
32 14 9	0.0400000000
3 10 5	0.0689655172
6 40 34	0.0555555556
4 7 7	0.1428571429
1 44 6	0.1000000000
3 1 5	0.0312500000
40 0 16	0.0526315789
30 13 10	0.1666666667
36 31 25	0.1111111111
16 9 28	0.0232558140
35 31 9	0.0487804878
41 6 27	0.0142857143
3 36 10	0.1428571429
23 0 34	0.0416666667
35 38 9	0.0555555556
27 25 16	0.0882352941
10 4 35	0.0769230769
30 31 9	0.0625000000
4 4 28	0.1176470588
4 46 5	0.0909090909
10 17 6	0.0625000000
36 30 33	0.1000000000
31 13 41	0.0487804878
36 13 10	0.1875000000
36 16 32	0.0769230769
5 43 40	0.1428571429
33 10 5	0.0344827586
5 4 17	0.1111111111
43 6 16	0.0285714286
14 45 16	0.0454545455
41 37 15	0.0909090909
40 0 41	0.0909090909
41 26 34	0.1153846154
34 16 10	0.1666666667
27 38 29	0.1428571429
7 15 41	0.1111111111
16 33 16	0.1111111111
1 41 9	0.1333333333
29 17 5	0.1666666667
16 16 6	0.0206185567
1 18 10	0.1304347826
27 43 30	0.0333333333
41 0 9	0.0285714286
16 10 32	0.1000000000
4 20 16	0.1000000000
32 30 6	0.0784313725
37 41 40	0.1111111111
36 2 5	0.1000000000
3 15 5	0.0625000000
31 41 5	0.0210526316
46 33 3	0.1111111111
32 8 34	0.0161290323
4 16 16	0.1951219512
27 16 9	0.0444444444
37 25 6	0.0625000000
9 0 6	0.0185185185
16 39 5	0.0333333333
17 31 26	0.0666666667
37 28 7	0.0625000000
31 33 6	0.0952380952
16 16 31	0.0285714286
27 38 4	0.1250000000
35 27 36	0.1304347826
33 41 20	0.1250000000
23 6 21	0.1666666667
9 32 3	0.0285714286
32 15 16	0.2000000000
32 18 34	0.0909090909
34 35 6	0.1250000000
3 3 23	0.2857142857
41 19 36	0.0714285714
6 41 28	0.0714285714
35 35 4	0.0625000000
14 6 41	0.0303030303
35 18 25	0.0454545455
15 16 25	0.0909090909
37 45 25	0.1000000000
5 33 26	0.0833333333
30 8 5	0.0454545455
5 14 34	0.0434782609
40 11 28	0.0555555556
29 36 10	0.1428571429
8 39 28	0.0256410256
16 4 16	0.0689655172
16 34 15	0.0588235294
35 18 6	0.0384615385
14 17 9	0.0769230769
41 34 6	0.0175438596
28 14 16	0.0535714286
9 32 39	0.0322580645
40 41 25	0.0416666667
29 8 38	0.0625000000
27 25 6	0.0909090909
5 45 10	0.1111111111
5 1 33	0.0833333333
30 33 26	0.1538461538
32 34 3	0.0769230769
9 26 31	0.0116279070
37 33 9	0.1428571429
16 28 6	0.0666666667
3 11 5	0.1111111111
35 1 43	0.0555555556
4 5 25	0.0769230769
8 36 40	0.2222222222
14 37 40	0.1764705882
27 45 3	0.1000000000
41 5 37	0.1666666667
31 30 34	0.0400000000
27 32 34	0.0714285714
16 37 36	0.0454545455
8 30 10	0.0909090909
41 34 10	0.0232558140
33 43 27	0.1250000000
16 28 41	0.0952380952
28 25 32	0.1111111111
31 26 32	0.1666666667
1 37 41	0.0625000000
16 31 33	0.0400000000
16 16 5	0.0377358491
35 38 40	0.1250000000
8 13 5	0.0322580645
14 19 40	0.1428571429
31 5 25	0.1000000000
3 1 40	0.1428571429
17 30 28	0.1000000000
28 28 29	0.0588235294
33 38 6	0.0294117647
31 38 16	0.0270270270
32 38 33	0.0454545455
33 30 17	0.1176470588
31 41 9	0.0054945055
41 31 43	0.0384615385
4 6 41	0.0952380952
1 8 40	0.2500000000
4 8 18	0.1250000000
8 30 26	0.1111111111
4 32 34	0.0298507463
17 13 10	0.1000000000
33 9 37	0.1000000000
36 31 40	0.0909090909
30 11 18	0.1250000000
46 18 38	0.1111111111
36 39 5	0.0588235294
9 45 9	0.0344827586
4 31 43	0.0434782609
9 25 6	0.0281690141
14 34 30	0.1428571429
43 26 10	0.1250000000
28 38 33	0.0666666667
15 3 10	0.2222222222
28 2 28	0.1111111111
14 41 29	0.1000000000
9 42 39	0.0909090909
6 34 15	0.1111111111
37 3 34	0.1111111111
2 33 33	0.0555555556
6 8 41	0.0555555556
3 44 25	0.1428571429
4 5 26	0.0625000000
36 26 6	0.0454545455
1 43 26	0.0588235294
15 4 15	0.1666666667
4 28 5	0.0714285714
32 36 39	0.1250000000
23 1 40	0.1250000000
27 9 41	0.0344827586
28 39 41	0.0588235294
5 33 15	0.0909090909
28 6 6	0.0500000000
41 41 3	0.1363636364
32 13 37	0.0714285714
28 29 29	0.1666666667
9 33 34	0.0289855072
8 2 21	0.1111111111
9 7 31	0.0222222222
16 25 40	0.1666666667
28 4 21	0.1666666667
8 19 34	0.0434782609
9 37 38	0.0344827586
35 16 25	0.0789473684
14 16 18	0.0625000000
8 11 15	0.1666666667
41 31 4	0.1538461538
33 43 28	0.1052631579
33 11 26	0.1538461538
5 33 35	0.0555555556
36 31 7	0.0476190476
16 0 9	0.0476190476
32 32 9	0.0476190476
9 6 35	0.0406504065
23 15 35	0.0500000000
40 39 26	0.0526315789
33 9 32	0.1500000000
30 30 43	0.0833333333
37 10 16	0.1000000000
4 5 35	0.1052631579
37 25 33	0.0769230769
2 12 9	0.0833333333
1 8 35	0.0714285714
46 41 41	0.1176470588
30 6 40	0.0769230769
16 9 30	0.0357142857
28 19 25	0.1666666667
5 33 40	0.0833333333
4 28 27	0.1428571429
41 28 28	0.0192307692
28 33 28	0.0769230769
27 34 37	0.2105263158
32 49 4	0.1666666667
7 31 10	0.0833333333
31 26 34	0.0428571429
14 41 31	0.0425531915
32 14 7	0.0344827586
35 40 29	0.2000000000
31 5 37	0.0333333333
35 16 7	0.0666666667
40 11 6	0.0357142857
6 16 18	0.0909090909
31 13 25	0.0232558140
9 25 2	0.0312500000
31 3 41	0.1176470588
33 26 10	0.1111111111
9 6 34	0.0312500000
35 3 36	0.0833333333
1 36 31	0.0322580645
7 13 7	0.1428571429
10 6 37	0.1111111111
23 40 35	0.0476190476
40 40 23	0.2857142857
17 36 28	0.0769230769
16 33 39	0.2222222222
46 37 34	0.0714285714
30 36 18	0.0434782609
28 20 18	0.0909090909
17 12 16	0.2500000000
5 6 34	0.0476190476
46 12 25	0.1428571429
15 39 32	0.1666666667
41 45 41	0.0384615385
36 18 5	0.1000000000
4 11 10	0.1428571429
46 33 43	0.0714285714
30 18 10	0.0689655172
23 31 2	0.0500000000
6 14 38	0.0909090909
23 30 35	0.0416666667
36 41 25	0.0769230769
32 33 32	0.0434782609
23 12 9	0.0250000000
28 19 34	0.0769230769
36 1 6	0.0588235294
16 40 37	0.1111111111
32 4 37	0.0333333333
35 34 16	0.0600000000
28 34 34	0.0172413793
8 18 31	0.0666666667
21 1 30	0.0909090909
34 17 6	0.1111111111
15 30 29	0.1111111111
7 15 16	0.0769230769
21 2 4	0.0909090909
8 9 7	0.1000000000
14 1 37	0.0588235294
2 32 32	0.1500000000
31 7 35	0.0192307692
40 14 25	0.0294117647
30 32 16	0.2083333333
8 38 33	0.0526315789
4 36 40	0.1428571429
9 16 26	0.0102040816
31 3 6	0.1052631579
30 4 5	0.0714285714
27 44 16	0.1000000000
3 46 5	0.0769230769
9 9 39	0.0119047619
23 3 29	0.0666666667
5 34 32	0.2222222222
41 34 35	0.0212765957
5 31 25	0.1111111111
35 19 16	0.1000000000
31 5 34	0.0172413793
3 46 29	0.1818181818
35 45 10	0.1666666667
35 29 11	0.0769230769
9 31 11	0.0408163265
31 41 31	0.0081967213
16 43 16	0.1666666667
32 42 41	0.0666666667
27 26 29	0.0666666667
17 4 17	0.0833333333
5 16 9	0.0833333333
31 15 32	0.1000000000
16 29 16	0.1481481481
2 6 6	0.0909090909
33 45 43	0.0500000000
41 33 41	0.0322580645
40 11 38	0.1052631579
27 6 32	0.0555555556
41 40 7	0.0833333333
46 37 25	0.1111111111
5 5 33	0.0666666667
14 6 4	0.0416666667
34 41 36	0.1111111111
8 18 28	0.0666666667
35 38 30	0.0400000000
15 35 3	0.1428571429
43 26 36	0.0714285714
27 33 4	0.1250000000
27 9 37	0.0555555556
41 25 36	0.1666666667
8 12 32	0.1250000000
32 28 34	0.1538461538
8 18 3	0.1250000000
9 12 18	0.0588235294
16 14 28	0.1923076923
4 42 5	0.1000000000
31 9 38	0.0250000000
1 28 26	0.1000000000
17 11 28	0.1111111111
33 3 33	0.1111111111
8 39 18	0.0526315789
1 43 5	0.0588235294
2 33 3	0.1000000000
4 34 7	0.1111111111
35 35 3	0.1176470588
32 31 37	0.0208333333
9 32 28	0.0416666667
9 14 36	0.0153846154
9 20 37	0.0769230769
28 33 3	0.1000000000
41 12 30	0.0571428571
28 46 4	0.1250000000
40 2 11	0.1428571429
41 11 9	0.0352941176
33 41 41	0.1000000000
3 40 5	0.0555555556
16 16 4	0.0384615385
37 16 5	0.0769230769
1 13 40	0.1538461538
3 16 6	0.0222222222
4 40 26	0.1000000000
30 25 41	0.0512820513
31 8 6	0.1176470588
15 43 15	0.1666666667
29 6 41	0.1250000000
17 37 41	0.0714285714
31 41 40	0.1250000000
5 6 40	0.0555555556
27 43 5	0.0833333333
10 36 27	0.1000000000
4 3 2	0.0769230769
36 33 35	0.0909090909
27 1 3	0.1250000000
14 13 39	0.0545454545
35 7 36	0.0555555556
3 34 7	0.1333333333
34 41 15	0.1111111111
27 30 10	0.1666666667
43 5 36	0.1818181818
31 43 16	0.0434782609
30 43 15	0.0714285714
17 31 7	0.0476190476
16 36 32	0.0833333333
31 32 25	0.1111111111
5 9 6	0.0888888889
23 6 41	0.0555555556
16 16 33	0.0303030303
29 31 28	0.0303030303
9 27 25	0.2500000000
29 41 39	0.1250000000
28 41 41	0.0860215054
1 17 2	0.1111111111
3 30 17	0.0769230769
2 32 9	0.0500000000
32 34 39	0.0136986301
15 11 33	0.0769230769
29 17 26	0.2222222222
27 5 18	0.0833333333
6 16 28	0.0425531915
2 29 27	0.1428571429
35 13 40	0.0909090909
31 41 21	0.0769230769
35 5 4	0.1500000000
28 12 34	0.0416666667
7 18 37	0.1250000000
21 10 36	0.1000000000
14 44 10	0.1666666667
40 3 30	0.1250000000
16 5 41	0.0133333333
43 38 33	0.1000000000
15 9 41	0.0833333333
16 25 36	0.0833333333
8 26 30	0.0303030303
6 32 36	0.1578947368
17 1 2	0.1666666667
33 43 43	0.0555555556
35 32 39	0.0476190476
5 25 41	0.0833333333
35 33 40	0.1250000000
37 2 9	0.1250000000
6 4 31	0.0333333333
31 31 2	0.1538461538
5 13 26	0.0909090909
31 13 39	0.0645161290
31 26 39	0.0200000000
9 46 9	0.0666666667
4 4 5	0.0625000000
9 18 32	0.1666666667
16 38 31	0.0454545455
41 6 6	0.0156250000
6 34 40	0.1666666667
17 31 40	0.0909090909
32 41 18	0.0200000000
17 13 26	0.1250000000
9 39 5	0.0190476190
1 18 5	0.1333333333
2 12 32	0.2222222222
31 1 37	0.0400000000
16 0 26	0.0285714286
35 43 5	0.0370370370
40 18 15	0.1666666667
28 30 15	0.1538461538
3 13 33	0.0625000000
16 5 16	0.0169491525
40 38 11	0.1428571429
16 20 6	0.0909090909
41 41 31	0.0212765957
7 35 6	0.1250000000
14 19 36	0.0666666667
1 17 3	0.1666666667
40 42 18	0.1000000000
5 29 15	0.1666666667
32 11 31	0.1000000000
36 30 28	0.1000000000
31 9 25	0.1304347826
30 28 15	0.0909090909
5 26 29	0.1000000000
34 13 34	0.1111111111
9 8 7	0.0666666667
9 9 3	0.0800000000
27 33 29	0.0769230769
33 19 37	0.1000000000
6 33 6	0.1111111111
27 8 15	0.2500000000
30 29 5	0.0714285714
3 8 2	0.0909090909
9 14 37	0.0266666667
16 34 5	0.0204081633
35 28 5	0.0526315789
2 6 16	0.1000000000
17 31 34	0.0800000000
46 8 3	0.1428571429
30 3 40	0.0769230769
1 13 9	0.0322580645
16 26 25	0.1111111111
29 30 17	0.1538461538
33 2 4	0.0666666667
23 34 37	0.0666666667
1 28 15	0.0909090909
40 14 37	0.0952380952
31 11 9	0.0192307692
34 32 29	0.1250000000
32 16 11	0.0333333333
14 25 15	0.1000000000
21 16 6	0.0714285714
34 31 34	0.0370370370
10 6 7	0.0833333333
16 31 16	0.0175438596
6 37 26	0.2222222222
31 19 40	0.1428571429
29 15 10	0.2500000000
37 43 32	0.1111111111
5 35 28	0.0909090909
41 8 31	0.0444444444
40 33 35	0.0625000000
4 36 15	0.1666666667
31 37 36	0.0370370370
9 42 20	0.1666666667
15 2 15	0.1111111111
14 17 7	0.0714285714
8 7 37	0.0833333333
6 41 3	0.1428571429
21 32 34	0.0714285714
35 35 29	0.0714285714
9 6 36	0.0338983051
16 39 41	0.0563380282
43 2 31	0.0312500000
9 38 37	0.0483870968
32 14 30	0.0200000000
9 11 20	0.0833333333
40 40 28	0.0714285714
31 7 3	0.0312500000
37 25 2	0.2222222222
4 33 39	0.0250000000
3 29 28	0.1538461538
2 36 5	0.1666666667
23 16 39	0.0909090909
35 36 5	0.0555555556
35 18 5	0.0625000000
3 11 26	0.1176470588
16 5 25	0.1250000000
8 6 29	0.1538461538
28 12 7	0.0625000000
32 41 11	0.0161290323
9 25 31	0.0238095238
9 10 20	0.2857142857
14 18 6	0.0322580645
31 25 40	0.0769230769
21 16 16	0.0370370370
9 39 34	0.0065789474
33 19 34	0.1000000000
32 0 3	0.0769230769
5 6 32	0.0434782609
27 37 6	0.0909090909
36 34 41	0.0526315789
15 6 32	0.0370370370
27 9 31	0.0416666667
8 5 15	0.0625000000
1 18 30	0.0322580645
33 6 6	0.0357142857
5 26 5	0.0714285714
27 6 37	0.0769230769
8 41 41	0.1176470588
14 18 41	0.0655737705
8 25 37	0.0666666667
9 19 3	0.1428571429
5 0 16	0.0666666667
28 46 29	0.1250000000
3 0 7	0.1428571429
31 34 10	0.0212765957
35 11 3	0.1000000000
23 35 36	0.0769230769
31 19 36	0.1538461538
30 38 15	0.1428571429
46 14 28	0.0909090909
23 30 40	0.1111111111
32 27 25	0.3333333333
16 31 18	0.0769230769
5 12 16	0.1578947368
33 9 25	0.1500000000
16 35 25	0.2000000000
31 34 18	0.0303030303
15 11 38	0.0689655172
30 26 43	0.0400000000
2 43 39	0.0909090909
35 14 7	0.0869565217
3 29 3	0.1111111111
1 16 9	0.0612244898
36 31 26	0.0666666667
37 5 41	0.1000000000
5 10 23	0.1666666667
7 6 36	0.1250000000
41 5 9	0.0166666667
35 21 11	0.2222222222
15 0 41	0.0512820513
33 10 40	0.1250000000
4 10 40	0.0909090909
23 29 27	0.0434782609
37 36 6	0.1111111111
16 14 38	0.0312500000
32 13 34	0.0555555556
29 37 37	0.1111111111
41 1 25	0.0196078431
16 32 26	0.1666666667
30 44 39	0.0500000000
2 33 18	0.0666666667
16 3 6	0.0869565217
17 4 35	0.0769230769
30 32 39	0.0909090909
30 17 3	0.0588235294
30 15 28	0.1250000000
41 44 41	0.0588235294
35 2 10	0.1250000000
41 25 40	0.1250000000
36 1 5	0.0588235294
33 20 43	0.0833333333
35 1 18	0.0454545455
16 21 6	0.0526315789
10 31 25	0.1428571429
31 19 26	0.0476190476
31 30 9	0.1212121212
16 36 34	0.1250000000
5 45 26	0.1000000000
30 43 26	0.0476190476
16 27 39	0.0952380952
6 28 31	0.0625000000
17 14 25	0.1666666667
23 29 28	0.0476190476
5 17 27	0.1428571429
14 19 26	0.0434782609
27 46 23	0.1666666667
30 31 5	0.0625000000
15 39 40	0.1250000000
1 18 25	0.0833333333
6 29 41	0.1071428571
1 44 39	0.0500000000
37 18 9	0.0714285714
4 30 40	0.1538461538
23 6 6	0.1000000000
37 6 35	0.0625000000
31 5 9	0.0344827586
28 42 40	0.1666666667
31 12 28	0.0434782609
14 6 27	0.0416666667
3 11 15	0.1000000000
15 28 37	0.0714285714
35 6 9	0.0126582278
6 32 11	0.1875000000
16 38 6	0.0666666667
3 43 38	0.1428571429
23 13 6	0.1333333333
33 5 35	0.0312500000
28 36 31	0.0500000000
34 32 23	0.1666666667
27 14 6	0.0666666667
7 28 7	0.1111111111
33 18 28	0.1111111111
21 8 28	0.1250000000
41 10 7	0.0370370370
30 17 18	0.0625000000
31 5 32	0.0769230769
30 6 37	0.0625000000
32 29 37	0.1250000000
23 28 43	0.0666666667
1 5 38	0.0625000000
31 7 16	0.0142857143
32 37 5	0.0344827586
8 30 30	0.0625000000
6 9 36	0.0909090909
28 36 15	0.1333333333
34 32 33	0.0714285714
43 26 11	0.1111111111
33 20 3	0.1666666667
35 20 36	0.0625000000
28 5 10	0.1428571429
15 14 25	0.0294117647
9 5 31	0.0166666667
46 35 26	0.1000000000
36 42 5	0.0400000000
3 3 18	0.0400000000
27 1 43	0.0714285714
27 37 41	0.0454545455
9 0 2	0.0588235294
33 0 37	0.1538461538
46 5 40	0.1428571429
33 30 40	0.0588235294
17 1 5	0.0666666667
5 25 31	0.0212765957
2 40 10	0.0625000000
31 30 39	0.0357142857
36 0 6	0.0625000000
27 44 39	0.0500000000
43 14 16	0.0384615385
15 29 36	0.1111111111
1 19 6	0.1000000000
16 6 21	0.1111111111
31 34 30	0.0217391304
27 36 15	0.0833333333
23 34 32	0.2173913043
37 19 18	0.1428571429
8 26 25	0.0357142857
1 39 17	0.0769230769
28 36 6	0.0400000000
30 8 40	0.0714285714
6 40 9	0.0526315789
31 9 35	0.0476190476
27 43 40	0.0833333333
32 18 9	0.1071428571
17 34 6	0.1250000000
32 26 6	0.0869565217
35 32 16	0.0746268657
30 43 11	0.0769230769
33 10 17	0.1176470588
9 40 6	0.0243902439
31 37 40	0.0833333333
29 29 23	0.2857142857
16 8 6	0.0769230769
2 12 18	0.1250000000
3 40 17	0.1111111111
4 31 18	0.0344827586
5 36 6	0.0344827586
6 16 5	0.0322580645
14 38 41	0.2000000000
30 36 31	0.0303030303
6 1 37	0.0909090909
15 41 37	0.0833333333
36 44 16	0.1666666667
32 45 25	0.1000000000
4 8 43	0.0625000000
41 3 6	0.0571428571
30 35 29	0.1000000000
3 36 15	0.1666666667
31 42 9	0.0434782609
3 38 34	0.0322580645
30 26 33	0.0454545455
21 28 31	0.1000000000
41 32 11	0.1428571429
4 33 3	0.1428571429
35 19 39	0.0909090909
28 20 5	0.0625000000
16 15 34	0.2222222222
1 5 43	0.0555555556
5 3 40	0.0833333333
23 15 26	0.0625000000
30 33 10	0.1000000000
35 43 26	0.0454545455
33 38 38	0.0588235294
9 9 21	0.0714285714
35 30 23	0.1666666667
17 2 5	0.1000000000
30 43 17	0.0833333333
4 18 18	0.0909090909
30 9 31	0.0434782609
32 36 16	0.0714285714
46 37 32	0.0666666667
5 33 9	0.0400000000
14 44 40	0.1666666667
27 16 32	0.0645161290
32 0 2	0.0476190476
33 3 18	0.1000000000
27 39 34	0.0500000000
6 30 34	0.0625000000
30 12 31	0.0588235294
27 33 40	0.1000000000
37 30 39	0.1111111111
1 12 6	0.0714285714
4 30 15	0.1111111111
28 20 33	0.0526315789
6 7 17	0.1111111111
2 36 10	0.2222222222
10 37 16	0.0625000000
3 42 5	0.1818181818
15 15 3	0.0714285714
27 41 41	0.1250000000
8 20 3	0.1666666667
14 44 9	0.0769230769
5 36 18	0.0769230769
15 16 7	0.0370370370
28 25 10	0.0714285714
5 6 7	0.0714285714
3 25 7	0.0833333333
16 3 41	0.1200000000
4 30 9	0.0312500000
9 31 9	0.0099009901
35 3 40	0.0833333333
35 38 36	0.0588235294
3 0 37	0.1176470588
32 32 29	0.0909090909
31 9 15	0.0285714286
23 13 2	0.1666666667
31 38 32	0.0666666667
6 37 5	0.1111111111
40 39 40	0.1428571429
30 12 6	0.1000000000
1 38 15	0.1428571429
10 28 10	0.0555555556
15 14 37	0.1250000000
8 41 6	0.1111111111
43 17 40	0.1428571429
30 13 30	0.0909090909
31 25 15	0.0769230769
29 9 7	0.0606060606
3 16 31	0.0256410256
3 36 26	0.0833333333
31 39 2	0.1000000000
10 41 37	0.1111111111
8 26 40	0.1111111111
31 39 35	0.0294117647
30 18 30	0.0344827586
31 32 30	0.0350877193
35 33 9	0.0434782609
29 10 15	0.2222222222
5 28 30	0.0476190476
3 15 10	0.1428571429
40 7 41	0.0689655172
23 10 15	0.1111111111
46 35 15	0.2857142857
28 38 29	0.1428571429
9 8 37	0.0750000000
21 12 34	0.0769230769
6 18 6	0.0833333333
6 0 40	0.2222222222
28 38 5	0.0333333333
17 34 31	0.1428571429
35 20 40	0.1250000000
8 15 10	0.1428571429
32 44 38	0.0833333333
17 2 40	0.1666666667
32 0 33	0.0370370370
41 35 9	0.0181818182
28 8 31	0.0625000000
33 34 32	0.0322580645
16 11 34	0.0476190476
29 31 18	0.0357142857
31 28 41	0.0714285714
4 12 9	0.1538461538
1 13 26	0.0416666667
35 19 6	0.0909090909
41 45 6	0.0625000000
5 18 10	0.1250000000
14 37 5	0.0833333333
37 3 25	0.1666666667
32 36 31	0.0555555556
46 18 6	0.1000000000
5 20 26	0.1000000000
9 37 31	0.0123456790
1 12 41	0.1666666667
23 11 10	0.1428571429
32 34 21	0.1250000000
34 30 16	0.0625000000
35 39 37	0.0540540541
8 2 31	0.0322580645
16 6 20	0.1666666667
5 39 7	0.1000000000
34 15 41	0.1111111111
41 6 41	0.0101010101
6 7 35	0.0869565217
6 7 15	0.2000000000
37 41 26	0.0769230769
10 28 35	0.0769230769
2 8 6	0.0526315789
8 38 29	0.1111111111
6 6 21	0.1666666667
7 41 15	0.1111111111
35 34 20	0.1000000000
5 17 4	0.0714285714
30 3 5	0.1666666667
23 15 9	0.0322580645
46 36 5	0.1111111111
16 14 5	0.0158730159
14 26 25	0.0151515152
27 18 25	0.0833333333
37 25 4	0.0714285714
23 35 26	0.0952380952
15 41 25	0.0555555556
32 33 34	0.0217391304
1 43 15	0.0666666667
46 18 2	0.1666666667
27 43 26	0.1000000000
14 6 16	0.0204081633
5 42 43	0.0769230769
17 27 10	0.0833333333
28 4 28	0.0714285714
43 7 37	0.1666666667
35 1 3	0.1428571429
16 39 16	0.0375000000
31 8 41	0.1200000000
28 31 41	0.0294117647
15 43 40	0.1250000000
16 16 39	0.0098039216
28 40 5	0.1111111111
29 17 10	0.1428571429
27 12 6	0.0400000000
3 15 35	0.0588235294
35 39 9	0.0277777778
40 43 40	0.1111111111
31 37 29	0.0322580645
30 1 3	0.1666666667
32 10 31	0.0178571429
28 40 35	0.1250000000
17 36 27	0.1250000000
9 32 4	0.0714285714
43 1 30	0.1666666667
40 41 7	0.1000000000
32 32 33	0.0909090909
8 38 3	0.0769230769
33 36 25	0.0714285714
28 25 9	0.1000000000
46 17 5	0.1666666667
32 11 16	0.0555555556
14 20 39	0.0263157895
14 1 34	0.0909090909
41 30 7	0.0645161290
34 29 37	0.1111111111
35 26 31	0.0196078431
40 16 10	0.0714285714
23 16 31	0.0217391304
4 35 25	0.0526315789
32 19 33	0.0769230769
36 33 5	0.2000000000
31 18 9	0.0232558140
41 42 37	0.1764705882
28 16 20	0.0769230769
7 13 34	0.1111111111
8 43 21	0.1666666667
35 26 33	0.0714285714
35 7 20	0.1666666667
8 3 27	0.1250000000
15 33 40	0.1250000000
6 9 10	0.0714285714
32 6 40	0.2000000000
2 37 9	0.1250000000
3 7 37	0.0294117647
35 3 15	0.0769230769
35 39 30	0.0322580645
1 13 30	0.0952380952
14 12 36	0.1250000000
16 35 34	0.0333333333
3 25 9	0.1250000000
46 14 18	0.0769230769
4 5 15	0.1250000000
1 16 16	0.0140845070
16 26 9	0.1176470588
36 1 38	0.0666666667
29 8 18	0.1818181818
6 8 16	0.1250000000
1 1 3	0.1666666667
2 12 25	0.1111111111
14 41 27	0.0400000000
30 10 3	0.1111111111
36 26 4	0.0666666667
40 16 32	0.1250000000
6 10 32	0.1000000000
15 39 9	0.1200000000
30 11 27	0.1000000000
28 20 28	0.0909090909
14 3 20	0.1666666667
30 15 27	0.0500000000
40 6 32	0.0384615385
31 32 26	0.1333333333
2 15 10	0.0714285714
5 14 25	0.0454545455
33 34 7	0.1250000000
37 39 26	0.1250000000
8 38 18	0.0434782609
3 8 43	0.0666666667
37 0 43	0.0833333333
46 35 5	0.0526315789
33 38 4	0.1666666667
8 45 3	0.1666666667
36 4 15	0.0666666667
4 20 41	0.0909090909
43 3 3	0.1000000000
31 12 11	0.0500000000
29 10 5	0.0714285714
27 8 35	0.0714285714
10 5 38	0.0909090909
36 9 41	0.1000000000
7 35 41	0.0769230769
41 37 30	0.0192307692
3 1 36	0.1153846154
33 25 37	0.1000000000
27 27 4	0.2500000000
9 9 6	0.0105263158
31 2 6	0.0277777778
31 2 32	0.0740740741
16 11 9	0.0277777778
3 20 6	0.1111111111
9 12 3	0.0322580645
40 33 15	0.1250000000
3 3 31	0.0333333333
15 2 40	0.1428571429
27 43 21	0.1666666667
28 43 38	0.1111111111
37 28 32	0.1250000000
3 18 3	0.1666666667
3 8 27	0.1428571429
27 16 39	0.0285714286
30 19 6	0.1000000000
33 1 30	0.0909090909
43 36 36	0.1111111111
27 43 31	0.0322580645
14 41 4	0.1176470588
14 16 23	0.1666666667
36 41 37	0.0588235294
31 17 6	0.0909090909
32 44 5	0.0666666667
41 34 17	0.0769230769
34 18 37	0.1250000000
15 16 37	0.1333333333
41 34 26	0.0750000000
14 5 9	0.0121951220
9 28 34	0.0333333333
31 7 41	0.0212765957
37 14 40	0.1428571429
35 18 30	0.0769230769
1 5 23	0.3750000000
16 39 31	0.0232558140
35 29 36	0.0500000000
8 2 23	0.1666666667
15 36 31	0.0625000000
9 17 9	0.1428571429
2 33 38	0.0909090909
37 9 18	0.0909090909
9 43 34	0.0370370370
41 13 16	0.0119047619
32 42 31	0.1428571429
37 2 7	0.0769230769
23 31 39	0.0285714286
7 16 30	0.1111111111
28 28 31	0.0161290323
7 35 39	0.0526315789
46 4 2	0.1250000000
9 45 25	0.0303030303
36 26 33	0.0909090909
32 39 15	0.1111111111
30 36 4	0.0454545455
16 16 28	0.0540540541
5 20 40	0.2222222222
35 5 39	0.0322580645
5 12 41	0.0500000000
2 17 5	0.1111111111
1 5 6	0.0500000000
46 33 18	0.0833333333
1 43 30	0.0192307692
40 7 16	0.0645161290
16 37 17	0.0714285714
35 15 28	0.0384615385
41 32 30	0.0243902439
35 0 41	0.0625000000
29 35 26	0.0833333333
3 2 2	0.0333333333
23 34 40	0.1111111111
16 31 4	0.0555555556
10 3 10	0.0769230769
6 7 5	0.0588235294
16 12 35	0.0454545455
9 39 17	0.0416666667
9 41 43	0.0129870130
30 38 9	0.0434782609
1 44 41	0.0909090909
8 26 5	0.0277777778
32 2 37	0.0909090909
33 45 39	0.0416666667
37 26 41	0.0322580645
36 39 9	0.0833333333
27 9 6	0.0500000000
4 30 17	0.0714285714
9 17 39	0.1666666667
2 18 2	0.1666666667
4 35 30	0.0212765957
8 36 10	0.0909090909
28 34 7	0.0322580645
40 42 2	0.1666666667
8 19 9	0.0500000000
27 44 6	0.0666666667
29 33 43	0.0588235294
36 26 2	0.0833333333
23 27 6	0.0625000000
15 16 10	0.0555555556
14 10 37	0.1666666667
6 32 30	0.0204081633
31 39 3	0.0434782609
33 6 4	0.0714285714
28 18 26	0.0357142857
6 1 25	0.0476190476
6 41 5	0.0625000000
2 17 10	0.1000000000
46 6 6	0.0909090909
17 36 18	0.1000000000
32 43 9	0.0263157895
1 43 25	0.0625000000
9 29 9	0.0138888889
29 41 41	0.0833333333
9 30 20	0.0588235294
28 8 21	0.1666666667
33 5 9	0.0256410256
15 6 9	0.0400000000
40 43 15	0.1666666667
16 34 26	0.0384615385
41 39 29	0.1000000000
27 30 30	0.0909090909
40 28 30	0.1250000000
15 3 30	0.0769230769
6 11 37	0.0714285714
31 9 28	0.0181818182
31 28 6	0.0588235294
6 0 26	0.0588235294
1 41 32	0.1111111111
9 39 37	0.0121951220
35 31 7	0.0333333333
17 41 25	0.1000000000
35 9 39	0.0238095238
1 20 10	0.0909090909
6 11 9	0.1111111111
3 31 20	0.1428571429
36 30 39	0.0588235294
35 35 28	0.0769230769
9 0 39	0.0097087379
3 40 35	0.1250000000
3 14 41	0.0147058824
35 34 6	0.0500000000
33 45 3	0.1250000000
28 13 5	0.0625000000
5 28 5	0.1666666667
35 30 28	0.0416666667
36 31 5	0.0666666667
35 40 27	0.0555555556
31 37 4	0.0454545455
35 28 15	0.1538461538
30 39 25	0.0416666667
14 6 29	0.0322580645
27 31 39	0.0344827586
1 30 3	0.1666666667
15 39 26	0.0714285714
9 19 2	0.0588235294
23 15 5	0.0303030303
35 34 39	0.0204081633
3 37 9	0.0833333333
33 19 6	0.0833333333
27 12 41	0.0322580645
5 17 38	0.0909090909
3 42 26	0.1666666667
31 39 4	0.0416666667
3 46 4	0.1818181818
8 26 36	0.0833333333
30 19 41	0.1428571429
28 9 37	0.1428571429
34 41 40	0.1428571429
33 20 18	0.0909090909
9 9 38	0.0270270270
32 36 41	0.0588235294
37 37 29	0.1428571429
31 14 33	0.0526315789
27 8 28	0.0714285714
3 13 3	0.0625000000
21 3 31	0.1000000000
3 29 31	0.0204081633
21 10 11	0.0769230769
29 5 26	0.0500000000
1 33 40	0.1666666667
33 39 28	0.0344827586
35 25 41	0.0357142857
14 0 10	0.1666666667
32 39 30	0.0256410256
37 25 27	0.1428571429
27 44 7	0.1250000000
10 3 26	0.1538461538
31 25 2	0.1000000000
30 26 5	0.0256410256
17 28 15	0.1666666667
31 41 35	0.0178571429
9 33 37	0.0303030303
40 14 34	0.0666666667
32 9 5	0.0416666667
31 0 28	0.0416666667
5 45 25	0.0769230769
27 37 31	0.0588235294
8 38 5	0.0263157895
31 9 40	0.0434782609
28 20 3	0.0833333333
23 10 5	0.0769230769
16 7 5	0.0588235294
5 31 32	0.0666666667
40 26 4	0.1111111111
32 6 36	0.0588235294
10 5 6	0.0714285714
28 25 34	0.0270270270
31 14 3	0.0714285714
40 43 30	0.1000000000
27 33 35	0.0434782609
17 28 40	0.1428571429
5 45 30	0.0625000000
9 17 6	0.0526315789
10 9 6	0.1250000000
15 18 15	0.1666666667
5 14 37	0.0833333333
23 4 28	0.0714285714
46 36 10	0.1250000000
31 39 27	0.0357142857
41 34 41	0.0181818182
32 31 30	0.0178571429
9 35 39	0.0384615385
31 14 9	0.0144927536
15 29 11	0.1250000000
30 38 30	0.0714285714
30 13 5	0.0526315789
14 9 26	0.0322580645
5 10 4	0.1000000000
34 31 7	0.0909090909
6 12 30	0.1666666667
9 20 34	0.0333333333
16 14 6	0.0232558140
23 0 30	0.0476190476
3 40 40	0.0909090909
9 7 21	0.1000000000
17 31 5	0.0666666667
17 31 25	0.1111111111
33 30 15	0.0714285714
4 31 3	0.0416666667
9 41 11	0.0090090090
7 31 34	0.0370370370
2 8 38	0.0769230769
6 43 39	0.1111111111
31 33 31	0.0476190476
17 27 40	0.1000000000
30 30 3	0.1666666667
14 9 35	0.0434782609
29 5 35	0.0769230769
41 20 39	0.0312500000
14 28 41	0.0487804878
3 43 3	0.1666666667
28 18 18	0.0344827586
31 35 25	0.1428571429
31 32 5	0.2500000000
35 26 28	0.0909090909
16 37 40	0.0833333333
23 7 7	0.0645161290
29 35 25	0.0625000000
31 14 43	0.0256410256
27 36 27	0.0833333333
35 38 5	0.0208333333
28 38 39	0.0243902439
28 29 31	0.0333333333
4 7 34	0.1428571429
28 1 9	0.0344827586
14 6 28	0.0625000000
15 36 21	0.1666666667
29 11 5	0.1000000000
10 33 9	0.1111111111
41 20 6	0.0909090909
4 36 10	0.0769230769
31 39 40	0.0526315789
41 35 7	0.1111111111
41 41 43	0.0222222222
9 3 9	0.0105263158
1 11 27	0.0625000000
23 2 4	0.0909090909
23 10 40	0.1111111111
16 10 37	0.0416666667
41 25 15	0.1111111111
6 28 6	0.0769230769
6 3 39	0.0263157895
46 27 28	0.1250000000
21 2 31	0.0312500000
8 19 37	0.0952380952
34 35 41	0.0769230769
30 33 5	0.0833333333
8 5 5	0.0204081633
10 29 5	0.1000000000
1 43 10	0.0800000000
29 35 5	0.0526315789
31 12 17	0.1000000000
15 16 34	0.0238095238
30 12 41	0.0909090909
14 18 39	0.0350877193
33 33 4	0.0769230769
16 11 7	0.0588235294
8 26 26	0.0454545455
33 26 15	0.1428571429
21 35 11	0.0909090909
36 2 10	0.1666666667
41 28 39	0.0217391304
32 26 31	0.0416666667
2 12 34	0.0526315789
32 11 41	0.0625000000
31 44 40	0.1250000000
8 9 32	0.1428571429
10 32 6	0.0625000000
31 43 41	0.0909090909
43 5 10	0.1000000000
41 34 16	0.0087719298
34 13 7	0.1428571429
27 36 18	0.0625000000
4 35 26	0.0714285714
3 13 39	0.0243902439
29 33 2	0.1428571429
5 39 34	0.0416666667
14 2 41	0.0714285714
14 14 41	0.0277777778
34 36 6	0.0833333333
15 10 28	0.1111111111
35 6 36	0.0185185185
23 0 10	0.0666666667
2 5 5	0.0357142857
8 8 23	0.1666666667
28 39 33	0.1428571429
40 13 10	0.0833333333
27 43 25	0.0769230769
34 1 16	0.0666666667
30 17 33	0.0645161290
1 33 35	0.0909090909
9 2 34	0.0151515152
8 9 35	0.0833333333
30 3 30	0.0285714286
10 12 39	0.0833333333
10 41 9	0.1111111111
30 33 15	0.1250000000
28 25 25	0.1666666667
16 36 7	0.0714285714
14 25 26	0.0175438596
29 41 6	0.0666666667
8 14 38	0.0333333333
30 32 31	0.0526315789
46 33 33	0.0769230769
33 30 35	0.0416666667
23 31 31	0.0526315789
32 3 9	0.0119047619
32 16 25	0.0344827586
43 30 11	0.0909090909
37 38 7	0.0666666667
1 18 36	0.1111111111
37 36 31	0.1250000000
9 10 6	0.0126582278
4 28 18	0.0666666667
29 8 6	0.0500000000
15 30 4	0.0833333333
9 13 9	0.0277777778
16 9 35	0.0434782609
33 18 2	0.1666666667
2 37 34	0.0555555556
41 28 31	0.0232558140
46 29 27	0.1111111111
10 16 25	0.1428571429
9 8 25	0.0416666667
46 28 27	0.1250000000
15 1 5	0.0769230769
15 45 10	0.1111111111
30 20 40	0.1111111111
4 36 5	0.1000000000
10 5 28	0.1428571429
33 38 29	0.1000000000
41 30 32	0.0312500000
5 36 38	0.0588235294
31 19 10	0.0769230769
8 44 7	0.1250000000
36 36 18	0.1000000000
5 6 37	0.0588235294
10 4 15	0.0714285714
35 36 6	0.0208333333
36 28 40	0.1428571429
2 40 40	0.0833333333
43 43 29	0.1428571429
9 15 39	0.0212765957
23 35 5	0.0833333333
15 8 10	0.1428571429
30 13 40	0.0833333333
5 36 27	0.0909090909
33 34 34	0.1111111111
36 27 40	0.1000000000
5 14 7	0.0476190476
35 31 25	0.0294117647
27 35 11	0.0909090909
35 26 21	0.1000000000
8 1 30	0.1666666667
4 6 16	0.0666666667
36 19 41	0.1000000000
10 28 26	0.1538461538
40 11 33	0.0769230769
17 11 5	0.0555555556
1 30 43	0.0714285714
6 40 32	0.0769230769
8 30 40	0.1250000000
14 36 25	0.1250000000
41 14 2	0.0909090909
37 2 34	0.0833333333
41 18 6	0.0232558140
2 8 18	0.0833333333
32 31 41	0.0090090090
9 4 37	0.0416666667
32 44 33	0.1111111111
16 9 26	0.0666666667
30 8 17	0.1000000000
7 16 10	0.1666666667
40 16 34	0.0312500000
27 39 25	0.0526315789
10 28 40	0.0909090909
15 28 30	0.0833333333
37 0 18	0.0909090909
6 1 34	0.0588235294
35 31 34	0.0181818182
40 6 9	0.0434782609
