0	0.0000000000
1	0.0000000000
2	0.0000000000
3	0.0000000000
4	0.0000000000
5	0.0000000000
6	0.0000000000
7	0.0000000000
8	0.0000000000
9	0.0000000000
10	0.0000000000
11	0.0000000000
12	0.0000000000
13	0.0000000000
14	0.0000000000
15	0.0000000000
16	0.0000000000
17	0.0000000000
18	0.0000000000
19	0.0000000000
20	0.0000000000
21	0.0000000000
22	0.0000000000
23	0.0000000000
24	0.0000000000
25	0.0000000000
26	0.0000000000
27	0.0000000000
28	0.0000000000
29	0.0000000000
30	0.0000000000
31	0.0000000000
32	0.0000000000
33	0.0000000000
34	0.0000000000
35	0.0000000000
36	0.0000000000
37	0.0000000000
38	0.0000000000
39	0.0000000000
40	0.0000000000
41	0.0000000000
42	0.0000000000
43	0.0000000000
44	0.0000000000
45	0.0000000000
46	0.0000000000
47	0.0000000000
48	0.0000000000
50	0.0000000000
9 10	0.0909090909
16 28	0.2000000000
35 7	0.1428571429
16 3	0.2631578947
29 31 34	0.0169491525
40 12 10	0.1250000000
31 43 10	0.1428571429
16 34 31	0.1313131313
4 32 3	0.2380952381
4 31	0.0416666667
7 12 7	0.1428571429
34 4	0.1000000000
10 16 3	0.3333333333
16 39 34	0.1153846154
4 16	0.1000000000
4 6	0.1111111111
4 1 6	0.0882352941
35 34	0.1000000000
9 15	0.1000000000
16 5 28	0.2083333333
14 34 31	0.1428571429
29 16	0.1250000000
16 29	0.0714285714
34 3 3	0.1250000000
30 39 3	0.2000000000
27 30 31	0.1428571429
32 34 49	0.3750000000
27 31	0.1428571429
27 41	0.1000000000
4 41	0.0769230769
16 38 10	0.1081081081
18 9 28	0.2500000000
9 28 2	0.0666666667
32 41 41	0.0149253731
43 28 34	0.0512820513
40 8 6	0.1071428571
10 34	0.0769230769
10 3 31	0.0800000000
27 45 34	0.0714285714
29 32 28	0.1052631579
30 7	0.1111111111
41 37 6	0.1250000000
9 7 49	0.3750000000
32 10	0.1176470588
29 8 7	0.3000000000
16 6 37	0.1304347826
43 8 34	0.2000000000
9 39 16	0.0714285714
31 3	0.0833333333
4 8 7	0.3333333333
9 7 3	0.0227272727
10 7	0.2000000000
27 28 7	0.1666666667
31 12 31	0.0357142857
9 0 7	0.2400000000
40 6 28	0.2666666667
1 10 49	0.1666666667
4 32 27	0.0476190476
43 9 28	0.2058823529
16 14 7	0.1864406780
32 13 28	0.1666666667
4 17 6	0.1176470588
29 42 31	0.0555555556
31 28	0.0833333333
16 36 3	0.1000000000
43 25 27	0.0606060606
27 16	0.0666666667
34 7 37	0.1176470588
1 7	0.0909090909
43 6	0.0625000000
15 36 7	0.1250000000
35 30 34	0.0416666667
1 39 3	0.0714285714
16 30 33	0.0487804878
43 41	0.0416666667
43 16	0.0384615385
4 4 7	0.1304347826
37 34 25	0.0714285714
40 37	0.1666666667
29 31	0.0434782609
16 6 7	0.1025641026
16 5 2	0.0263157895
16 7 31	0.1043478261
16 44 6	0.0645161290
32 27 3	0.2000000000
35 31 28	0.1428571429
9 41 6	0.0879120879
32 37 7	0.4166666667
10 29 31	0.0800000000
31 30 3	0.2777777778
43 11 16	0.1142857143
43 39	0.0333333333
10 10 49	0.1666666667
10 40 7	0.1176470588
35 28 31	0.1153846154
15 37	0.1111111111
1 28 31	0.1132075472
31 34 39	0.0250000000
9 9 7	0.1230769231
31 37 41	0.0800000000
15 6 3	0.2500000000
32 29 29	0.0833333333
16 34 39	0.0578512397
34 7 7	0.0833333333
43 36 6	0.1176470588
9 6 16	0.0967741935
37 41 41	0.0588235294
40 31 28	0.1363636364
14 12 31	0.0769230769
29 11 16	0.0476190476
18 11 31	0.2142857143
32 38 3	0.3076923077
43 17 41	0.0545454545
43 39 10	0.1136363636
43 45 25	0.0588235294
4 37 29	0.0625000000
27 29 49	0.1666666667
35 6 4	0.1250000000
10 31 3	0.2368421053
35 41 3	0.0714285714
1 34	0.0555555556
40 5 7	0.4000000000
43 5 6	0.1000000000
10 15 7	0.1111111111
31 41 7	0.1836734694
32 6 16	0.1449275362
40 21 31	0.0833333333
40 14 3	0.2000000000
9 37 37	0.1052631579
9 39 31	0.1000000000
1 15 37	0.1666666667
30 16 3	0.2000000000
9 5 10	0.1428571429
32 5 15	0.1428571429
35 35 34	0.0588235294
34 18 3	0.1250000000
15 16 29	0.1111111111
35 3 31	0.1403508772
16 26 27	0.0500000000
10 5 7	0.2000000000
4 28 7	0.1290322581
27 33 7	0.2222222222
4 11 31	0.0952380952
29 6	0.1111111111
43 8 7	0.1666666667
16 35 27	0.1000000000
16 8 15	0.1666666667
9 2 3	0.1481481481
18 39	0.0625000000
35 41 4	0.1428571429
9 27 28	0.2333333333
41 14 7	0.1428571429
16 34 16	0.0726256983
18 26 6	0.1578947368
30 6 27	0.0833333333
9 7 7	0.1176470588
34 2 4	0.1111111111
10 9 10	0.0689655172
40 31 4	0.0666666667
4 0 33	0.1250000000
43 41 15	0.2500000000
18 42 31	0.0500000000
10 4 16	0.0937500000
4 14 15	0.1111111111
34 31 29	0.0833333333
29 3 7	0.1111111111
4 28 34	0.0555555556
31 16 7	0.1666666667
27 35 41	0.0625000000
18 39 7	0.0869565217
35 18 39	0.0200000000
4 12 3	0.4210526316
29 37 28	0.0666666667
30 36 25	0.0869565217
40 18 6	0.0909090909
27 4 7	0.1428571429
7 34 37	0.0909090909
35 29 6	0.1428571429
43 10 16	0.1052631579
32 28 2	0.0769230769
32 3 4	0.1250000000
40 29 31	0.0454545455
9 13 28	0.1481481481
4 37 28	0.0833333333
32 41 39	0.0352941176
35 34 10	0.0769230769
43 25 3	0.1136363636
16 16 7	0.1607142857
34 31 16	0.0317460317
16 5 3	0.1904761905
14 16 34	0.1000000000
9 27 3	0.2142857143
40 6 3	0.2941176471
7 31 16	0.0408163265
10 3 16	0.1363636364
16 29 10	0.0833333333
43 42 39	0.0588235294
32 41 31	0.0945945946
43 25 2	0.0491803279
16 10 28	0.1538461538
9 32 34	0.0666666667
40 16 29	0.1538461538
31 26 4	0.1000000000
9 41 31	0.0707070707
9 44 7	0.2500000000
4 9 28	0.1052631579
43 26 31	0.1000000000
1 30 34	0.0909090909
1 3 31	0.1111111111
16 33 10	0.0454545455
31 12 41	0.0322580645
29 2 7	0.1666666667
34 34 7	0.2307692308
10 29 16	0.1311475410
32 34 25	0.0571428571
31 10 3	0.1000000000
16 0 6	0.0800000000
16 11 33	0.0625000000
41 19 6	0.1428571429
18 12 28	0.2222222222
10 12 10	0.1538461538
43 9 27	0.0370370370
49 9 7	0.2142857143
9 37 7	0.3846153846
49 16 6	0.0833333333
9 14 6	0.0363636364
49 41 31	0.0937500000
10 30 7	0.2000000000
16 31 34	0.0571428571
31 28 31	0.0238095238
16 42 33	0.1428571429
16 37 41	0.1052631579
9 10 10	0.0833333333
43 5 16	0.0533333333
16 35 3	0.0588235294
29 35 16	0.0869565217
14 38 10	0.1111111111
14 5 28	0.2222222222
31 30 38	0.0952380952
29 17 6	0.1454545455
10 14 6	0.0277777778
32 39 3	0.1428571429
7 9 49	0.1666666667
29 32 3	0.3000000000
29 27 7	0.2857142857
4 10 31	0.0937500000
34 29 28	0.0909090909
16 39 37	0.1538461538
43 13 7	0.2580645161
10 28 31	0.0652173913
4 31 10	0.0270270270
1 7 10	0.0555555556
43 9 3	0.2631578947
16 30 28	0.1515151515
31 0 16	0.0163934426
4 1 41	0.0363636364
7 31 39	0.0238095238
7 4 28	0.1250000000
27 29 7	0.1250000000
16 10 3	0.1875000000
40 33 6	0.1304347826
35 11 25	0.0869565217
4 5 6	0.1500000000
1 16 29	0.0769230769
4 11 16	0.0563380282
27 42 16	0.0833333333
34 41 25	0.0357142857
16 0 39	0.0210526316
9 13 3	0.3043478261
1 30 7	0.2500000000
31 12 16	0.0789473684
31 26 3	0.0833333333
27 26 6	0.1052631579
9 33 28	0.2142857143
34 32 6	0.0540540541
43 25 38	0.0185185185
4 2 7	0.2222222222
43 36 41	0.0576923077
30 18 6	0.0952380952
34 8 3	0.2222222222
4 34 33	0.1250000000
31 7 16	0.1538461538
29 8 34	0.0625000000
16 37 6	0.1521739130
7 9 7	0.1600000000
16 35 28	0.0714285714
9 31 38	0.0540540541
32 0 7	0.1818181818
29 13 7	0.1666666667
10 46 6	0.1538461538
9 26 10	0.0555555556
16 30 3	0.2941176471
31 7 31	0.0943396226
35 30 7	0.3200000000
16 26 28	0.2105263158
16 14 15	0.1000000000
34 27 3	0.0500000000
34 10 28	0.1000000000
35 1 7	0.3333333333
30 16 28	0.2000000000
14 2 10	0.0769230769
1 41 3	0.2105263158
9 4 3	0.0434782609
14 5 3	0.2222222222
43 26 41	0.0138888889
34 14 25	0.0322580645
10 4 31	0.0882352941
18 34 29	0.1111111111
4 28 25	0.0588235294
30 18 39	0.0312500000
18 11 16	0.1000000000
10 30 37	0.0869565217
9 16 31	0.0652173913
9 33 3	0.1904761905
4 10 16	0.1666666667
43 28 7	0.1470588235
18 36 6	0.1428571429
18 19 33	0.0666666667
32 12 7	0.4166666667
32 33 29	0.0769230769
16 12 6	0.1250000000
29 36 6	0.1346153846
49 3 3	0.3333333333
31 34 16	0.0434782609
16 7 16	0.1505376344
27 10 16	0.1538461538
43 5 31	0.0444444444
1 33 41	0.0909090909
29 27 34	0.1000000000
9 8 3	0.3076923077
16 34 6	0.0333333333
31 18 10	0.1428571429
29 28 7	0.1764705882
35 31 3	0.1666666667
30 44 10	0.1111111111
1 14 33	0.1428571429
34 7 16	0.0476190476
41 26 28	0.1428571429
10 6 6	0.0857142857
1 34 10	0.1250000000
34 5 10	0.1000000000
9 14 41	0.0357142857
31 0 41	0.0172413793
4 42 16	0.1212121212
1 3 16	0.0750000000
32 14 6	0.0487804878
16 6 34	0.0408163265
9 12 7	0.4166666667
41 26 3	0.2727272727
27 28 34	0.1000000000
31 34 31	0.1428571429
10 5 34	0.0545454545
31 14 7	0.1818181818
43 33 37	0.1538461538
27 9 28	0.0588235294
7 23 29	0.1111111111
32 14 41	0.0172413793
34 6 37	0.0769230769
34 27 4	0.1000000000
1 41 28	0.1428571429
27 4 34	0.1666666667
4 9 3	0.1666666667
10 36 25	0.0625000000
32 31 38	0.0294117647
1 42 7	0.1666666667
27 8 7	0.1666666667
15 21 31	0.1428571429
43 43 7	0.0975609756
4 1 16	0.0196078431
30 19 10	0.1111111111
27 37 29	0.1111111111
43 37 29	0.0952380952
4 30 6	0.0476190476
40 27 16	0.0937500000
1 25 15	0.1428571429
16 31 7	0.1481481481
32 21 28	0.2500000000
43 26 16	0.0595238095
10 42 37	0.0714285714
30 30 7	0.1428571429
29 31 7	0.0425531915
4 27 34	0.1052631579
16 11 28	0.0625000000
43 11 6	0.1052631579
4 11 39	0.0697674419
34 31 41	0.0289855072
35 41 28	0.0625000000
9 38 3	0.3076923077
15 8 6	0.1052631579
18 44 3	0.1428571429
9 39 3	0.0937500000
18 34 33	0.1428571429
10 8 6	0.1153846154
15 18 6	0.0588235294
40 35 25	0.0400000000
29 9 28	0.0555555556
29 29 34	0.0909090909
31 37 6	0.0500000000
4 31 34	0.0133333333
27 46 37	0.1111111111
7 41 39	0.0454545455
30 16 2	0.0555555556
31 11 33	0.0869565217
29 37 3	0.2000000000
4 3 34	0.0869565217
31 16 37	0.1052631579
4 4 34	0.1428571429
34 40 10	0.0833333333
31 41 34	0.0740740741
29 12 3	0.1764705882
10 16 33	0.0625000000
40 27 31	0.1379310345
16 31 37	0.1379310345
10 29 6	0.1034482759
7 18 3	0.1250000000
16 19 41	0.0769230769
30 14 6	0.0666666667
40 32 15	0.1111111111
27 0 33	0.1428571429
16 8 10	0.0833333333
7 3 3	0.1000000000
9 7 34	0.1219512195
34 11 3	0.1000000000
35 35 7	0.0833333333
1 33 6	0.1666666667
34 31 39	0.0196078431
32 44 7	0.2500000000
4 9 2	0.0322580645
1 16 2	0.1250000000
43 30 41	0.1052631579
31 0 39	0.0121951220
9 16 6	0.0459770115
10 30 25	0.0750000000
40 5 34	0.1333333333
30 38 6	0.1428571429
16 36 29	0.1034482759
7 16 6	0.1111111111
43 20 7	0.0909090909
10 33 41	0.0588235294
27 33 34	0.1000000000
32 41 6	0.0392156863
40 21 16	0.1200000000
43 33 7	0.1666666667
43 26 39	0.0129870130
10 16 28	0.1818181818
32 35 15	0.1111111111
30 39 28	0.0714285714
16 26 3	0.2380952381
43 26 6	0.0923076923
35 6 3	0.0833333333
32 5 10	0.0740740741
31 33 15	0.1666666667
18 42 16	0.0833333333
9 14 16	0.0202020202
34 31 34	0.0487804878
9 41 39	0.0294117647
9 5 15	0.1250000000
27 9 3	0.1578947368
35 5 7	0.0714285714
34 13 2	0.0625000000
7 31 29	0.0666666667
31 44 41	0.0625000000
43 3 7	0.0909090909
27 35 6	0.1578947368
27 32 4	0.1428571429
15 17 7	0.1250000000
9 6 6	0.0222222222
29 33 7	0.1428571429
10 27 41	0.0769230769
1 41 38	0.0625000000
32 21 3	0.3000000000
15 21 16	0.1428571429
18 2 34	0.1250000000
16 30 38	0.0750000000
29 30 16	0.0961538462
10 1 7	0.1578947368
29 31 10	0.0294117647
34 28 28	0.0476190476
10 41 38	0.0666666667
10 6 3	0.1111111111
43 37 3	0.0800000000
31 41 49	0.3750000000
40 33 41	0.0294117647
16 1 38	0.0444444444
18 5 6	0.0769230769
49 31 41	0.0416666667
14 6 34	0.1111111111
14 37 31	0.0555555556
4 36 41	0.0208333333
4 13 7	0.2307692308
35 4 6	0.1666666667
31 42 3	0.1111111111
34 7 31	0.0400000000
35 31 27	0.0476190476
16 30 2	0.0408163265
4 2 49	0.1666666667
30 26 34	0.0400000000
9 7 28	0.0227272727
35 8 6	0.1250000000
4 35 31	0.1363636364
15 33 41	0.0434782609
43 38 34	0.1142857143
27 1 16	0.0476190476
35 35 49	0.1666666667
31 19 41	0.1176470588
4 31 7	0.0727272727
9 27 27	0.0625000000
32 16 6	0.0545454545
29 28 34	0.0833333333
40 41 3	0.1428571429
16 12 41	0.0454545455
1 14 28	0.1111111111
10 29 41	0.0625000000
29 11 39	0.0714285714
9 37 34	0.1428571429
4 16 10	0.1000000000
4 30 16	0.0833333333
1 38 41	0.0869565217
35 29 41	0.0833333333
4 30 31	0.1111111111
43 14 15	0.1818181818
31 26 27	0.0714285714
34 5 3	0.1428571429
10 11 7	0.3333333333
40 35 7	0.4000000000
10 6 41	0.0270270270
37 26 10	0.1333333333
32 3 3	0.0769230769
35 3 16	0.1250000000
43 39 7	0.0317460317
31 37 31	0.0434782609
43 8 37	0.1764705882
49 28 28	0.2500000000
35 36 25	0.0869565217
30 26 10	0.0400000000
15 32 15	0.1111111111
37 20 3	0.1250000000
31 39 37	0.1250000000
9 28 27	0.0666666667
4 35 6	0.1250000000
14 7 31	0.1000000000
9 35 15	0.2727272727
32 37 34	0.1428571429
7 31 31	0.0322580645
7 14 16	0.0322580645
16 12 16	0.0612244898
4 16 15	0.0714285714
35 28 16	0.1562500000
16 9 6	0.0357142857
34 41 31	0.1428571429
7 27 27	0.1000000000
16 11 3	0.1052631579
16 36 28	0.0434782609
9 45 38	0.1111111111
31 29 10	0.0625000000
32 13 33	0.1052631579
30 26 7	0.1111111111
32 37 37	0.1250000000
34 0 39	0.0500000000
18 36 41	0.0666666667
29 10 31	0.0689655172
49 32 34	0.1071428571
43 33 34	0.1250000000
41 19 41	0.0588235294
43 7 4	0.1428571429
30 10 7	0.1428571429
1 28 16	0.1282051282
31 16 25	0.0303030303
34 37 7	0.1666666667
4 36 39	0.0370370370
1 6 3	0.1818181818
4 33 7	0.3125000000
40 12 6	0.0357142857
16 6 49	0.3750000000
29 30 31	0.1250000000
34 15 10	0.0909090909
18 25 4	0.1250000000
32 31 41	0.0147058824
29 37 29	0.1111111111
34 27 27	0.0454545455
30 10 37	0.1000000000
16 11 29	0.0400000000
35 20 6	0.1000000000
10 36 7	0.2500000000
31 31 7	0.1538461538
4 14 10	0.0588235294
29 6 10	0.0769230769
4 37 2	0.0370370370
31 14 34	0.0200000000
18 12 3	0.1666666667
29 10 16	0.1250000000
43 43 34	0.0943396226
30 39 4	0.0769230769
49 6 16	0.1363636364
31 11 3	0.1666666667
40 4 41	0.0909090909
18 0 33	0.1250000000
4 27 7	0.2941176471
27 33 37	0.1111111111
35 13 6	0.0769230769
43 42 31	0.0833333333
27 5 41	0.0476190476
41 7 16	0.1000000000
10 9 15	0.1428571429
32 28 27	0.0833333333
29 29 7	0.0909090909
43 39 15	0.0454545455
7 41 6	0.0833333333
32 34 7	0.0833333333
4 9 33	0.0555555556
4 12 28	0.2941176471
43 39 37	0.0270270270
41 7 31	0.1000000000
15 5 7	0.3333333333
9 21 28	0.2000000000
41 5 3	0.1538461538
40 36 34	0.0625000000
34 1 28	0.1111111111
9 41 41	0.0288461538
32 9 7	0.0714285714
43 43 37	0.1000000000
4 32 4	0.0909090909
18 9 2	0.0909090909
9 29 29	0.1481481481
43 1 6	0.0500000000
18 37 3	0.1000000000
31 12 6	0.1034482759
4 3 7	0.1333333333
16 14 25	0.0303030303
14 41 7	0.1111111111
15 27 31	0.1111111111
31 30 2	0.0344827586
4 37 37	0.0270270270
1 6 28	0.0769230769
34 31 7	0.0869565217
16 45 15	0.2500000000
7 27 28	0.0909090909
4 36 6	0.0540540541
15 5 34	0.1538461538
1 40 37	0.1000000000
9 33 2	0.0500000000
10 41 29	0.0769230769
31 30 28	0.2352941176
4 9 27	0.0952380952
9 0 34	0.0303030303
9 33 27	0.0588235294
27 32 3	0.2500000000
1 10 34	0.0714285714
15 35 25	0.0526315789
27 29 34	0.0909090909
27 11 16	0.0555555556
31 14 15	0.0714285714
27 13 7	0.1111111111
30 45 6	0.1111111111
31 14 25	0.0204081633
32 2 28	0.0909090909
18 13 7	0.0909090909
27 30 16	0.1052631579
1 15 34	0.1428571429
41 0 39	0.0454545455
7 8 38	0.0666666667
14 26 27	0.0714285714
34 34 25	0.0322580645
18 14 7	0.1000000000
34 21 29	0.1111111111
10 2 41	0.1250000000
7 33 38	0.0769230769
16 1 3	0.1578947368
15 4 6	0.1111111111
30 6 41	0.0500000000
4 2 37	0.1111111111
27 9 33	0.0588235294
10 10 7	0.2500000000
16 26 4	0.0588235294
15 27 16	0.0740740741
1 43 39	0.0303030303
1 10 7	0.0689655172
27 1 41	0.0588235294
34 28 27	0.0714285714
4 37 38	0.0416666667
16 16 34	0.0769230769
16 4 10	0.0526315789
1 38 16	0.0500000000
43 25 4	0.1875000000
16 32 6	0.0476190476
30 6 6	0.1428571429
27 9 2	0.0434782609
32 19 7	0.1428571429
40 8 41	0.0500000000
43 19 33	0.0769230769
31 15 29	0.0909090909
4 37 3	0.0909090909
7 34 7	0.2857142857
29 18 7	0.1666666667
27 37 28	0.0769230769
40 5 25	0.0400000000
43 34 4	0.1666666667
14 26 28	0.0909090909
35 25 15	0.0769230769
41 30 2	0.1000000000
43 9 2	0.0172413793
34 33 3	0.1250000000
9 19 7	0.1428571429
16 0 16	0.0224719101
16 12 31	0.0500000000
40 36 7	0.1666666667
35 14 33	0.2222222222
7 31 41	0.0588235294
30 11 37	0.0769230769
30 8 16	0.1000000000
27 44 3	0.2222222222
10 10 34	0.1500000000
7 8 3	0.1428571429
10 31 28	0.0800000000
34 16 6	0.0571428571
29 17 41	0.0188679245
40 31 2	0.0689655172
32 14 16	0.0250000000
10 13 6	0.0476190476
9 2 4	0.0625000000
31 5 3	0.1250000000
9 16 39	0.0160000000
9 1 15	0.1333333333
10 31 39	0.0425531915
27 16 10	0.0769230769
4 36 16	0.0327868852
14 25 6	0.0689655172
18 9 3	0.2727272727
43 45 7	0.1000000000
37 39 16	0.0384615385
9 6 41	0.0232558140
29 35 31	0.2222222222
32 2 3	0.1428571429
29 42 16	0.1333333333
31 31 37	0.0909090909
34 32 49	0.1666666667
15 4 41	0.1428571429
7 37 7	0.1666666667
27 32 28	0.1538461538
32 34 37	0.0384615385
1 1 7	0.3333333333
29 33 25	0.0416666667
16 13 10	0.1428571429
30 7 10	0.1000000000
9 20 3	0.3000000000
43 38 7	0.2400000000
16 35 2	0.0344827586
35 26 49	0.1666666667
43 25 28	0.0975609756
41 5 38	0.0357142857
43 44 38	0.0555555556
18 18 7	0.1333333333
41 30 3	0.1111111111
32 1 10	0.0555555556
7 6 16	0.1333333333
18 45 34	0.0555555556
41 20 15	0.1666666667
43 10 31	0.1176470588
43 16 15	0.0588235294
43 30 6	0.0625000000
27 5 6	0.0555555556
1 40 34	0.1111111111
37 25 7	0.1500000000
37 39 31	0.0833333333
32 32 34	0.0384615385
18 26 31	0.0588235294
4 4 37	0.0909090909
18 11 6	0.1111111111
29 9 3	0.2222222222
30 14 41	0.0333333333
43 12 3	0.1538461538
30 30 37	0.0909090909
16 16 37	0.0714285714
7 4 3	0.1000000000
35 27 6	0.1111111111
32 13 3	0.3157894737
43 0 2	0.1818181818
40 17 7	0.1764705882
16 44 41	0.0408163265
10 33 6	0.0588235294
41 39 7	0.1538461538
29 2 34	0.1000000000
29 36 41	0.0163934426
1 41 4	0.1333333333
27 3 34	0.0833333333
43 9 38	0.0163934426
16 33 15	0.1818181818
35 41 38	0.0400000000
43 12 28	0.1818181818
18 28 25	0.0714285714
41 5 28	0.1250000000
35 33 6	0.1666666667
31 1 38	0.0454545455
14 34 39	0.0625000000
40 14 28	0.0769230769
40 29 6	0.0555555556
43 19 3	0.1250000000
30 43 41	0.0625000000
16 10 27	0.0769230769
10 6 27	0.0384615385
34 27 28	0.0526315789
4 8 34	0.0476190476
15 6 28	0.2500000000
27 16 15	0.0909090909
7 41 31	0.0400000000
9 21 3	0.2222222222
43 13 34	0.0476190476
18 45 7	0.1666666667
34 41 39	0.0444444444
35 41 2	0.0400000000
15 8 41	0.0384615385
34 41 41	0.0344827586
41 41 7	0.1250000000
29 16 10	0.0526315789
35 43 39	0.0322580645
9 20 28	0.1250000000
7 21 29	0.1111111111
4 46 37	0.1666666667
29 29 37	0.1250000000
4 5 41	0.0666666667
29 41 10	0.1000000000
34 3 27	0.0714285714
34 12 7	0.1428571429
15 5 25	0.0500000000
9 2 28	0.0454545455
40 4 6	0.1666666667
27 10 31	0.0800000000
43 20 25	0.0769230769
31 16 34	0.0789473684
15 35 7	0.1666666667
37 41 39	0.0769230769
35 32 15	0.1428571429
32 8 3	0.1250000000
43 11 31	0.0588235294
43 17 6	0.0571428571
31 10 28	0.1250000000
31 45 15	0.1666666667
18 37 27	0.0666666667
9 18 38	0.0666666667
41 5 33	0.0909090909
14 30 29	0.1111111111
35 27 41	0.1000000000
31 38 10	0.1153846154
9 39 28	0.0444444444
15 29 31	0.0833333333
35 26 34	0.0714285714
29 30 39	0.0227272727
34 3 33	0.0588235294
37 11 15	0.1666666667
29 3 34	0.0333333333
16 1 33	0.0357142857
43 30 39	0.0555555556
35 16 3	0.0909090909
15 33 6	0.1250000000
29 8 25	0.0370370370
18 33 37	0.1111111111
1 20 6	0.1250000000
10 15 34	0.0416666667
16 28 31	0.0196078431
18 19 3	0.1428571429
43 1 41	0.0714285714
9 29 3	0.0869565217
31 10 27	0.0769230769
43 6 7	0.0384615385
7 7 37	0.1000000000
35 18 16	0.0192307692
1 18 39	0.0344827586
30 42 37	0.1111111111
4 32 28	0.1000000000
4 7 29	0.0769230769
32 27 28	0.1111111111
4 35 16	0.0526315789
1 13 6	0.1000000000
27 44 28	0.1250000000
14 37 16	0.0833333333
31 41 25	0.0285714286
1 20 41	0.0303030303
16 1 2	0.0277777778
29 0 2	0.1250000000
15 36 34	0.0833333333
29 13 34	0.0666666667
4 36 31	0.0294117647
15 31 33	0.1111111111
10 14 2	0.0526315789
7 5 10	0.0909090909
30 33 41	0.1428571429
10 2 6	0.1904761905
16 39 7	0.0666666667
43 25 33	0.0416666667
41 5 27	0.0769230769
34 0 34	0.0909090909
4 34 2	0.0909090909
9 3 29	0.1111111111
27 9 27	0.0714285714
29 36 31	0.0476190476
18 5 31	0.0555555556
37 38 3	0.1111111111
15 31 28	0.0769230769
4 13 34	0.0909090909
34 41 7	0.1250000000
1 25 7	0.0285714286
30 28 31	0.0588235294
4 42 31	0.0857142857
29 7 4	0.1428571429
9 8 28	0.1428571429
35 20 41	0.0357142857
18 26 41	0.0769230769
1 3 39	0.0370370370
10 10 37	0.0833333333
4 5 16	0.0400000000
32 10 10	0.0526315789
4 35 41	0.0357142857
18 37 28	0.1111111111
18 1 41	0.0625000000
27 18 25	0.0714285714
30 38 16	0.0454545455
35 14 2	0.0909090909
30 38 39	0.0277777778
10 1 25	0.0312500000
18 14 34	0.0714285714
9 7 37	0.0731707317
15 15 49	0.1666666667
7 21 27	0.0909090909
32 39 28	0.1111111111
40 31 3	0.0625000000
29 5 16	0.0555555556
30 3 16	0.0909090909
10 14 3	0.0666666667
4 6 34	0.0256410256
1 14 3	0.1111111111
43 16 10	0.0526315789
34 1 33	0.1111111111
31 1 2	0.0500000000
34 16 3	0.0500000000
9 39 39	0.0303030303
34 16 7	0.0434782609
43 12 27	0.0625000000
9 16 16	0.0319148936
27 34 2	0.0833333333
30 38 41	0.0277777778
18 41 10	0.0625000000
4 6 10	0.0344827586
4 37 33	0.0285714286
18 8 37	0.1666666667
18 44 38	0.1000000000
1 14 2	0.0769230769
4 1 39	0.0140845070
29 32 38	0.0434782609
7 13 2	0.0769230769
18 2 7	0.1666666667
34 16 34	0.0263157895
18 18 34	0.0869565217
10 32 15	0.1818181818
14 0 16	0.0666666667
31 0 6	0.0227272727
29 30 6	0.0434782609
37 16 6	0.0714285714
43 5 39	0.0178571429
9 3 4	0.1000000000
27 39 34	0.0357142857
10 14 33	0.0588235294
32 29 3	0.0833333333
9 18 2	0.0909090909
10 32 10	0.0256410256
30 33 6	0.1111111111
1 39 2	0.0714285714
14 34 16	0.0666666667
1 6 4	0.0769230769
37 37 7	0.1666666667
35 38 41	0.0909090909
10 27 6	0.0689655172
37 6 16	0.1111111111
43 37 27	0.0666666667
27 45 7	0.1250000000
9 33 29	0.0555555556
14 41 34	0.0909090909
10 31 33	0.0540540541
40 40 49	0.1666666667
37 38 33	0.0625000000
18 6 34	0.1111111111
34 34 37	0.1250000000
31 26 28	0.0833333333
34 31 31	0.0222222222
30 40 7	0.0833333333
14 9 41	0.0833333333
14 9 6	0.1111111111
10 43 16	0.0666666667
30 8 31	0.1428571429
40 31 33	0.0625000000
14 26 3	0.1666666667
27 30 6	0.1000000000
27 32 38	0.0416666667
31 5 28	0.1111111111
15 12 6	0.0434782609
30 6 29	0.0625000000
30 41 29	0.1111111111
9 9 31	0.0384615385
1 11 25	0.0714285714
37 39 6	0.0769230769
43 37 28	0.0588235294
15 31 4	0.1250000000
30 28 16	0.1333333333
10 8 41	0.0434782609
34 1 3	0.1666666667
14 16 7	0.1111111111
34 4 3	0.1250000000
27 12 28	0.1111111111
18 5 16	0.0588235294
18 8 34	0.1428571429
27 12 3	0.1000000000
9 13 33	0.0454545455
10 11 25	0.0588235294
34 0 16	0.0232558140
27 3 7	0.0869565217
34 4 28	0.0666666667
27 8 37	0.0909090909
1 43 41	0.0476190476
4 18 7	0.0833333333
31 36 29	0.0769230769
9 28 4	0.1250000000
16 36 4	0.0416666667
14 7 16	0.1111111111
31 40 29	0.0769230769
10 4 6	0.1176470588
7 34 25	0.0454545455
30 3 31	0.0434782609
40 35 34	0.0769230769
35 33 41	0.0909090909
30 25 10	0.0833333333
43 44 7	0.0769230769
10 28 16	0.0714285714
34 14 6	0.0869565217
9 13 2	0.0238095238
43 42 16	0.0434782609
35 25 7	0.0357142857
7 29 28	0.1111111111
18 25 3	0.0833333333
43 41 10	0.0256410256
10 17 7	0.1428571429
7 33 3	0.1250000000
4 34 29	0.0476190476
14 5 2	0.0769230769
34 14 7	0.1428571429
35 6 28	0.0666666667
7 27 4	0.1666666667
37 37 34	0.1250000000
30 40 34	0.0714285714
34 41 6	0.0526315789
27 34 4	0.1428571429
7 27 3	0.0666666667
