0	0.0000000000
1	0.0000000000
2	0.0000000000
3	0.0000000000
4	0.0000000000
5	0.0000000000
6	0.0000000000
7	0.0000000000
8	0.0000000000
9	0.0000000000
10	0.0000000000
11	0.0000000000
12	0.0000000000
13	0.0000000000
14	0.0000000000
15	0.0000000000
16	0.0000000000
17	0.0000000000
18	0.0000000000
19	0.0000000000
20	0.0000000000
21	0.0000000000
22	0.0000000000
23	0.0000000000
25	0.0000000000
26	0.0000000000
27	0.0000000000
28	0.0000000000
29	0.0000000000
30	0.0000000000
31	0.0000000000
32	0.0000000000
33	0.0000000000
34	0.0000000000
35	0.0000000000
36	0.0000000000
37	0.0000000000
38	0.0000000000
39	0.0000000000
40	0.0000000000
41	0.0000000000
42	0.0000000000
43	0.0000000000
44	0.0000000000
45	0.0000000000
46	0.0000000000
47	0.0000000000
48	0.0000000000
49	0.0000000000
50	0.0000000000
3 41	0.1071428571
32 27 29	0.1333333333
12 40	0.1000000000
32 41 9	0.0129870130
6 4 40	0.0526315789
2 35 6	0.0500000000
32 10	0.0714285714
41 2 40	0.1333333333
41 29	0.1666666667
12 15	0.2500000000
35 7	0.2222222222
28 6 10	0.0882352941
9 26	0.1428571429
32 20 43	0.2222222222
12 35 5	0.0344827586
4 4 34	0.2222222222
31 18	0.0769230769
32 28 2	0.0952380952
16 29	0.1428571429
31 29	0.1666666667
35 9 26	0.2727272727
8 38 7	0.2000000000
6 2 40	0.1666666667
31 37 6	0.0566037736
31 39 9	0.0465116279
16 8 5	0.0666666667
16 10 29	0.1428571429
6 29	0.0833333333
41 4	0.1052631579
41 38 35	0.1111111111
28 41	0.1086956522
28 6	0.0476190476
12 8 18	0.1000000000
16 19 41	0.0689655172
9 31 29	0.1250000000
35 34	0.1818181818
29 3 34	0.0555555556
0 16 6	0.0285714286
28 32 34	0.0416666667
28 30 9	0.0212765957
41 17 4	0.0714285714
31 1 18	0.1111111111
32 26	0.0416666667
14 18	0.0769230769
32 35	0.1052631579
14 25 41	0.0487804878
12 9 9	0.0769230769
31 8 26	0.1250000000
14 43	0.0909090909
3 34 43	0.0400000000
6 2	0.0833333333
31 2 35	0.0740740741
9 31 41	0.0281690141
16 18	0.1000000000
31 11 18	0.1250000000
35 35 34	0.1052631579
3 6	0.0588235294
2 31 5	0.1052631579
41 4 35	0.1403508772
3 38 7	0.1818181818
4 41	0.0909090909
35 13 6	0.0789473684
9 11 40	0.0909090909
41 2	0.0909090909
32 5	0.0400000000
9 7 34	0.1428571429
9 11 15	0.1250000000
9 25 34	0.0294117647
32 2 29	0.2380952381
32 6 6	0.0307692308
9 4 2	0.0666666667
9 30 40	0.0714285714
28 36 9	0.0344827586
16 37 6	0.0333333333
16 2	0.1111111111
6 10 29	0.1578947368
31 4	0.0833333333
28 0 18	0.1000000000
28 38 7	0.1395348837
12 8 2	0.1333333333
24 32 34	0.1500000000
31 39 5	0.0769230769
41 3 26	0.1351351351
2 34 29	0.1818181818
3 35 9	0.0500000000
32 43 43	0.0344827586
16 45 10	0.0909090909
41 31 7	0.1492537313
32 16 6	0.0927835052
3 41 35	0.1090909091
28 8 34	0.0975609756
6 4	0.0588235294
41 37 41	0.0600000000
9 32 34	0.0877192982
27 6 15	0.1818181818
28 41 35	0.0952380952
9 10	0.1052631579
27 39 35	0.0588235294
35 30 9	0.0322580645
6 3 10	0.0909090909
6 3 26	0.1818181818
3 5 6	0.1212121212
3 1 41	0.0975609756
31 21 35	0.1428571429
41 10 4	0.0869565217
41 35 29	0.2380952381
28 14 34	0.0600000000
41 32 41	0.0933333333
41 3 10	0.0819672131
13 6 34	0.1333333333
35 26 7	0.0714285714
29 9	0.1000000000
41 5 29	0.1428571429
41 18	0.1250000000
6 16 7	0.1794871795
32 38 4	0.0714285714
14 6 9	0.0625000000
35 14 18	0.1724137931
31 30 2	0.0454545455
29 9 18	0.0714285714
31 13 5	0.0597014925
9 13 18	0.1666666667
32 42 15	0.2307692308
32 38 18	0.1739130435
28 30 41	0.0421052632
35 1 34	0.0606060606
32 8 29	0.2272727273
16 5 18	0.1818181818
40 7 35	0.0740740741
28 34 18	0.1234567901
40 34	0.1111111111
9 39 43	0.2500000000
3 31 15	0.1250000000
6 28 26	0.1578947368
3 37 43	0.1538461538
32 36 35	0.1500000000
31 45 26	0.2142857143
16 11 18	0.1034482759
28 2 34	0.1875000000
32 1 5	0.0392156863
27 38 7	0.1250000000
31 16 34	0.0987654321
16 2 35	0.1250000000
31 41 32	0.0666666667
3 39 15	0.1111111111
3 2 34	0.2000000000
8 5 41	0.1111111111
28 1 41	0.0833333333
6 4 35	0.1304347826
32 41 41	0.0750000000
28 26 41	0.0508474576
13 26 41	0.0769230769
32 3 2	0.1363636364
14 26 29	0.1111111111
9 20 43	0.1428571429
32 30 35	0.0897435897
32 3 4	0.0750000000
32 10 15	0.1481481481
28 7 29	0.1428571429
27 10 41	0.0909090909
13 5 41	0.1034482759
32 39 6	0.0909090909
31 43 5	0.0487804878
31 33 35	0.0882352941
12 17 5	0.1000000000
28 1 16	0.0461538462
8 44 18	0.0666666667
9 35	0.0714285714
28 12 4	0.1034482759
28 1 6	0.0227272727
31 39 35	0.0333333333
32 30 40	0.0638297872
41 9 6	0.0459770115
31 33 15	0.1875000000
14 41 34	0.0476190476
41 9 41	0.0884353741
27 34 2	0.1111111111
41 25 9	0.0322580645
4 41 40	0.0588235294
41 36 29	0.2500000000
28 6 35	0.1200000000
31 4 10	0.0952380952
35 13 41	0.0701754386
0 39 41	0.0697674419
16 6 32	0.0909090909
41 5 2	0.0740740741
3 12 2	0.0555555556
6 4 15	0.0454545455
27 34 43	0.0909090909
9 27 4	0.1111111111
6 5 4	0.0967741935
35 37 15	0.2222222222
32 9 9	0.1000000000
40 8 41	0.1111111111
28 36 41	0.0454545455
28 33 34	0.0634920635
32 28 29	0.1481481481
41 30 18	0.1538461538
28 33 32	0.0588235294
41 37 6	0.0697674419
32 3 18	0.1923076923
41 32 6	0.0631578947
35 37 35	0.0952380952
41 39 34	0.1111111111
0 3 43	0.1250000000
41 31 24	0.3750000000
28 45 34	0.0967741935
28 5 41	0.0892857143
16 30 2	0.1111111111
6 32 6	0.0649350649
9 41 41	0.0769230769
3 12 29	0.1666666667
4 11 41	0.1428571429
31 33 10	0.0714285714
8 25 43	0.1250000000
2 35 41	0.0666666667
35 35 7	0.0500000000
28 31 40	0.0645161290
40 0 26	0.1111111111
9 5 26	0.1538461538
8 25 29	0.1428571429
3 41 5	0.0259740260
12 12 7	0.1875000000
28 44 18	0.0666666667
32 14 41	0.0089285714
32 38 29	0.1764705882
16 26 18	0.1111111111
31 9 41	0.0625000000
12 12 34	0.1600000000
32 16 16	0.0096153846
32 10 40	0.0333333333
29 27 9	0.0714285714
31 42 4	0.2666666667
16 6 9	0.0588235294
6 32 41	0.0991735537
14 18 10	0.0400000000
16 39 34	0.0882352941
6 2 15	0.3076923077
12 33 43	0.0833333333
3 11 41	0.0666666667
3 34 18	0.1346153846
41 31 34	0.1200000000
35 41 29	0.2142857143
32 19 18	0.0909090909
16 25 6	0.0909090909
41 2 15	0.2727272727
32 5 10	0.1333333333
32 14 18	0.0540540541
9 40 35	0.0909090909
32 25 34	0.0740740741
28 30 39	0.0338983051
32 20 18	0.0555555556
31 30 18	0.1081081081
32 39 43	0.0666666667
3 5 41	0.0925925926
29 6 15	0.1428571429
2 34 18	0.0769230769
16 31 34	0.0400000000
16 16 34	0.0714285714
27 26 41	0.0833333333
6 36 29	0.3076923077
31 29 35	0.0689655172
14 11 29	0.2222222222
32 6 29	0.1025641026
31 37 41	0.0779220779
41 31 12	0.0222222222
16 11 43	0.0303030303
31 39 7	0.0377358491
0 3 29	0.2222222222
6 16 34	0.1666666667
31 1 43	0.0769230769
29 27 34	0.0833333333
16 29 15	0.1250000000
9 3 2	0.1250000000
28 14 5	0.0344827586
0 39 9	0.0270270270
24 31 41	0.1000000000
32 41 6	0.0500000000
32 26 10	0.1147540984
6 28 35	0.0666666667
28 34 4	0.0784313725
41 30 4	0.0588235294
12 29 29	0.1538461538
32 35 35	0.1538461538
6 36 43	0.1666666667
3 3 9	0.0400000000
12 17 35	0.0909090909
28 29 9	0.1176470588
32 37 7	0.1562500000
31 12 41	0.0769230769
41 33 5	0.0263157895
6 28 10	0.1818181818
41 28 5	0.0952380952
6 5 29	0.1764705882
32 34 34	0.1290322581
6 6 32	0.0769230769
13 20 34	0.0714285714
41 11 29	0.2222222222
31 8 15	0.2000000000
4 8 34	0.1111111111
31 30 29	0.1764705882
9 38 18	0.1250000000
29 2 9	0.1428571429
32 39 41	0.0758620690
29 0 18	0.1304347826
32 12 34	0.1219512195
16 16 7	0.0344827586
16 42 18	0.1764705882
29 28 7	0.0526315789
32 2 4	0.0714285714
12 35 35	0.0714285714
9 31 39	0.0357142857
28 13 7	0.1212121212
41 25 6	0.0357142857
9 35 26	0.1818181818
28 1 39	0.0344827586
8 0 18	0.1111111111
28 27 7	0.0588235294
14 16 7	0.0857142857
35 32 26	0.1000000000
35 6 4	0.0666666667
14 36 4	0.0434782609
3 27 34	0.0400000000
13 33 32	0.1250000000
40 10 34	0.2142857143
31 31 5	0.1034482759
16 10 2	0.1250000000
12 41 41	0.0952380952
31 37 15	0.1428571429
31 10 2	0.2000000000
16 2 10	0.0769230769
3 7 2	0.1000000000
9 43 43	0.0500000000
3 31 10	0.0476190476
13 6 7	0.0625000000
4 32 29	0.1428571429
32 33 18	0.1111111111
14 14 34	0.0434782609
6 16 32	0.0166666667
41 6 9	0.1818181818
12 27 29	0.1333333333
6 17 29	0.2142857143
3 3 24	0.3750000000
32 42 40	0.1176470588
13 7 2	0.1250000000
28 37 29	0.2666666667
28 30 6	0.0131578947
28 19 2	0.1333333333
40 41 29	0.1428571429
31 31 34	0.0188679245
31 25 41	0.0754716981
16 16 9	0.0500000000
35 0 5	0.0555555556
6 9 41	0.0948905109
12 6 41	0.0869565217
14 25 6	0.0454545455
41 5 4	0.1250000000
9 28 29	0.2000000000
35 30 7	0.0869565217
35 34 35	0.0769230769
32 11 40	0.0526315789
3 36 41	0.0666666667
31 44 16	0.0526315789
31 5 2	0.0555555556
8 34 2	0.1000000000
6 41 34	0.0545454545
3 14 5	0.0166666667
16 4 10	0.0833333333
14 16 34	0.1081081081
3 8 34	0.1111111111
32 30 10	0.0185185185
31 5 29	0.0909090909
28 16 26	0.3076923077
6 32 16	0.0253164557
9 12 34	0.1666666667
14 16 12	0.0454545455
35 1 5	0.0588235294
32 18 18	0.0975609756
28 33 7	0.0322580645
13 0 18	0.0625000000
35 41 4	0.0434782609
32 31 41	0.0571428571
13 12 29	0.1428571429
32 33 4	0.0857142857
6 37 39	0.0400000000
8 41 35	0.0800000000
40 33 41	0.0833333333
14 13 5	0.1111111111
3 7 29	0.0769230769
28 37 43	0.0454545455
3 0 18	0.1142857143
32 0 12	0.1363636364
29 7 29	0.1428571429
24 15 15	0.1428571429
16 31 5	0.0769230769
31 42 29	0.1428571429
32 26 26	0.2000000000
3 30 39	0.0384615385
29 32 4	0.1111111111
40 41 18	0.0625000000
3 29 9	0.1428571429
32 32 34	0.0740740741
32 6 41	0.0500000000
41 12 39	0.0344827586
13 19 43	0.0769230769
40 14 18	0.0909090909
28 37 4	0.0789473684
29 14 5	0.0666666667
41 35 18	0.1111111111
28 41 10	0.0126582278
31 41 34	0.1142857143
8 44 43	0.0769230769
27 0 18	0.1500000000
0 45 18	0.1875000000
31 14 12	0.0555555556
31 27 35	0.2222222222
9 16 6	0.0888888889
6 37 6	0.0357142857
12 6 6	0.0357142857
27 5 16	0.0666666667
41 28 10	0.1041666667
41 36 43	0.0909090909
0 30 15	0.1428571429
6 35 18	0.1052631579
9 33 43	0.0526315789
32 45 18	0.0714285714
32 35 26	0.1000000000
2 30 16	0.0769230769
6 16 24	0.3750000000
3 16 26	0.2727272727
28 13 34	0.1025641026
35 1 12	0.1333333333
9 41 9	0.0204081633
31 43 15	0.1538461538
14 36 29	0.2142857143
28 16 15	0.0454545455
9 3 18	0.1538461538
32 3 29	0.1666666667
31 31 35	0.1250000000
35 31 29	0.1000000000
31 1 2	0.0833333333
6 35 2	0.1176470588
32 17 26	0.1428571429
16 12 41	0.1250000000
41 28 35	0.1000000000
28 8 32	0.1000000000
41 35 2	0.1666666667
24 4 2	0.0909090909
3 33 34	0.0476190476
6 10 4	0.0833333333
31 19 41	0.1052631579
9 8 2	0.0833333333
12 41 6	0.1428571429
31 8 35	0.0434782609
40 30 34	0.0769230769
6 32 9	0.0370370370
6 35 29	0.1875000000
6 3 35	0.1000000000
32 27 4	0.0800000000
31 29 10	0.1200000000
3 35 41	0.0689655172
0 36 10	0.1428571429
8 17 41	0.1111111111
27 6 40	0.0666666667
16 33 35	0.0476190476
31 39 34	0.0338983051
28 34 29	0.1379310345
14 17 18	0.1428571429
35 32 5	0.1250000000
31 42 18	0.1111111111
28 31 15	0.1515151515
41 25 41	0.0588235294
9 18 18	0.1111111111
16 26 29	0.2222222222
12 5 35	0.1333333333
0 5 35	0.1250000000
28 41 5	0.0277777778
31 37 40	0.1250000000
16 39 7	0.0416666667
27 39 10	0.0833333333
24 9 7	0.0909090909
28 10 41	0.0526315789
28 11 41	0.0769230769
3 30 6	0.0161290323
41 12 6	0.0416666667
41 46 15	0.3000000000
31 11 4	0.2121212121
41 17 2	0.0400000000
6 30 18	0.1250000000
14 9 39	0.0370370370
27 5 6	0.0909090909
35 4 41	0.1052631579
32 37 9	0.0303030303
3 37 29	0.3333333333
6 14 34	0.1111111111
8 28 9	0.1000000000
9 33 18	0.1333333333
28 2 32	0.0285714286
8 26 9	0.0454545455
3 29 32	0.1000000000
29 31 10	0.1428571429
31 38 10	0.0714285714
41 36 4	0.0357142857
28 12 18	0.1000000000
28 31 35	0.0487804878
13 16 35	0.0909090909
32 28 18	0.0769230769
9 30 35	0.0857142857
40 16 18	0.1875000000
41 14 34	0.0967741935
3 37 2	0.0769230769
32 11 35	0.0540540541
4 41 26	0.1000000000
40 39 6	0.0666666667
6 46 15	0.2222222222
31 38 35	0.0666666667
28 7 4	0.1016949153
32 31 18	0.0625000000
6 3 6	0.0175438596
32 4 2	0.0714285714
6 32 39	0.0256410256
0 11 10	0.1250000000
9 38 29	0.1666666667
14 30 18	0.1111111111
12 21 29	0.1538461538
14 6 35	0.1111111111
41 13 26	0.1000000000
3 34 2	0.0555555556
41 10 29	0.1111111111
12 31 41	0.0545454545
32 12 7	0.1666666667
41 6 32	0.0952380952
16 44 41	0.0666666667
12 32 34	0.0625000000
13 26 6	0.0454545455
29 0 43	0.0400000000
14 9 6	0.0454545455
16 33 15	0.1666666667
31 11 43	0.0357142857
35 30 32	0.0322580645
28 34 43	0.0370370370
9 20 2	0.0833333333
32 19 34	0.0645161290
35 31 4	0.1111111111
28 46 34	0.1818181818
0 26 35	0.0714285714
4 41 15	0.1666666667
0 9 9	0.0500000000
14 9 41	0.1044776119
31 10 29	0.2307692308
12 14 41	0.0952380952
31 5 4	0.1000000000
31 16 9	0.0250000000
6 9 6	0.0674157303
27 34 18	0.0909090909
41 26 2	0.1111111111
6 11 29	0.1000000000
9 6 41	0.0465116279
9 2 4	0.0833333333
29 28 34	0.0400000000
28 5 6	0.0769230769
29 1 6	0.0769230769
16 1 18	0.0666666667
3 19 2	0.1111111111
27 8 34	0.1428571429
14 25 9	0.1052631579
2 2 9	0.0357142857
6 1 18	0.1250000000
4 6 9	0.1666666667
28 35 6	0.0370370370
41 31 32	0.0277777778
28 46 7	0.2307692308
32 28 4	0.0750000000
28 26 9	0.0769230769
8 8 34	0.1000000000
9 35 35	0.1200000000
14 28 26	0.1000000000
6 17 43	0.0625000000
32 37 34	0.1612903226
32 26 35	0.0652173913
9 12 12	0.0909090909
0 10 15	0.1428571429
32 41 39	0.0196078431
35 38 41	0.0952380952
27 30 39	0.0833333333
9 41 6	0.0422535211
13 7 29	0.1250000000
16 16 12	0.0909090909
3 2 9	0.0322580645
41 35 4	0.0857142857
3 38 34	0.1379310345
32 5 26	0.1818181818
3 16 10	0.0434782609
32 9 32	0.0555555556
31 36 18	0.0606060606
41 1 18	0.1724137931
6 9 39	0.0175438596
32 38 2	0.0689655172
3 12 4	0.0416666667
31 41 9	0.0294117647
41 28 26	0.1250000000
16 34 39	0.0312500000
16 11 29	0.1111111111
41 9 16	0.0111111111
32 29 2	0.0909090909
9 2 29	0.1666666667
14 16 9	0.0512820513
3 31 40	0.0769230769
31 11 29	0.1176470588
28 5 16	0.0163934426
9 28 2	0.1666666667
8 34 29	0.1000000000
40 34 35	0.0833333333
28 41 9	0.0069444444
12 18 18	0.1000000000
41 29 35	0.1000000000
9 3 29	0.1250000000
6 35 4	0.0952380952
31 4 35	0.1000000000
40 36 12	0.1250000000
31 30 43	0.0285714286
40 41 2	0.0769230769
28 12 29	0.1111111111
16 8 26	0.0714285714
41 3 35	0.0800000000
3 30 16	0.0303030303
31 41 7	0.1111111111
28 35 41	0.1071428571
31 34 39	0.0175438596
32 34 32	0.0487804878
2 31 35	0.1250000000
32 35 5	0.0454545455
28 14 7	0.0200000000
27 34 29	0.1428571429
41 46 40	0.1538461538
13 5 6	0.1176470588
32 14 16	0.0208333333
8 9 29	0.1428571429
14 43 5	0.0714285714
28 30 16	0.0250000000
32 40 35	0.1250000000
28 27 34	0.1052631579
32 12 12	0.0333333333
9 31 43	0.0769230769
9 29 29	0.2272727273
6 12 39	0.0277777778
12 36 5	0.1000000000
14 5 18	0.0909090909
29 7 2	0.1250000000
16 33 40	0.0769230769
0 20 18	0.0909090909
35 30 34	0.1481481481
41 3 5	0.0869565217
28 14 26	0.0128205128
32 6 9	0.0416666667
32 29 29	0.2500000000
3 6 35	0.0754716981
3 7 4	0.0526315789
16 44 6	0.1250000000
32 14 43	0.0625000000
3 30 41	0.0561797753
40 20 41	0.1052631579
3 46 34	0.1818181818
0 43 2	0.1250000000
35 27 39	0.0769230769
9 4 4	0.0370370370
12 32 9	0.0952380952
6 46 40	0.1818181818
27 12 29	0.1111111111
3 1 16	0.0263157895
41 26 29	0.1111111111
27 3 7	0.0714285714
12 14 18	0.0500000000
6 37 41	0.0606060606
35 29 41	0.0476190476
32 34 7	0.0434782609
28 28 24	0.3750000000
41 41 34	0.0588235294
12 32 32	0.0476190476
9 38 4	0.0454545455
3 2 32	0.0285714286
32 16 9	0.0312500000
35 33 41	0.0666666667
27 3 34	0.0588235294
31 16 32	0.0869565217
28 16 10	0.0322580645
32 12 9	0.0625000000
12 33 18	0.1363636364
24 16 6	0.1153846154
40 7 15	0.1000000000
41 36 2	0.0454545455
12 9 32	0.0434782609
16 13 26	0.0588235294
32 0 10	0.0526315789
31 25 6	0.0370370370
0 11 5	0.1428571429
32 30 15	0.1212121212
6 3 41	0.0105263158
35 44 5	0.0833333333
28 37 18	0.0800000000
0 36 35	0.1111111111
9 3 4	0.0400000000
12 4 4	0.0833333333
9 27 43	0.1111111111
3 34 29	0.1111111111
8 13 12	0.1250000000
6 30 43	0.0666666667
32 25 7	0.0270270270
2 1 6	0.0526315789
9 41 39	0.0487804878
31 8 40	0.1250000000
32 8 2	0.1000000000
4 12 2	0.1111111111
41 36 18	0.1081081081
4 46 9	0.1428571429
40 26 34	0.1818181818
0 36 26	0.0714285714
31 41 12	0.0512820513
16 8 10	0.0666666667
3 46 7	0.2307692308
6 17 4	0.0416666667
27 14 26	0.0833333333
9 7 7	0.0434782609
32 9 7	0.0270270270
31 26 29	0.2727272727
28 19 43	0.1250000000
6 16 9	0.0169491525
28 0 43	0.0181818182
3 37 18	0.0952380952
2 2 32	0.0869565217
6 11 4	0.0666666667
32 19 7	0.1428571429
3 2 7	0.0666666667
31 29 15	0.2000000000
8 26 41	0.0303030303
35 18 6	0.0769230769
8 25 2	0.1000000000
3 14 34	0.0666666667
8 36 6	0.1250000000
41 32 9	0.0285714286
32 33 29	0.2083333333
3 26 9	0.0909090909
41 13 5	0.1111111111
9 12 7	0.2222222222
4 12 18	0.1250000000
4 6 32	0.0666666667
28 12 43	0.0666666667
9 7 24	0.3750000000
32 31 29	0.0909090909
6 14 12	0.1000000000
35 7 35	0.0555555556
2 1 39	0.0666666667
41 17 29	0.2105263158
40 39 41	0.0540540541
12 14 6	0.0833333333
3 31 26	0.1428571429
28 13 12	0.0833333333
8 6 35	0.0769230769
16 31 35	0.0833333333
12 12 29	0.0909090909
9 14 41	0.0555555556
27 38 34	0.0833333333
16 27 35	0.1666666667
31 16 7	0.0317460317
35 41 2	0.1250000000
32 13 18	0.1714285714
2 2 34	0.0909090909
16 37 41	0.0810810811
32 16 39	0.0256410256
3 1 6	0.0344827586
13 43 34	0.0588235294
32 43 29	0.1428571429
3 4 9	0.1111111111
0 30 40	0.1250000000
31 8 5	0.0344827586
41 30 43	0.0303030303
28 2 7	0.1034482759
32 8 18	0.0625000000
3 34 4	0.0370370370
9 6 4	0.0476190476
0 33 4	0.1250000000
4 40 6	0.0909090909
32 15 35	0.0909090909
32 10 10	0.0454545455
9 15 5	0.0312500000
2 12 43	0.1428571429
28 34 2	0.0857142857
27 25 18	0.1818181818
8 39 10	0.1538461538
12 17 10	0.1000000000
31 4 15	0.1000000000
32 38 43	0.0263157895
3 6 15	0.1666666667
8 39 35	0.0909090909
28 38 34	0.1228070175
41 32 39	0.0250000000
28 39 15	0.1000000000
2 0 18	0.1250000000
29 40 6	0.0909090909
32 5 35	0.0625000000
4 31 5	0.0625000000
0 41 6	0.0909090909
31 0 39	0.0384615385
28 28 7	0.0714285714
24 27 29	0.1428571429
4 9 43	0.1111111111
3 6 40	0.0476190476
29 1 41	0.0357142857
4 5 39	0.0416666667
9 10 15	0.0625000000
28 28 9	0.0500000000
2 6 10	0.1111111111
4 16 5	0.0714285714
32 8 4	0.0277777778
8 38 34	0.1250000000
32 34 24	0.3750000000
3 12 43	0.0833333333
9 1 10	0.0500000000
0 11 35	0.0833333333
35 16 43	0.1000000000
32 44 7	0.1250000000
31 26 18	0.0588235294
8 30 16	0.0769230769
27 5 41	0.0952380952
0 8 4	0.0833333333
41 14 12	0.0769230769
29 31 26	0.1428571429
12 9 7	0.0344827586
27 30 41	0.0666666667
28 2 9	0.0357142857
9 33 4	0.0714285714
35 9 10	0.1052631579
29 16 26	0.1818181818
3 6 10	0.0833333333
29 16 10	0.0625000000
31 12 6	0.0204081633
32 33 2	0.0588235294
35 8 41	0.1111111111
28 28 32	0.0204081633
28 43 32	0.1000000000
12 40 26	0.1818181818
16 6 7	0.0555555556
24 7 9	0.0625000000
29 2 32	0.1000000000
28 7 2	0.1034482759
32 27 43	0.0625000000
16 26 2	0.0714285714
4 12 4	0.0769230769
16 6 24	0.1666666667
2 10 41	0.0952380952
16 11 4	0.0833333333
0 16 9	0.0303030303
32 39 9	0.0256410256
31 33 40	0.1111111111
35 39 29	0.1428571429
16 44 16	0.0454545455
14 25 16	0.0277777778
4 12 29	0.1428571429
29 11 41	0.0909090909
9 5 10	0.0416666667
28 31 26	0.2222222222
14 16 32	0.0303030303
32 15 5	0.0303030303
41 30 29	0.0714285714
3 32 34	0.1000000000
9 16 39	0.0434782609
28 33 9	0.0952380952
31 36 43	0.0344827586
28 17 6	0.0909090909
14 43 26	0.0833333333
40 10 7	0.0833333333
41 25 39	0.0370370370
16 39 5	0.0588235294
9 28 4	0.0312500000
6 29 35	0.1111111111
12 21 2	0.0909090909
16 8 40	0.1250000000
24 1 10	0.0769230769
9 29 2	0.1111111111
32 6 4	0.0392156863
13 7 4	0.0769230769
35 13 39	0.0312500000
28 8 9	0.1111111111
9 30 15	0.1176470588
16 4 35	0.1333333333
32 5 5	0.0370370370
9 14 2	0.0500000000
16 8 15	0.1111111111
3 4 32	0.0625000000
32 12 32	0.0571428571
32 43 4	0.1111111111
4 46 32	0.1000000000
0 9 7	0.1250000000
32 0 26	0.0303030303
2 1 41	0.0555555556
27 43 34	0.1111111111
31 43 40	0.0625000000
35 16 4	0.0833333333
40 39 18	0.1666666667
28 29 34	0.0400000000
16 29 40	0.1000000000
2 34 2	0.0769230769
2 46 32	0.1250000000
29 6 40	0.1111111111
12 15 26	0.1428571429
12 8 43	0.0588235294
16 18 26	0.0769230769
16 19 6	0.0555555556
2 12 18	0.0769230769
12 5 5	0.0312500000
8 39 26	0.1428571429
12 31 9	0.0270270270
41 17 43	0.0833333333
31 5 18	0.0500000000
31 7 9	0.0833333333
31 45 10	0.1176470588
41 17 18	0.0344827586
14 26 2	0.0909090909
28 6 15	0.0526315789
31 34 41	0.0200000000
40 0 10	0.0500000000
24 35 26	0.1428571429
32 11 15	0.1428571429
16 30 29	0.1428571429
9 40 26	0.0909090909
3 10 41	0.0500000000
6 17 18	0.0526315789
35 40 9	0.1000000000
0 9 32	0.0833333333
27 9 29	0.1428571429
28 39 26	0.1000000000
3 39 26	0.1428571429
40 20 6	0.1000000000
27 38 32	0.0833333333
16 26 43	0.0909090909
9 1 5	0.0344827586
16 1 43	0.1000000000
40 7 10	0.0666666667
28 44 43	0.1250000000
9 15 26	0.0500000000
13 34 18	0.1111111111
16 18 5	0.0714285714
29 32 18	0.1111111111
35 6 29	0.0833333333
27 9 2	0.0833333333
8 6 40	0.0769230769
2 3 34	0.0526315789
31 8 10	0.1111111111
27 16 10	0.0909090909
28 37 2	0.0384615385
40 45 16	0.0769230769
28 31 10	0.0303030303
9 6 9	0.0833333333
4 8 7	0.1250000000
32 4 4	0.0416666667
32 42 35	0.0370370370
24 10 10	0.0714285714
3 27 7	0.0357142857
6 6 9	0.1250000000
14 5 4	0.1428571429
4 36 41	0.0454545455
2 37 18	0.1111111111
14 43 10	0.0476190476
6 36 18	0.0800000000
35 4 6	0.0909090909
6 5 2	0.1000000000
3 35 6	0.0454545455
2 28 9	0.1000000000
13 19 18	0.1000000000
27 9 18	0.0666666667
28 45 12	0.1111111111
35 41 18	0.1000000000
12 33 2	0.0833333333
13 16 10	0.0666666667
2 8 34	0.0454545455
0 39 6	0.0322580645
4 16 35	0.0833333333
24 40 40	0.1000000000
28 4 34	0.0625000000
2 3 9	0.1000000000
4 15 6	0.0909090909
41 39 32	0.1250000000
13 16 26	0.1428571429
32 37 32	0.0277777778
27 38 9	0.0833333333
27 41 26	0.0666666667
6 28 5	0.0625000000
27 41 5	0.0454545455
28 29 32	0.0476190476
6 12 6	0.0333333333
35 15 9	0.1000000000
27 39 26	0.1428571429
16 12 6	0.0740740741
31 7 41	0.0526315789
31 41 24	0.1666666667
4 48 32	0.1250000000
41 39 7	0.1538461538
32 44 34	0.1111111111
28 39 35	0.0476190476
9 39 6	0.0625000000
31 38 26	0.0312500000
8 36 41	0.0625000000
9 33 29	0.0833333333
14 6 32	0.0333333333
28 43 9	0.0909090909
40 39 29	0.1000000000
4 11 6	0.0714285714
9 10 10	0.0571428571
28 36 6	0.0810810811
6 1 43	0.0294117647
27 25 4	0.1111111111
3 45 34	0.1111111111
3 0 43	0.0250000000
35 19 5	0.1111111111
27 26 6	0.0909090909
16 13 10	0.0333333333
16 8 35	0.1000000000
24 34 32	0.0526315789
9 8 18	0.0714285714
31 20 5	0.0769230769
8 9 43	0.1111111111
2 7 29	0.1111111111
14 18 26	0.0625000000
32 20 2	0.0714285714
16 45 26	0.0909090909
4 4 7	0.0666666667
31 29 40	0.0714285714
41 9 39	0.0153846154
28 4 7	0.0476190476
16 1 2	0.1000000000
6 34 34	0.1428571429
8 12 29	0.1428571429
3 12 18	0.0666666667
3 1 39	0.0294117647
6 33 5	0.0200000000
40 8 6	0.0833333333
41 18 35	0.0714285714
13 8 32	0.1250000000
13 30 16	0.0769230769
35 43 6	0.0909090909
29 9 2	0.1000000000
0 10 40	0.1250000000
4 9 29	0.1428571429
4 28 34	0.0454545455
32 39 16	0.0112359551
8 6 15	0.0833333333
3 14 7	0.0312500000
41 43 10	0.0666666667
32 32 9	0.0500000000
24 35 35	0.0833333333
