0	0.0000000000
1	0.0000000000
2	0.1016949153
3	0.0000000000
4	0.0000000000
5	0.0000000000
6	0.0000000000
7	0.0000000000
8	0.0000000000
9	0.0000000000
10	0.0000000000
11	0.0000000000
12	0.0000000000
13	0.0000000000
14	0.0000000000
15	0.0000000000
16	0.0000000000
17	0.0000000000
18	0.0000000000
19	0.0000000000
20	0.0000000000
21	0.0000000000
22	0.0000000000
23	0.0000000000
24	0.0000000000
25	0.0000000000
26	0.0000000000
27	0.0000000000
28	0.0000000000
29	0.0000000000
30	0.0000000000
31	0.0000000000
32	0.0000000000
33	0.0000000000
34	0.0000000000
35	0.0000000000
36	0.0000000000
37	0.0000000000
38	0.0000000000
39	0.0000000000
40	0.0000000000
41	0.0000000000
42	0.0000000000
43	0.0000000000
44	0.0000000000
45	0.0000000000
46	0.0000000000
47	0.0000000000
48	0.0967741935
49	0.0000000000
50	0.0000000000
52	0.0000000000
53	0.0000000000
54	0.0000000000
55	0.0000000000
56	0.0000000000
57	0.0000000000
58	0.0000000000
59	0.0000000000
60	0.0000000000
61	0.0000000000
62	0.0000000000
63	0.0000000000
64	0.0000000000
65	0.0000000000
66	0.0000000000
67	0.0000000000
68	0.1666666667
69	0.0000000000
70	0.0000000000
71	0.0000000000
72	0.0000000000
73	0.0000000000
74	0.0000000000
75	0.0000000000
76	0.0000000000
77	0.0000000000
78	0.0000000000
79	0.0000000000
80	0.0000000000
81	0.0000000000
82	0.0000000000
83	0.0000000000
84	0.0000000000
85	0.0000000000
86	0.0000000000
87	0.0000000000
88	0.0000000000
89	0.0000000000
90	0.0000000000
91	0.0000000000
92	0.0000000000
2 5	0.0975609756
7 66	0.1771771772
56 53	0.1530612245
4 59 49	0.1323529412
5 56 61	0.0372208437
20 49	0.0749542962
7 10	0.1428571429
15 17 10	0.3043478261
15 10	0.2614379085
7 46 61	0.1220400729
51 51	0.2836363636
56 52 49	0.1251468860
7 14 66	0.2028985507
56 49 61	0.2173913043
20 53	0.0846394984
75 3 66	0.1066666667
7 88 66	0.1000000000
7 46 10	0.2679856115
15 52 66	0.1673960613
51 75 18	0.1363636364
56 61	0.0592592593
56 49	0.1070336391
7 52 49	0.1224559023
3 54 49	0.1070889894
3 66	0.1123595506
20 6 18	0.0737179487
56 49 5	0.1542288557
15 49	0.1281138790
7 49	0.1270096463
15 3 61	0.1646341463
20 65	0.0851063830
56 49 53	0.1615384615
51 2	0.0930232558
15 53	0.1558441558
15 6 66	0.1726954492
20 57 49	0.0811272417
77 21 10	0.1408450704
51 20 53	0.1194029851
7 52 61	0.1737967914
56 46 10	0.2372093023
56 57 49	0.1318051576
20 14 66	0.1648177496
56 6 61	0.2228571429
56 6 53	0.1450216450
3 3 66	0.1071428571
75 52 66	0.1400651466
5 7 10	0.0538302277
56 49 66	0.1738382100
56 14 61	0.1538461538
56 0 66	0.1186094070
7 52 66	0.1672203765
56 49 51	0.3067729084
2 15 10	0.2777777778
56 52 53	0.1341256367
2 51	0.2068965517
51 15 49	0.1542227662
7 78 53	0.1506276151
7 49 5	0.1585365854
51 20 10	0.1483739837
7 4 49	0.1362126246
20 6 66	0.1396039604
56 6 18	0.0930232558
3 53	0.0854430380
7 61	0.1948051948
56 47 49	0.1166380789
7 49 53	0.1699164345
7 59 49	0.1322314050
3 4 49	0.1093023256
5 7 49	0.0683251577
15 52 53	0.1312127237
3 48 10	0.1034482759
56 59 53	0.1564625850
20 1 53	0.0757009346
15 0 66	0.1839530333
56 32 61	0.2368421053
7 60 49	0.1072261072
2 7 66	0.4054054054
3 48 61	0.1603773585
51 19 66	0.1872659176
56 14 53	0.1562500000
7 13 49	0.0780308104
75 18	0.1038961039
7 65	0.1272727273
56 49 49	0.1355283308
7 60 61	0.1818181818
7 11 10	0.1397058824
7 3 66	0.1595615104
20 52 49	0.0851063830
5 3 65	0.0562248996
56 0 53	0.0814940577
7 3 53	0.2112462006
20 52 53	0.0693848355
3 48 49	0.1075902727
7 54 65	0.1979166667
20 11 66	0.1203090508
5 3 66	0.0948529412
56 52 10	0.1394422311
7 6 61	0.2062663185
7 6 65	0.1467889908
15 59 61	0.2000000000
3 65	0.0459770115
75 18 5	0.1433447099
4 59 53	0.1647058824
51 20 65	0.1113585746
15 10 51	0.3313253012
7 6 10	0.1290909091
20 10 51	0.2286432161
51 3 53	0.2009735744
20 49 5	0.1116031887
56 52 66	0.1611969112
3 78 61	0.0608108108
75 24 66	0.1121212121
51 20 49	0.1138098543
77 21 49	0.1059063136
15 78 49	0.1337448560
56 66	0.1639344262
15 0 10	0.2151898734
7 66 51	0.3037214886
3 47 65	0.0804953560
3 10 51	0.2072678331
7 75 36	0.1566265060
3 10	0.0597826087
56 6 66	0.1740196078
56 53 51	0.3410526316
51 7 49	0.1692037471
5 7 66	0.1044176707
5 5 48	0.1106719368
3 59 49	0.0893869140
51 3 61	0.2195121951
20 6 49	0.0885908991
56 68 51	0.2307692308
3 52 61	0.0886956522
7 0 66	0.1619047619
15 10 2	0.1492537313
51 3 66	0.1669211196
51 56 61	0.2036423841
56 32 53	0.2072072072
56 65	0.2592592593
15 32 61	0.2056737589
15 2 61	0.1973684211
20 0 10	0.0687022901
51 15 10	0.3649851632
56 53 5	0.1057268722
3 13 61	0.0980000000
15 53 51	0.3445783133
20 46 66	0.1356275304
3 1 53	0.1001669449
7 11 53	0.1552511416
51 48	0.1951219512
7 46 66	0.2112211221
3 53 51	0.2064010451
48 49 13	0.1351351351
63 0 13	0.0766355140
49 1 3	0.0774487472
63 46 17	0.1515151515
49 50 3	0.0255813953
49 10 46	0.3117647059
63 3	0.1298701299
51 63 3	0.1153846154
63 56 13	0.1891891892
59 46 17	0.1578366446
49 6 13	0.0878128847
49 17	0.1627906977
49 6 66	0.0169491525
63 14 17	0.1505376344
63 0 3	0.0812553740
49 52 13	0.0858895706
48 51	0.1714285714
59 57 13	0.0884773663
49 13	0.1134903640
59 57 3	0.0794223827
49 78 13	0.0786713287
49 2 17	0.3000000000
59 1 13	0.0925449871
59 60 3	0.0696517413
5 59 3	0.0534979424
49 32 3	0.0764563107
59 3	0.0726915521
49 1 13	0.0995515695
49 60 13	0.0529531568
49 49 46	0.0436681223
63 6 13	0.0559701493
51 49 13	0.1120448179
49 66	0.0169491525
63 53 66	0.0130434783
49 13 51	0.3108552632
5 49 13	0.0737134910
59 7 3	0.0772727273
59 49 46	0.0467205750
59 6 66	0.0173237754
3 8 66	0.1190130624
21 49 49	0.1379310345
21 7 66	0.2040816327
51 7 61	0.3750000000
3 48 66	0.1302982732
7 13 0	0.1785714286
21 53	0.3750000000
21 49	0.1111111111
7 3 10	0.1641414141
21 49 51	0.3750000000
21 6 49	0.1438848921
7 49 51	0.3144278607
3 13 49	0.0538703796
21 47 66	0.1956521739
20 50 36	0.1729729730
20 49 53	0.1098039216
7 6 66	0.1664870690
20 49 49	0.0903284672
3 52 53	0.0690647482
21 0	0.1428571429
64 52 53	0.0856031128
3 61	0.0819672131
21 60 49	0.1764705882
46 59 49	0.1560798548
21 50	0.1764705882
21 66	0.2000000000
2 51 51	0.2769230769
21 49 10	0.3913043478
7 47 10	0.1313131313
51 56 53	0.3260073260
20 54 49	0.1108374384
20 6 53	0.0857359636
82 52 49	0.0851735016
64 29	0.1225806452
5 48	0.1325301205
3 13 53	0.0992608237
3 66 51	0.2129436326
3 6 66	0.1233541234
20 6 29	0.1006711409
51 7 65	0.1753246753
5 3 53	0.0372460497
64 36	0.1401869159
51 64 29	0.1884550085
3 6 53	0.0852130326
3 47 66	0.1259259259
82 18	0.0567375887
82 24 53	0.1030927835
82 29	0.1095890411
64 29 48	0.1932367150
20 78 65	0.0720720721
82 3 53	0.1428571429
3 47 49	0.0793036750
20 47 49	0.0872483221
20 78 66	0.1069306931
3 52 65	0.0702947846
20 70	0.0204081633
64 52 49	0.1024793388
3 61 51	0.1963190184
3 53 10	0.0897435897
3 52 10	0.0707656613
51 56 66	0.2153392330
20 53 5	0.0591397849
3 14 66	0.1394849785
7 13 50	0.0291970803
56 70 51	0.2380952381
7 78 61	0.2038834951
15 6 49	0.1348314607
7 6 49	0.1231841952
56 61 51	0.2310924370
51 82 18	0.1174863388
20 50 29	0.1125401929
51 75 36	0.2123287671
56 70 18	0.0958904110
56 8 66	0.2185792350
20 78 49	0.0726429675
7 32 49	0.1425233645
56 3 10	0.1322957198
7 47 66	0.1815203145
20 42 49	0.0350877193
7 70 51	0.3773584906
51 7 10	0.3122807018
15 17 0	0.0826771654
7 50 49	0.0854271357
56 3 0	0.1690140845
56 11 49	0.1527377522
20 6 36	0.1287878788
4 67 51	0.2250000000
56 50 29	0.1206896552
56 50 18	0.1618497110
56 11 66	0.1800000000
15 0 61	0.2627737226
7 60 66	0.1541095890
63 0	0.0453257790
49 0	0.0454545455
59 11 66	0.0294117647
59 78 66	0.0313653137
59 3 51	0.3028846154
59 14 13	0.1005025126
59 6 3	0.0664770707
49 6 3	0.0759094815
63 3 3	0.0680412371
49 2 0	0.3000000000
59 8 66	0.0073891626
49 8 13	0.0833333333
59 47 66	0.0225846926
59 3 5	0.0781563126
59 66	0.0350194553
49 66 46	0.2334801762
59 1 3	0.0655737705
59 49 66	0.0299625468
63 7 17	0.1118881119
49 6 17	0.1343963554
25 1 3	0.1176470588
49 52 3	0.0745084512
59 10 46	0.2993197279
51 67 46	0.2702702703
59 11 3	0.0764705882
49 2 3	0.0537459283
59 6 13	0.0795090715
49 7 17	0.2055555556
63 66 46	0.3333333333
49 17 51	0.2989130435
25 52 66	0.0322580645
63 0 66	0.0154083205
59 78 13	0.1042345277
59 88 3	0.1463414634
49 1 66	0.0285714286
5 2	0.0583941606
20 4 49	0.1281337047
3 69 31	0.1013698630
20 47 66	0.1330083565
3 7 49	0.1017316017
3 52 49	0.0857799788
20 49 2	0.0388349515
20 53 51	0.2291666667
20 49 29	0.1151832461
20 67 51	0.2471910112
82 4 66	0.0845070423
2 3 66	0.1287878788
20 59 49	0.0875748503
3 52 66	0.1227917753
82 29 49	0.0610328638
64 52 66	0.1190965092
59 32 3	0.0880281690
49 61 46	0.3636363636
73 6 13	0.0929487179
5 63 3	0.0857142857
63 53 46	0.0481481481
49 49 13	0.0911342249
59 53 46	0.1827956989
51 48 51	0.3510638298
49 57 3	0.0830188679
63 1 13	0.0904836193
49 47 3	0.0882352941
49 13 3	0.0792410714
59 61 46	0.3783783784
63 52 3	0.0641975309
46 49 53	0.2429378531
56 1 49	0.1371900826
5 48 48	0.2888888889
56 78 49	0.1206434316
7 49 65	0.1256830601
56 7 66	0.2358078603
56 2 66	0.1375000000
20 46 10	0.1684491979
20 6 65	0.0811965812
56 54 49	0.1283783784
56 13 49	0.0843714609
15 64 29	0.1105990783
56 59 66	0.1488888889
15 13 49	0.0808080808
7 59 66	0.1570370370
56 6 49	0.1314878893
56 66 51	0.3699186992
7 14 49	0.1267217631
15 59 53	0.1800643087
20 1 66	0.1189567430
3 53 2	0.0658135283
3 50 18	0.0927070457
3 11 66	0.1171079430
3 66 2	0.0482866044
20 13 66	0.0976058932
20 11 49	0.0886075949
20 53 2	0.0459558824
5 75 36	0.1111111111
3 32 66	0.1129032258
3 66 48	0.1741293532
3 78 49	0.0694143167
3 6 49	0.0887111434
3 1 49	0.1015662079
5 15 49	0.0689102564
3 59 66	0.1142659280
3 57 66	0.1201629328
3 54 66	0.1433756806
7 66 5	0.1544554455
7 11 66	0.1358695652
77 1 65	0.1714285714
15 49 61	0.2046783626
20 69 31	0.0938775510
51 2 51	0.3052631579
7 59 61	0.1911764706
7 3 61	0.1944444444
51 15 53	0.3219512195
15 49 66	0.1672862454
7 67 31	0.1639344262
56 11 65	0.2000000000
15 13 53	0.1631944444
7 32 66	0.1338582677
7 32 61	0.1842105263
19 66 48	0.0465116279
3 64 29	0.0967741935
55 3 66	0.1052631579
7 1 49	0.1232965607
24 66	0.1388888889
2 75 36	0.1363636364
22 66 51	0.2602739726
7 10 51	0.3396226415
55 18	0.1666666667
7 10 2	0.0993788820
75 52 49	0.1187845304
7 1 66	0.1514360313
55 52 49	0.0957446809
55 29	0.1000000000
19 70 18	0.1046511628
19 7 66	0.1296296296
55 18 49	0.0882352941
19 66	0.1348314607
5 56 66	0.0892857143
24 8 66	0.1044776119
19 8 49	0.0674846626
19 1 66	0.1358695652
7 49 2	0.0593849417
24 2 49	0.0555555556
22 49	0.0555555556
15 0 49	0.1281407035
19 49	0.0660377358
24 66 51	0.2469135802
22 66	0.1153846154
75 36	0.0937500000
15 59 49	0.1333333333
20 50 18	0.0963035019
22 53 66	0.0666666667
75 9 51	0.2800000000
55 18 66	0.0769230769
49 8 3	0.0909090909
20 13	0.0029411765
20 46 17	0.0044472681
49 14 3	0.0829493088
59 3 13	0.0878136201
20 52 13	0.0040340654
20 3	0.0019646365
49 46 17	0.1495398773
49 47 13	0.0683371298
49 52 17	0.1695760599
59 46 3	0.0820512821
51 46 17	0.2229729730
63 53 17	0.1372549020
49 7 3	0.0820189274
49 14 0	0.0947368421
49 53 3	0.0277098615
63 0 51	0.1702127660
59 4 66	0.0372670807
59 6 17	0.1640866873
49 14 17	0.1632653061
63 48 0	0.0547945205
59 52 3	0.0767651888
59 14 3	0.0830945559
59 32 13	0.1209386282
59 49 13	0.0886956522
25 4 3	0.1204819277
25 52 13	0.0934579439
59 47 17	0.1385135135
51 49 0	0.1592920354
59 52 13	0.0811479466
51 20 3	0.0093109870
59 3 66	0.0216535433
49 49 17	0.1823361823
59 2 3	0.0652680653
51 59 3	0.0917431193
59 59 3	0.0639671362
59 6 0	0.1214285714
59 3 3	0.0725490196
63 1 66	0.0240549828
59 47 3	0.0822368421
48 64 36	0.2079207921
48 5	0.1549295775
48 24 66	0.0689655172
75 3 53	0.1730769231
3 78 66	0.1081504702
48 51 51	0.1826086957
48 15 10	0.1006289308
20 70 29	0.1000000000
48 82 29	0.1562500000
3 65 5	0.1007194245
3 7 66	0.1326259947
48 22 66	0.1276595745
75 18 49	0.1087570621
20 0 49	0.0623529412
48 3 66	0.1023391813
75 4 53	0.1652173913
48 48	0.0769230769
48 3 53	0.1215686275
3 67 51	0.2400000000
21 59 49	0.1407035176
3 1 61	0.1301587302
3 78 53	0.0590631365
51 51 48	0.3212669683
7 49 61	0.2039660057
21 11 53	0.2222222222
20 13 53	0.0835443038
51 56 49	0.1490610329
3 57 53	0.0760095012
21 46 61	0.2608695652
3 47 31	0.0947368421
56 47 31	0.1468531469
64 52 31	0.1298701299
7 61 51	0.3462469734
20 11 10	0.0706521739
7 14 61	0.1111111111
56 13 50	0.0560000000
21 57 53	0.3684210526
64 3 66	0.1239193084
56 13 53	0.1694915254
46 67 51	0.4736842105
15 78 10	0.1165048544
21 68 5	0.1428571429
64 36 5	0.1066282421
15 67 31	0.1445086705
56 59 61	0.2038216561
56 65 51	0.2786885246
56 0 49	0.0780423280
46 49 49	0.1444444444
64 9	0.0434782609
7 49 48	0.1028571429
56 46 66	0.1964285714
20 67 31	0.1538461538
7 10 10	0.1388888889
2 20 49	0.0911062907
82 29 5	0.0486486486
51 82 9	0.0422535211
3 13 66	0.1113189897
3 4 65	0.0921052632
82 52 70	0.0731707317
82 4 65	0.0270270270
3 53 66	0.1152815013
51 3 70	0.0526315789
77 1 66	0.1498257840
56 0 68	0.0069444444
51 64 9	0.0561797753
3 11 49	0.0937019969
7 68	0.0192307692
20 50 53	0.0952380952
20 46 61	0.0583333333
15 6 10	0.1111111111
3 3 53	0.0713731575
20 88 66	0.1176470588
7 6 53	0.1531100478
7 54 49	0.1366223909
20 2 49	0.0775295664
5 3 10	0.0225409836
3 46 66	0.1577909270
20 52 66	0.1131221719
15 47 66	0.1692708333
3 6 9	0.0215827338
20 32 66	0.1114864865
20 53 66	0.1255028158
20 8 49	0.0699300699
20 49 66	0.1188524590
20 49 51	0.2107438017
2 2	0.0227272727
5 15 10	0.1228070175
5 20 49	0.0776818742
51 82 29	0.1689373297
3 50 36	0.1657142857
3 64 36	0.1359447005
20 68 51	0.2923076923
25 4 0	0.0869565217
63 52 13	0.1061151079
51 49 17	0.1478873239
63 1 3	0.0760998811
59 3 2	0.0301204819
63 3 13	0.0848329049
51 59 66	0.0372771475
51 7 66	0.2084690554
3 50 66	0.1220338983
64 29 51	0.2295514512
3 13 65	0.0572916667
64 4 49	0.0980834273
82 4 49	0.0759493671
20 3 0	0.0614525140
3 46 10	0.1809169765
64 4 53	0.0804878049
64 24 10	0.0804597701
20 59 66	0.1203319502
20 49 65	0.0909090909
3 57 10	0.0504587156
64 36 48	0.2650602410
20 47 65	0.0561224490
63 60 3	0.0618556701
63 7 3	0.0750000000
63 48 17	0.1608391608
49 11 13	0.0742049470
63 53 3	0.0388513514
49 52 66	0.0149073328
5 48 51	0.2526315789
59 54 13	0.0545454545
56 2 61	0.0800000000
15 49 49	0.1190476190
56 3 66	0.1679104478
3 2 49	0.0789473684
64 4 66	0.1166666667
15 52 49	0.1220930233
20 1 49	0.0819112628
5 2 5	0.0382513661
56 7 49	0.1392405063
7 7 49	0.1602564103
15 6 65	0.1485148515
56 57 66	0.1750000000
15 49 51	0.3121951220
7 7 65	0.1000000000
7 57 49	0.1291727141
46 7 17	0.1666666667
46 17	0.1212121212
46 17 0	0.0227272727
50 46	0.1666666667
59 14 17	0.1263157895
49 47 66	0.0161812298
50 46 51	0.2500000000
49 6 0	0.1250000000
5 59 66	0.0383480826
49 32 13	0.0876712329
49 49 0	0.0714285714
67 46	0.1111111111
49 4 3	0.0280898876
51 49 66	0.0262054507
50 15 13	0.0671641791
49 52 27	0.1940928270
50 3 3	0.0466666667
50 56 13	0.0508474576
0 5 46	0.0909090909
50 56 66	0.0535714286
59 47 27	0.2051282051
0 15 17	0.0769230769
50 46 48	0.3750000000
49 0 3	0.0824372760
49 49 66	0.0271703115
49 14 66	0.0089086860
59 47 13	0.0836320191
49 54 13	0.0552486188
49 46 3	0.0919117647
51 63 0	0.0926099158
25 4 66	0.0176991150
59 11 13	0.1046025105
49 0 13	0.0657276995
63 60 17	0.1111111111
25 4 27	0.1403508772
63 84 17	0.1851851852
56 54 66	0.1370967742
7 1 53	0.1574468085
7 52 53	0.1444342226
20 4 53	0.0917431193
20 0 65	0.0857142857
7 11 65	0.1818181818
20 4 66	0.1746031746
56 47 66	0.1838624339
5 56 49	0.0648988137
46 59 66	0.1855203620
7 2 49	0.1091370558
20 70 36	0.1370370370
15 46 10	0.2661870504
15 10 5	0.1736641221
7 50 66	0.1449275362
3 46 53	0.0557491289
56 78 66	0.1838235294
56 57 53	0.1626016260
7 8 49	0.1268436578
7 32 10	0.1575342466
15 47 53	0.1250000000
15 32 10	0.1690140845
56 13 61	0.2321428571
2 2 51	0.1475409836
59 53 4	0.2160000000
49 2 13	0.0828402367
59 52 66	0.0173611111
49 10 4	0.3855421687
59 59 66	0.0341555977
59 66 4	0.2972972973
49 13 13	0.0869565217
63 2 17	0.1783439490
51 51 51	0.2632743363
59 61 4	0.3684210526
49 57 13	0.0648854962
49 47 17	0.1252796421
63 2 0	0.0752688172
49 53 4	0.2580645161
59 57 66	0.0254668930
73 50 13	0.0820895522
7 13 61	0.1903114187
20 6 10	0.0693481276
4 46 53	0.1200000000
51 48 5	0.1309090909
56 8 49	0.1361256545
7 49 49	0.1307163092
7 52 65	0.1212121212
20 50 66	0.0983606557
56 17 10	0.1454545455
56 3 53	0.1682464455
77 21 61	0.1797752809
4 0	0.1000000000
15 3 66	0.1602316602
56 66 5	0.1358695652
4 49 49	0.1446808511
3 14 49	0.0920810313
9 56	0.2500000000
9 3	0.1111111111
34 4	0.0500000000
54 59 70	0.1818181818
68 5	0.1428571429
34 29 70	0.1250000000
34 4 70	0.1666666667
9 56 68	0.2500000000
54 1 70	0.2272727273
54 11 70	0.2692307692
51 10 55	0.2040816327
34 18 50	0.0227272727
10 22 70	0.1379310345
34 3 4	0.0769230769
54 66 55	0.1666666667
34 4 8	0.3050847458
10 20 50	0.0265486726
34 71	0.1333333333
10 55	0.1666666667
54 49 8	0.1176470588
51 54 70	0.0810810811
74 37 80	0.3529411765
34 49 71	0.0909090909
34 52 8	0.2264150943
9 20 8	0.1527777778
54 6 70	0.1304347826
54 32 50	0.0208333333
54 57 8	0.1951219512
5 10 55	0.2083333333
68 25 4	0.1764705882
54 7 70	0.1000000000
9 56 51	0.3636363636
34 48 80	0.3695652174
54 70	0.1111111111
3 32 49	0.1089193825
20 49 36	0.1229050279
3 50 29	0.1208791209
20 8 66	0.1151685393
20 15 10	0.2268907563
54 52 50	0.0125786164
54 53 80	0.2727272727
34 48 4	0.0303030303
54 50	0.0204081633
54 42 8	0.1250000000
54 6 8	0.1265822785
54 52 70	0.1794871795
74 0 80	0.3000000000
51 34 4	0.0537634409
51 9 3	0.1428571429
34 3 71	0.1538461538
9 2 56	0.2222222222
51 34 71	0.2000000000
54 47 8	0.1527777778
68 50 80	0.3333333333
51 25 4	0.0945945946
51 50 80	0.2941176471
34 3 10	0.0740740741
34 4 5	0.2000000000
5 49 56	0.1000000000
9 3 74	0.1666666667
9 20 70	0.1750000000
68 5 68	0.1666666667
34 52 70	0.2000000000
49 7 13	0.1085714286
49 78 3	0.0691056911
49 60 3	0.1021897810
59 47 0	0.0939597315
49 59 3	0.0674342105
48 75 36	0.1566265060
16 76 18	0.0642857143
75 18 51	0.3000000000
75 18 61	0.2471910112
48 15 49	0.0717131474
48 5 48	0.1698113208
48 7 10	0.0341880342
48 3 61	0.1700000000
3 70 18	0.0827067669
48 5 5	0.2043795620
20 0 66	0.1381578947
48 19 66	0.0634920635
75 18 53	0.1641025641
3 47 53	0.0602302923
20 1 61	0.0805369128
3 46 61	0.0676328502
48 22 53	0.0400000000
75 36 51	0.2983870968
51 20 13	0.0126234907
49 54 3	0.0611702128
51 46 3	0.1417322835
49 49 4	0.0446808511
51 19 49	0.1401869159
3 53 48	0.1111111111
82 24 66	0.1157894737
20 47 10	0.0730337079
20 78 53	0.0778210117
20 3 10	0.0482456140
63 3 51	0.2835051546
63 10 46	0.3043478261
49 53 46	0.1736263736
63 61 46	0.2628205128
73 6 3	0.0396600567
59 8 13	0.1578947368
5 75 18	0.0642201835
56 3 61	0.2072538860
5 56 53	0.0546697039
7 1 61	0.2176165803
4 59 61	0.2000000000
56 13 70	0.0606060606
75 52 53	0.1226993865
51 3 10	0.1605562579
7 47 49	0.1116031887
48 20 53	0.0929203540
48 20 49	0.0805369128
3 11 53	0.0796252927
49 47 0	0.1000000000
2 49 13	0.1171171171
59 54 3	0.0755813953
59 3 48	0.0237580994
59 78 3	0.0599201065
59 4 27	0.2209302326
63 0 5	0.0681818182
63 52 17	0.1372549020
64 29 66	0.1073170732
82 29 66	0.0823529412
20 49 48	0.0651465798
82 18 49	0.0790697674
3 53 49	0.0772626932
82 18 51	0.2415094340
20 70 18	0.0635658915
15 3 10	0.1466165414
56 69 31	0.2214765101
56 49 10	0.1576923077
7 57 66	0.1361788618
56 1 66	0.1896551724
56 52 61	0.1929824561
7 50 53	0.1388888889
15 60 49	0.1184971098
56 6 29	0.0909090909
64 36 2	0.0601503759
56 70 29	0.1549295775
20 75 36	0.1230769231
56 48 53	0.1742424242
7 7 66	0.2027027027
56 65 5	0.1224489796
59 49 17	0.1759656652
25 52 3	0.0916666667
49 14 13	0.1259842520
2 63 3	0.1326530612
59 52 27	0.1863636364
20 54 66	0.1426356589
15 49 36	0.1884057971
7 47 31	0.1286764706
56 64 36	0.1188118812
20 53 49	0.0857959962
56 32 49	0.1622911695
3 1 66	0.1177105832
7 49 66	0.1660869565
5 64 36	0.1111111111
49 48 3	0.1078947368
59 50 66	0.0159574468
59 53 13	0.0769230769
49 77 27	0.1980198020
59 7 17	0.1640625000
59 7 13	0.1360000000
20 68	0.0408163265
56 6 70	0.0640000000
3 54 70	0.0280373832
51 24 49	0.0821256039
56 0 70	0.0287769784
5 64 9	0.0140845070
3 66 5	0.0949926362
82 18 65	0.0731707317
7 47 53	0.1328358209
20 7 66	0.1351598174
7 57 53	0.1739130435
15 6 61	0.1812080537
20 57 65	0.0591715976
7 11 70	0.0594059406
20 64 36	0.1333333333
51 19 53	0.2477064220
20 32 53	0.0707070707
20 32 49	0.1086657497
15 0 50	0.0149812734
15 0 65	0.1290322581
20 57 10	0.0543478261
20 52 61	0.0893203883
7 68 51	0.4848484848
3 70	0.0379746835
77 23 66	0.1402714932
20 60 49	0.1017770598
51 56 65	0.1710526316
77 1 53	0.1677852349
20 60 66	0.1163793103
20 13 49	0.0499457112
51 24 66	0.0807453416
7 70 9	0.0270270270
75 4 10	0.1428571429
15 13 61	0.2076923077
51 0 4	0.2439024390
5 63 0	0.0467706013
49 4 27	0.1785714286
49 66 4	0.3787878788
49 88 66	0.0312500000
49 13 2	0.0467289720
64 29 49	0.0933333333
19 6 66	0.1434599156
20 64 29	0.1176470588
7 78 66	0.1440000000
19 64 29	0.1025641026
24 13 49	0.0570175439
19 4 49	0.0487804878
20 75 18	0.0976744186
19 49 5	0.0552763819
24 49	0.1250000000
64 29 5	0.0904392765
19 53 66	0.1506849315
19 1 49	0.0787037037
7 13 66	0.1411764706
51 2 5	0.2581818182
3 65 51	0.2542372881
19 49 51	0.2694610778
19 2 66	0.1750000000
19 66 5	0.0496183206
19 52 66	0.0970464135
63 6 3	0.0593824228
59 52 17	0.1931464174
15 2 49	0.1141732283
7 50 18	0.1371428571
15 32 49	0.1301775148
56 48 66	0.1518324607
7 8 66	0.1644908616
46 49 66	0.1601307190
56 59 65	0.1724137931
7 2 65	0.2424242424
56 59 49	0.1254355401
56 1 61	0.2038834951
7 0 65	0.2051282051
75 3 61	0.2653061224
56 1 70	0.0937500000
2 3 10	0.1052631579
3 6 70	0.0236559140
15 3 65	0.1792452830
7 49 36	0.1720430108
2 56 66	0.2258064516
7 60 65	0.0714285714
7 48 66	0.1340206186
15 63 61	0.1538461538
15 13 66	0.1638795987
56 78 61	0.1967213115
15 6 53	0.1218487395
77 21 53	0.1483253589
7 66 48	0.1682692308
7 66 72	0.0857142857
20 49 10	0.0868421053
15 0 53	0.2010050251
77 6 36	0.1063829787
20 10	0.0537634409
7 60 53	0.1823529412
15 59 66	0.1505102041
7 57 70	0.0990099010
15 13 10	0.1318681319
7 78 65	0.1129032258
15 3 53	0.1974358974
51 55 29	0.4000000000
7 47 68	0.0227272727
3 6 61	0.0983606557
51 75 9	0.1071428571
20 48 49	0.0392156863
20 7 49	0.1130820399
20 47 31	0.1377049180
3 6 18	0.0775577558
3 75 36	0.1140939597
3 3 61	0.0997732426
3 13 0	0.0423076923
3 78 10	0.0601503759
3 13 50	0.0140845070
20 14 53	0.0641891892
64 3 10	0.0935672515
3 10 10	0.1343283582
3 4 10	0.0869565217
20 4 10	0.1132075472
3 59 61	0.0817120623
3 59 53	0.0819180819
51 19 10	0.2131147541
64 3 53	0.0987124464
64 76 18	0.1263157895
20 14 49	0.1302083333
20 59 53	0.0690607735
64 24 66	0.1447619048
2 82 18	0.0705882353
77 1 49	0.1195876289
3 6 36	0.1285140562
77 23 49	0.1346633416
3 50 49	0.0756097561
82 29 48	0.1649484536
75 76 18	0.1250000000
75 36 48	0.2954545455
64 36 51	0.3121951220
64 36 33	0.2972972973
3 70 36	0.1277777778
20 8 10	0.0139860140
3 53 5	0.0443548387
64 52 10	0.0800000000
20 8 53	0.0761904762
51 3 65	0.1156812339
20 3 66	0.1208053691
2 75 18	0.0867208672
51 64 36	0.2033096927
7 8 10	0.0257731959
15 63 10	0.3750000000
56 0 61	0.1525423729
15 47 49	0.1075110457
20 13 61	0.1042654028
7 75 18	0.1366906475
56 48 49	0.1404761905
56 8 53	0.1309523810
56 47 53	0.1257309942
3 54 10	0.1271186441
2 3 53	0.1228070175
75 24 49	0.0931174089
64 29 2	0.0402930403
20 8 65	0.0410958904
20 10 33	0.1891891892
20 6 61	0.1154598826
5 21 49	0.0385964912
75 4 66	0.1696428571
82 76 18	0.1538461538
7 52 10	0.1489361702
7 4 66	0.1924882629
20 54 65	0.0902777778
56 4 49	0.1296296296
56 70 36	0.1846153846
15 14 61	0.1666666667
56 66 33	0.4000000000
7 1 65	0.1605839416
7 10 5	0.1056910569
7 32 53	0.1708333333
15 47 65	0.1717171717
7 1 10	0.1206225681
2 20 53	0.0740740741
20 57 53	0.0757180157
7 70 2	0.0329670330
7 54 66	0.1515151515
20 1 65	0.0790378007
51 51 2	0.1002785515
15 57 53	0.1818181818
7 88 70	0.1333333333
56 14 10	0.1818181818
3 10 33	0.2769230769
3 57 49	0.0863636364
20 57 66	0.1020191286
20 88 49	0.1235955056
51 50 46	0.3030303030
2 59 3	0.0972762646
49 61 4	0.4078947368
59 49 0	0.0847457627
49 60 66	0.0188172043
49 52 0	0.0809859155
2 49 17	0.0847457627
49 54 66	0.0201793722
63 0 0	0.0389221557
49 53 0	0.1071428571
49 17 5	0.0769230769
49 13 66	0.0336257310
59 48 13	0.0707547170
73 1 3	0.0326530612
59 10 4	0.3783783784
20 11 53	0.1005586592
56 1 53	0.1627906977
56 47 10	0.1415094340
15 3 0	0.1250000000
20 13 10	0.0560747664
2 51 2	0.0515463918
56 32 10	0.1186440678
59 66 46	0.1076923077
73 31 13	0.0380952381
73 50 3	0.0462427746
49 13 5	0.0916955017
48 59 3	0.1191335740
63 60 13	0.0471204188
49 11 3	0.0697674419
63 61 4	0.2678571429
4 59 70	0.0666666667
56 3 70	0.0888888889
56 7 65	0.1333333333
82 18 5	0.0641509434
48 7 66	0.0712166172
20 48 66	0.0498084291
3 78 70	0.0133333333
3 60 49	0.0833333333
64 52 70	0.0422535211
20 11 65	0.0797546012
7 78 68	0.0434782609
48 63 0	0.0672268908
49 53 13	0.0606060606
21 59 53	0.2291666667
3 11 10	0.0707964602
21 52 53	0.2619047619
21 20 49	0.2000000000
64 24 53	0.0837988827
21 49 53	0.3033707865
21 10	0.2222222222
15 48 10	0.1896551724
21 4 49	0.1250000000
82 3 66	0.1036269430
64 29 53	0.0903225806
82 3 61	0.1111111111
3 32 53	0.0743034056
20 49 18	0.0614250614
51 20 70	0.0250000000
7 59 10	0.1470588235
7 49 10	0.1691331924
20 65 2	0.0344827586
20 47 53	0.0624092888
7 11 49	0.1359223301
20 52 10	0.0609951846
7 13 53	0.1422222222
3 70 51	0.2469135802
7 3 0	0.0872483221
24 65 51	0.3529411765
22 66 2	0.2285714286
3 67 31	0.1221945137
7 70 18	0.1077586207
22 7 66	0.0769230769
24 49 49	0.0765027322
22 57 49	0.0909090909
55 29 2	0.2222222222
24 46 10	0.1590909091
19 66 51	0.2275132275
19 6 49	0.0670731707
19 69 31	0.0754716981
19 66 72	0.0500000000
24 11 49	0.0689655172
22 52 49	0.0769230769
7 78 49	0.1095305832
59 60 13	0.0687830688
59 2 13	0.0837988827
63 3 5	0.0579150579
2 63 0	0.0950570342
49 78 66	0.0227272727
10 22 8	0.1886792453
5 68	0.1666666667
10 20 70	0.2500000000
34 2 80	0.3437500000
9 48 55	0.1538461538
10 3	0.0769230769
54 7 8	0.1944444444
54 3 70	0.2222222222
51 24 8	0.0526315789
56 6 4	0.0051020408
5 34 71	0.0666666667
54 53 8	0.1200000000
54 11 8	0.1162790698
9 56 74	0.1818181818
25 4	0.0178571429
34 18 70	0.2500000000
51 25 80	0.1851851852
48 4 8	0.0714285714
49 55	0.1111111111
50 80	0.1428571429
9 56 5	0.2222222222
25 80	0.0476190476
10 55 5	0.1923076923
51 9 56	0.2040816327
9 22 8	0.0833333333
34 3 80	0.2222222222
51 68 5	0.1428571429
10 55 51	0.3076923077
10 3 5	0.1111111111
54 6 80	0.2424242424
25 4 5	0.0476190476
48 9 56	0.0909090909
48 10 55	0.0833333333
22 53 51	0.3720930233
19 11 66	0.1290322581
24 6 66	0.0916666667
19 52 49	0.0852390852
19 47 49	0.0849056604
19 49 49	0.0969827586
24 67 51	0.0833333333
19 53 2	0.1044776119
75 9 72	0.0666666667
21 59 61	0.3111111111
21 3 66	0.2222222222
46 59 53	0.1818181818
21 63 61	0.3200000000
21 11 10	0.1875000000
21 52 10	0.3333333333
2 49 66	0.0210084034
59 66 51	0.0109890110
51 0 21	0.1538461538
59 1 66	0.0452173913
48 48 5	0.3939393939
48 56 66	0.1016949153
48 48 51	0.2045454545
48 7 61	0.0821917808
20 1 10	0.0525423729
48 21 49	0.0222222222
15 38 61	0.1142857143
7 65 51	0.3619047619
15 47 10	0.1259259259
7 54 53	0.2303030303
7 70	0.0227272727
3 6 10	0.0675965665
3 60 66	0.1287128713
20 50 49	0.0572033898
3 75 18	0.0609037328
49 4 13	0.0833333333
49 50 66	0.0135135135
63 89 0	0.0165745856
49 47 27	0.1612903226
64 30 29	0.0200000000
48 19 10	0.0645161290
3 8 49	0.0656250000
48 56 53	0.0842105263
48 21 66	0.2000000000
63 60 66	0.0173697270
59 3 27	0.1562500000
2 82 29	0.0760869565
59 49 21	0.1224489796
59 2 66	0.0571428571
59 88 13	0.0943396226
63 61 21	0.1891891892
5 46 17	0.0606060606
0 51 46	0.4000000000
49 59 66	0.0317145689
59 50 13	0.0859375000
59 14 0	0.0937500000
15 49 5	0.1498257840
3 47 10	0.0533707865
5 7 65	0.0488888889
56 52 70	0.1041666667
20 50 65	0.0408163265
77 6 29	0.2571428571
3 3 50	0.0073298429
5 15 53	0.0510510511
82 29 51	0.2000000000
3 1 10	0.0776699029
15 6 70	0.0363636364
56 46 61	0.1054852321
56 0 10	0.0737327189
56 47 65	0.1752577320
56 3 65	0.1391304348
7 0 53	0.1250000000
3 60 70	0.0851063830
15 59 10	0.1428571429
15 52 70	0.0567375887
7 3 68	0.0260869565
7 8 53	0.1194968553
20 50 9	0.0320000000
75 18 2	0.0701107011
20 2 66	0.1311475410
20 60 53	0.0782312925
20 52 65	0.0685920578
3 10 48	0.0833333333
64 24 49	0.1019283747
20 49 61	0.1054421769
7 59 53	0.1778242678
15 49 10	0.1618257261
46 49 10	0.2134831461
21 66 51	0.3492063492
21 32 10	0.2142857143
21 13 66	0.1714285714
7 61 5	0.1219512195
3 8 10	0.0193798450
20 54 53	0.1127819549
21 49 5	0.2682926829
20 2 53	0.1200000000
20 6 68	0.0124481328
3 10 5	0.0298913043
3 13 10	0.0743034056
15 17 61	0.1772151899
7 13 10	0.1309523810
7 67 51	0.2933333333
19 47 66	0.1484375000
19 59 49	0.0890688259
19 54 66	0.1463414634
20 65 51	0.2057416268
24 49 5	0.0430107527
20 0 0	0.0789473684
15 89 10	0.2857142857
7 32 65	0.1612903226
56 78 10	0.1904761905
2 3 65	0.1098901099
7 8 70	0.0975609756
56 3 50	0.0135135135
5 21 66	0.0965517241
20 50 31	0.0982658960
5 64 29	0.0755939525
5 82 18	0.0497076023
2 51 48	0.2307692308
49 10 21	0.1621621622
59 66 5	0.0172642762
59 42 13	0.0869565217
7 50 36	0.1709401709
15 14 49	0.1300813008
5 2 51	0.1621621622
3 88 49	0.0615384615
15 46 61	0.0685714286
7 4 10	0.0888888889
3 59 10	0.0594353640
15 52 61	0.1879194631
7 6 29	0.1520467836
7 70 29	0.1666666667
3 4 66	0.1370716511
3 60 53	0.1090909091
7 54 10	0.1666666667
7 65 2	0.0934579439
77 23 10	0.1348314607
2 5 5	0.0316742081
77 6 9	0.0869565217
20 3 53	0.0828729282
77 23 53	0.2389380531
7 3 70	0.0687022901
7 78 10	0.1679389313
26 55 18	0.0681818182
3 3 65	0.0552631579
82 4 53	0.0183486239
3 3 10	0.0557768924
48 20 10	0.1267605634
20 0 53	0.0603448276
46 63 61	0.1923076923
51 4 0	0.5000000000
75 24 53	0.1261261261
77 21 66	0.1550151976
7 52 70	0.0680851064
48 19 49	0.0400000000
5 24 49	0.0388349515
56 63 10	0.1454545455
3 48 70	0.0285714286
3 48 65	0.0746268657
15 49 65	0.1653543307
34 71 5	0.0588235294
54 78 70	0.2777777778
9 20 50	0.0084033613
68 50 71	0.2500000000
54 13 10	0.0344827586
54 52 8	0.1818181818
10 55 80	0.2352941176
34 83 74	0.2857142857
54 66 56	0.0434782609
34 18 10	0.0606060606
77 4 66	0.1548387097
15 32 53	0.1941747573
15 43 10	0.2500000000
7 49 68	0.0184049080
20 1 70	0.0343347639
7 64 36	0.1694915254
55 24 49	0.0697674419
24 47 66	0.1145833333
19 50 66	0.1076923077
19 66 2	0.0757575758
19 47 31	0.0487804878
19 57 66	0.1265060241
15 69 31	0.1230769231
55 22 66	0.1224489796
24 53 66	0.0833333333
24 53 49	0.0666666667
22 52 66	0.1034482759
24 53 2	0.1923076923
19 32 66	0.1333333333
7 0 49	0.0965517241
19 46 66	0.1770833333
19 32 49	0.1153846154
19 10 51	0.1847826087
50 15 0	0.0941176471
46 6 17	0.1666666667
63 6 66	0.0108108108
50 7 17	0.1379310345
50 7 3	0.0454545455
67 15 13	0.0666666667
50 56 3	0.0454545455
50 56 0	0.0909090909
63 53 0	0.0673076923
50 3 13	0.0420168067
46 49 61	0.2083333333
46 2 0	0.4000000000
3 8 53	0.0602006689
21 3 53	0.3548387097
21 66 5	0.2258064516
21 1 49	0.1616161616
46 59 61	0.2061855670
21 6 53	0.3829787234
21 14 66	0.1891891892
21 57 49	0.2000000000
7 2 66	0.1302325581
15 49 2	0.0603248260
7 50 29	0.1398963731
15 64 36	0.1705426357
59 32 66	0.0433070866
59 52 0	0.0995475113
2 49 0	0.1724137931
49 6 71	0.0666666667
63 53 4	0.0500000000
24 4 66	0.1627906977
15 48 49	0.1237458194
24 1 66	0.0864197531
24 78 66	0.1111111111
19 46 10	0.1363636364
7 69 31	0.1783783784
15 48 61	0.1875000000
15 49 18	0.1038251366
56 78 70	0.0476190476
82 24 49	0.0765550239
56 49 36	0.1206896552
20 6 70	0.0217391304
3 59 68	0.0057471264
7 6 36	0.1523178808
4 46 66	0.2166666667
56 13 68	0.0576923077
20 68 2	0.0171428571
3 11 65	0.0928961749
49 7 0	0.0948275862
20 6 3	0.0012459507
20 52 3	0.0021590500
63 60 0	0.0800000000
3 10 2	0.0440000000
3 6 29	0.0949152542
49 49 21	0.1739130435
56 14 49	0.1329787234
82 52 66	0.1018867925
15 0 70	0.0451612903
15 78 61	0.1843971631
20 59 61	0.0639534884
7 0 0	0.1250000000
5 20 53	0.0343035343
20 3 50	0.0279720280
56 49 2	0.0464646465
3 57 65	0.0806451613
64 30 62	0.0170648464
4 49 66	0.1619047619
56 78 65	0.1000000000
49 53 66	0.0188356164
5 67 46	0.1111111111
5 50 46	0.2500000000
59 77 27	0.1857142857
49 10 0	0.0363636364
5 5 2	0.0267175573
56 48 61	0.1578947368
7 0 10	0.1632653061
3 70 29	0.1141304348
48 64 29	0.1398601399
48 15 53	0.0555555556
7 49 29	0.1785714286
7 14 53	0.1052631579
49 0 66	0.0347222222
7 70 36	0.1132075472
56 1 65	0.2045454545
4 49 53	0.1857142857
56 49 48	0.1192052980
56 46 53	0.0700000000
15 60 53	0.1666666667
2 56 61	0.1176470588
7 66 0	0.0500000000
56 32 66	0.1698113208
51 48 48	0.2500000000
7 48 49	0.1244979920
56 67 31	0.1769911504
63 0 17	0.1313868613
49 53 17	0.1666666667
56 13 66	0.1246537396
5 21 70	0.0526315789
26 20 65	0.1764705882
3 53 9	0.0303030303
7 47 65	0.1142857143
7 1 68	0.0272727273
51 50 71	0.2692307692
34 49 10	0.1250000000
54 78 8	0.1935483871
68 25 80	0.3333333333
68 34 4	0.0833333333
54 11 50	0.0289855072
54 49 80	0.1363636364
5 9 56	0.2500000000
3 3 70	0.0193798450
56 13 0	0.1111111111
7 60 10	0.2073170732
56 56 49	0.1384615385
56 4 66	0.1923076923
20 78 10	0.1142857143
77 1 10	0.0786516854
20 2 65	0.1555555556
7 3 50	0.0187110187
3 61 2	0.0273224044
5 48 5	0.1296296296
59 53 66	0.0357142857
59 48 3	0.0571428571
63 43 17	0.1698113208
49 48 13	0.0869565217
63 6 17	0.1118881119
49 66 51	0.0076670318
20 1 13	0.0026978417
49 8 66	0.0099502488
20 78 3	0.0022883295
20 59 3	0.0021691974
15 49 53	0.1240875912
3 6 65	0.0788732394
4 63 66	0.2545454545
20 2 10	0.0615384615
21 1 66	0.2115384615
21 8 53	0.2941176471
21 32 66	0.1730769231
21 3 10	0.3636363636
21 2 49	0.1111111111
3 4 53	0.1496062992
59 8 3	0.0774907749
63 89 17	0.1020408163
49 67 46	0.2682926829
2 5 2	0.0985915493
3 66 72	0.0923076923
34 3 8	0.1724137931
54 7 50	0.0121951220
5 49 55	0.2222222222
54 48 8	0.1379310345
51 54 50	0.0096153846
10 19 50	0.0384615385
34 52 50	0.0600000000
54 6 4	0.0236220472
20 10 5	0.0300000000
20 53 53	0.0793319415
75 52 70	0.0638297872
15 0 29	0.3500000000
7 59 65	0.1311475410
2 3 61	0.1333333333
64 30 36	0.1176470588
21 46 53	0.1538461538
21 2 66	0.1714285714
21 50 36	0.2727272727
46 63 10	0.3440000000
21 49 66	0.1875000000
46 46 66	0.1428571429
21 60 53	0.1250000000
15 52 10	0.1181818182
21 6 61	0.3181818182
21 7 49	0.1698113208
20 53 10	0.0529100529
21 13 10	0.2857142857
21 3 61	0.2916666667
21 7 10	0.2727272727
46 20 53	0.1923076923
56 2 49	0.1086956522
56 57 65	0.1702127660
20 60 65	0.0900000000
73 6 66	0.0145985401
59 53 3	0.0264150943
59 49 4	0.0382882883
64 30 18	0.0655737705
48 75 18	0.0765550239
7 6 18	0.1042253521
3 70 5	0.0396039604
20 3 61	0.0766129032
3 14 53	0.0751879699
56 61 2	0.0248962656
64 4 10	0.0720000000
54 32 8	0.0400000000
54 50 80	0.2089552239
9 56 22	0.1818181818
16 50 80	0.0243902439
48 50 80	0.2307692308
25 52 8	0.0204081633
54 13 8	0.0810810811
50 80 51	0.1111111111
10 3 51	0.1428571429
25 4 51	0.1250000000
54 68 56	0.1176470588
63 56 3	0.0540540541
56 14 66	0.2238805970
4 51 0	0.1000000000
4 59 66	0.1538461538
56 63 61	0.0819672131
59 50 3	0.0415512465
15 38 10	0.1525423729
59 53 21	0.1351351351
21 0 51	0.6000000000
56 59 10	0.1573604061
21 53 5	0.2285714286
49 60 0	0.1538461538
24 10 51	0.1666666667
3 2 66	0.1307692308
19 60 66	0.1428571429
7 49 18	0.1333333333
75 18 66	0.1485148515
24 1 49	0.0758620690
19 78 66	0.1044776119
24 11 66	0.0760869565
55 18 51	0.2666666667
19 53 51	0.2657342657
24 64 29	0.1176470588
24 49 18	0.1290322581
24 50 49	0.0909090909
19 70 29	0.0909090909
22 32 49	0.1000000000
55 36 51	0.2000000000
59 4 13	0.0446428571
63 52 66	0.0082372323
3 50 53	0.1048951049
21 14 53	0.2000000000
46 46 53	0.0882352941
21 52 49	0.1704545455
20 53 65	0.0867052023
56 54 65	0.2333333333
56 32 70	0.1081081081
15 60 61	0.1833333333
46 59 65	0.1250000000
82 52 53	0.0780141844
3 47 70	0.0151898734
48 5 2	0.0360360360
48 49 17	0.2500000000
3 59 65	0.0563909774
56 78 53	0.1496062992
4 63 61	0.0750000000
15 10 33	0.2051282051
24 75 18	0.1153846154
19 67 51	0.1153846154
15 75 18	0.0674157303
19 49 36	0.0967741935
19 11 49	0.0899470899
21 46 66	0.2089552239
21 50 5	0.2000000000
3 54 53	0.1111111111
20 78 68	0.0322580645
5 21 65	0.1250000000
75 4 49	0.1111111111
64 46 10	0.0952380952
49 17 2	0.0606060606
59 42 3	0.0470588235
7 46 68	0.0416666667
20 10 61	0.0975609756
7 64 29	0.1777108434
64 4 65	0.0709219858
20 49 70	0.0312500000
20 60 70	0.0461538462
5 24 66	0.0131578947
46 52 66	0.0208333333
50 20 17	0.1785714286
50 15 17	0.1219512195
46 1 3	0.0204081633
0 15 0	0.0166666667
63 63 0	0.0425531915
49 13 48	0.0238663484
46 17 51	0.1379310345
46 1 13	0.0769230769
5 49 66	0.0152091255
50 7 66	0.0163043478
49 0 51	0.2000000000
46 14 17	0.1666666667
46 53 3	0.0303030303
7 47 70	0.0512820513
7 42 53	0.1739130435
15 49 9	0.0408163265
20 13 0	0.0703125000
77 4 49	0.1325301205
82 18 10	0.0561797753
5 7 61	0.0730994152
56 66 2	0.0681818182
56 11 10	0.0909090909
49 88 13	0.0566037736
49 60 17	0.1632653061
24 7 49	0.1071428571
20 70 51	0.2739726027
19 50 49	0.0769230769
82 18 48	0.1647058824
20 50 13	0.0083682008
20 49 46	0.0012135922
20 11 13	0.0052562418
20 3 51	0.0116279070
20 47 17	0.0055555556
20 7 3	0.0030487805
20 14 3	0.0057803468
20 78 13	0.0028985507
20 8 13	0.0060790274
49 32 66	0.0337078652
20 6 17	0.0067873303
20 8 3	0.0044543430
20 3 13	0.0054644809
20 13 50	0.0187667560
15 57 49	0.0967741935
7 57 65	0.1123595506
24 47 49	0.0579710145
55 46 10	0.1739130435
24 66 2	0.0909090909
24 53 51	0.2739726027
15 0 0	0.0316742081
5 3 61	0.0515463918
15 14 10	0.1290322581
56 53 49	0.1219512195
56 60 49	0.1094527363
56 6 65	0.1770833333
56 7 68	0.0476190476
20 3 65	0.0537634409
15 3 70	0.0549450549
77 4 65	0.2352941176
20 70 9	0.0178571429
20 60 10	0.0800000000
49 2 66	0.0400000000
63 14 0	0.0540540541
75 24 10	0.0714285714
20 42 10	0.2307692308
26 20 49	0.0843373494
63 10 4	0.2093023256
48 7 49	0.0521172638
48 82 18	0.1384615385
56 56 53	0.1034482759
7 66 2	0.0794979079
56 6 10	0.1129032258
75 9 2	0.0500000000
24 67 31	0.1379310345
22 60 66	0.0937500000
19 57 49	0.0780487805
24 6 49	0.0769230769
24 49 2	0.0985915493
19 14 66	0.1234567901
19 49 18	0.1095890411
21 1 10	0.3809523810
21 53 51	0.3283582090
46 59 10	0.2043010753
20 42 53	0.0689655172
19 48 49	0.0752688172
19 50 36	0.1304347826
19 78 49	0.0574712644
48 56 61	0.0808080808
3 48 53	0.0980861244
56 11 53	0.1858407080
5 22 66	0.0638297872
75 36 33	0.2173913043
5 22 49	0.0645161290
7 65 5	0.1294117647
82 24 65	0.1515151515
15 11 10	0.0909090909
82 18 53	0.0677966102
7 3 65	0.1436464088
56 39 33	0.1333333333
20 59 10	0.0620155039
15 0 9	0.0806451613
48 20 70	0.0270270270
3 14 61	0.0544217687
15 49 70	0.0434782609
15 39 33	0.1764705882
56 0 65	0.0800000000
77 23 65	0.1702127660
77 1 70	0.0425531915
20 48 70	0.0540540541
56 4 65	0.1428571429
56 56 66	0.1428571429
5 55 18	0.0645161290
64 3 61	0.1348314607
51 22 51	0.3636363636
54 4 8	0.1250000000
68 34 71	0.1250000000
54 14 70	0.0833333333
54 68 55	0.1428571429
68 24 8	0.1250000000
54 47 70	0.1944444444
34 48 71	0.1578947368
68 10 55	0.2000000000
56 3 8	0.0050251256
54 49 70	0.2000000000
54 54 70	0.0800000000
56 52 8	0.0033783784
56 47 4	0.0076923077
5 9 3	0.1111111111
54 0 8	0.1250000000
54 1 8	0.0980392157
54 2 8	0.1176470588
56 6 71	0.0312500000
54 68 80	0.1250000000
56 52 4	0.0085470085
79 56 49	0.0142857143
63 50 71	0.0163934426
63 6 0	0.0561797753
15 13 0	0.1340206186
7 14 10	0.1142857143
7 10 48	0.1333333333
7 6 68	0.0228310502
34 3 70	0.1764705882
54 65 55	0.1176470588
51 10 3	0.1111111111
54 57 50	0.0185185185
34 71 51	0.0714285714
54 1 50	0.0138888889
54 52 10	0.0208333333
59 6 71	0.0545454545
21 59 10	0.4166666667
21 13 49	0.1030927835
46 20 10	0.0909090909
3 53 53	0.1006289308
21 47 53	0.2444444444
21 11 66	0.1666666667
21 59 66	0.2075471698
63 4 27	0.1333333333
48 24 53	0.1000000000
63 43 0	0.0731707317
48 0 4	0.1666666667
56 50 31	0.1463414634
73 1 13	0.0537634409
19 88 66	0.1304347826
19 13 66	0.1666666667
19 13 49	0.0493096647
5 21 10	0.0909090909
3 42 10	0.0526315789
15 78 53	0.1644736842
75 4 65	0.0789473684
5 3 70	0.0171673820
56 49 68	0.0227272727
7 54 68	0.0204081633
63 7 0	0.0561797753
49 66 5	0.0074005550
56 48 65	0.1136363636
59 4 3	0.0491803279
20 14 10	0.1612903226
15 53 5	0.0965909091
2 64 36	0.1238938053
75 18 33	0.2000000000
21 14 49	0.2000000000
21 8 49	0.2058823529
19 67 31	0.0487804878
55 52 66	0.1139240506
24 52 66	0.1228070175
19 49 2	0.0535714286
55 22 49	0.1052631579
24 57 66	0.0833333333
19 50 18	0.1111111111
22 64 29	0.1000000000
55 19 49	0.0909090909
56 66 72	0.1000000000
15 53 2	0.1029411765
48 63 3	0.3090909091
20 47 70	0.0248756219
7 88 10	0.1000000000
7 88 49	0.1538461538
15 13 50	0.0542986425
7 54 70	0.1176470588
34 1 8	0.2000000000
51 24 50	0.0103092784
54 70 80	0.1666666667
34 24 8	0.3571428571
54 14 8	0.2352941176
54 3 10	0.0142857143
54 46 8	0.4000000000
10 55 68	0.3000000000
10 20 8	0.0945945946
21 13 61	0.3157894737
48 51 48	0.0724637681
48 56 49	0.0465949821
3 66 33	0.2068965517
15 56 66	0.1500000000
56 6 8	0.0042016807
54 57 70	0.2000000000
54 32 70	0.1111111111
56 49 70	0.0689655172
25 49 80	0.0588235294
34 46 74	0.3750000000
56 59 8	0.0057803468
56 64 80	0.0161290323
54 50 71	0.2352941176
3 42 49	0.0729166667
56 60 53	0.1403508772
3 54 65	0.1349206349
51 46 50	0.0943396226
75 18 10	0.1250000000
2 15 53	0.2857142857
50 51 46	0.1538461538
46 3 3	0.0666666667
50 7 13	0.0609756098
0 20 13	0.0243902439
0 7 13	0.0504201681
3 61 5	0.0422535211
75 36 5	0.1356783920
15 49 48	0.1257861635
7 65 9	0.0487804878
7 48 53	0.1095890411
20 46 53	0.0312500000
51 22 49	0.1290322581
56 61 66	0.1069182390
5 19 49	0.0416666667
56 50 49	0.1208791209
75 24 65	0.1578947368
82 46 10	0.1904761905
3 32 10	0.0544554455
19 59 66	0.1264367816
56 49 18	0.0793103448
56 49 65	0.1473684211
49 88 3	0.1463414634
49 10 17	0.0666666667
49 61 21	0.2068965517
46 49 70	0.0555555556
56 50 66	0.1746031746
7 61 2	0.1129032258
51 22 53	0.2800000000
7 4 70	0.0500000000
22 47 49	0.0819672131
24 32 66	0.0689655172
55 52 31	0.1176470588
22 10 51	0.1578947368
19 3 66	0.0909090909
22 53 2	0.2400000000
19 10 33	0.1538461538
24 50 18	0.0618556701
19 49 48	0.0687022901
2 64 29	0.1327433628
56 42 49	0.0555555556
64 9 51	0.2758620690
22 60 49	0.0833333333
55 29 51	0.2916666667
22 7 49	0.1000000000
20 7 17	0.0125000000
63 52 0	0.0673076923
20 2 3	0.0023584906
49 11 66	0.0293159609
20 50 3	0.0012690355
20 57 13	0.0025641026
20 13 3	0.0020732550
20 52 27	0.0113636364
10 55 22	0.0952380952
49 55 5	0.2222222222
54 50 5	0.1250000000
49 56 51	0.1428571429
34 4 51	0.1428571429
3 50 31	0.0561797753
20 6 9	0.0375000000
2 64 9	0.0243902439
20 64 9	0.0909090909
63 3 48	0.0439560440
49 53 21	0.1132075472
51 22 66	0.1276595745
5 19 66	0.0590909091
15 47 68	0.0275229358
77 6 18	0.1325301205
15 6 68	0.0625000000
56 88 49	0.2068965517
56 8 70	0.1200000000
21 6 10	0.3200000000
56 48 10	0.1807228916
21 53 2	0.0800000000
3 60 10	0.0582524272
56 13 65	0.2031250000
56 6 9	0.0294117647
56 48 70	0.0937500000
7 32 70	0.0714285714
75 18 48	0.1237113402
7 13 70	0.0320000000
82 52 10	0.0487804878
46 20 70	0.0500000000
3 59 70	0.0218978102
24 46 66	0.1276595745
21 57 66	0.1142857143
3 60 61	0.0526315789
21 54 49	0.1250000000
82 9 51	0.1904761905
82 18 2	0.0204081633
68 49 55	0.2222222222
10 19 70	0.1818181818
34 29 50	0.0588235294
54 6 50	0.0166666667
20 59 65	0.0654205607
82 18 66	0.0883977901
64 3 65	0.0819672131
3 88 66	0.0400000000
63 66 4	0.1458333333
7 15 10	0.3023255814
7 6 9	0.0485436893
3 65 9	0.0175438596
56 49 29	0.1164383562
56 32 65	0.1785714286
7 13 65	0.1428571429
46 20 49	0.1547619048
15 52 65	0.1260504202
19 48 66	0.1159420290
24 57 49	0.0684931507
24 6 29	0.1111111111
24 14 49	0.0416666667
22 1 49	0.0841121495
24 6 18	0.0961538462
24 54 49	0.0655737705
3 2 10	0.0365296804
59 42 66	0.0352941176
2 56 53	0.1111111111
56 57 10	0.1311475410
2 7 61	0.2500000000
3 32 65	0.0843373494
5 21 53	0.0975609756
4 0 51	0.4000000000
7 57 10	0.1140350877
21 49 61	0.4090909091
21 53 49	0.1111111111
21 4 53	0.2352941176
49 48 66	0.0314960630
20 6 13	0.0015748031
20 6 0	0.0046511628
20 13 13	0.0040322581
0 3 3	0.0136986301
67 20 3	0.0454545455
67 15 17	0.1333333333
59 7 0	0.1046511628
0 4 51	0.2222222222
75 18 65	0.0888888889
20 88 53	0.0384615385
7 2 61	0.1911764706
56 1 10	0.1170212766
48 55 36	0.2105263158
2 7 49	0.1714285714
56 54 10	0.1034482759
15 59 70	0.0857142857
20 48 53	0.0070921986
2 59 66	0.0256410256
59 10 21	0.1212121212
10 2 56	0.0769230769
54 53 70	0.1875000000
19 88 49	0.1379310345
59 7 66	0.0105263158
7 11 61	0.1818181818
3 13 70	0.0324324324
21 47 10	0.2142857143
21 46 10	0.4500000000
21 8 66	0.1388888889
64 29 61	0.1333333333
48 21 50	0.0588235294
7 52 68	0.0193236715
56 60 66	0.0714285714
7 50 65	0.1153846154
56 59 70	0.0777777778
56 60 70	0.2307692308
20 53 46	0.0013440860
49 50 13	0.0875000000
4 46 10	0.2500000000
3 68 51	0.2000000000
48 51 2	0.0441176471
21 50 51	0.2812500000
21 32 49	0.1587301587
63 53 13	0.0360000000
5 49 17	0.0916666667
24 54 66	0.1176470588
22 0 49	0.0571428571
22 59 49	0.0833333333
22 1 66	0.0937500000
22 65 2	0.1666666667
7 10 61	0.2068965517
3 42 66	0.0400000000
3 2 53	0.1230769231
82 18 61	0.0588235294
54 47 50	0.0183486239
34 49 80	0.2222222222
34 30 80	0.1818181818
4 49 61	0.2181818182
2 56 49	0.1891891892
20 3 68	0.0259740260
2 3 68	0.0133333333
3 2 61	0.0227272727
3 52 70	0.0183486239
56 52 65	0.1212121212
56 53 66	0.1351351351
59 67 46	0.2352941176
46 60 3	0.0416666667
50 46 5	0.0731707317
46 38 0	0.0666666667
46 17 5	0.0327868852
0 56 0	0.0655737705
0 3 13	0.0172413793
67 46 5	0.0500000000
2 5 48	0.1290322581
25 80 51	0.0769230769
51 51 22	0.0769230769
77 1 61	0.1724137931
15 14 53	0.1515151515
5 20 70	0.0244897959
7 88 53	0.2500000000
54 4 70	0.0833333333
54 59 8	0.1521739130
54 59 50	0.0188679245
34 6 10	0.1250000000
34 3 50	0.0512820513
34 49 4	0.1428571429
56 13 10	0.1093750000
56 53 53	0.1785714286
3 1 65	0.0693641618
3 53 65	0.1184210526
50 56 17	0.1076923077
46 3 5	0.0384615385
0 56 17	0.1162790698
50 3 66	0.0303030303
46 53 66	0.0333333333
46 52 13	0.0555555556
46 53 17	0.1666666667
0 21 13	0.0625000000
0 15 13	0.0441176471
48 24 49	0.0632911392
68 24 50	0.0416666667
54 50 50	0.0322580645
15 49 29	0.1340206186
7 46 53	0.0828402367
48 3 10	0.0547945205
5 82 29	0.0542168675
82 3 70	0.0487804878
56 66 48	0.1555555556
15 57 61	0.1428571429
7 2 53	0.2125000000
20 10 48	0.0526315789
59 54 66	0.0153061224
46 46 61	0.0925925926
46 63 66	0.1931818182
20 32 70	0.0312500000
7 13 68	0.0289855072
24 49 36	0.0526315789
3 3 0	0.0295566502
7 64 9	0.0800000000
20 32 65	0.0659340659
51 56 68	0.0217391304
82 29 2	0.0300751880
3 66 0	0.0434782609
15 89 61	0.2068965517
21 1 53	0.2424242424
26 20 53	0.1153846154
64 3 70	0.0266666667
21 50 2	0.0476190476
20 50 10	0.0430107527
56 54 70	0.1034482759
7 60 70	0.1379310345
3 64 9	0.0232558140
48 56 65	0.0645161290
15 49 68	0.0598290598
20 17 0	0.0666666667
2 15 49	0.1052631579
20 54 10	0.0909090909
59 66 21	0.1379310345
19 6 18	0.1095890411
22 6 49	0.0808080808
20 1 3	0.0015278839
59 14 66	0.0110294118
4 63 53	0.0500000000
51 24 65	0.0571428571
22 88 49	0.0588235294
24 4 49	0.0754716981
22 11 66	0.0500000000
22 65 51	0.3846153846
22 49 5	0.0740740741
19 50 31	0.0689655172
22 6 66	0.1063829787
24 52 49	0.0792079208
24 65 2	0.1578947368
15 48 53	0.1029411765
3 14 10	0.0396039604
15 56 49	0.1375000000
24 42 66	0.1333333333
20 13 51	0.0146699267
48 55 29	0.0666666667
67 56 3	0.0416666667
46 3 48	0.1111111111
50 15 3	0.0119047619
7 17 0	0.1363636364
51 7 68	0.0507246377
7 49 70	0.0324324324
5 20 10	0.0252100840
48 46 17	0.2857142857
56 6 36	0.1315789474
56 65 2	0.0181818182
51 22 65	0.1818181818
15 0 18	0.1363636364
20 53 48	0.0229885057
21 65 51	0.1764705882
75 4 70	0.0789473684
7 6 70	0.0449826990
15 56 53	0.0857142857
7 4 53	0.2000000000
56 0 0	0.0144927536
51 24 53	0.1641791045
54 60 8	0.1904761905
5 54 70	0.0769230769
56 3 71	0.0434782609
25 4 8	0.0857142857
5 34 4	0.0370370370
9 48 3	0.0769230769
15 11 49	0.0967741935
19 66 33	0.1818181818
24 78 49	0.0519480519
19 70 36	0.1052631579
59 48 66	0.0159362550
5 46 3	0.0769230769
19 53 49	0.0740740741
55 18 2	0.0645161290
22 13 66	0.0500000000
19 68 51	0.3846153846
56 88 66	0.0869565217
15 13 68	0.0476190476
51 20 68	0.0120724346
7 1 70	0.0454545455
20 11 70	0.0322580645
25 52 0	0.1304347826
48 55 18	0.0967741935
22 49 51	0.2777777778
19 64 36	0.0967741935
55 4 66	0.1111111111
22 32 66	0.1081081081
19 70 2	0.0294117647
20 49 13	0.0030627871
20 57 70	0.0523255814
3 57 68	0.0080645161
3 46 68	0.0256410256
15 47 70	0.0075757576
56 57 68	0.0250000000
34 52 10	0.0322580645
54 59 10	0.0181818182
4 49 10	0.0333333333
5 49 0	0.0461538462
25 52 17	0.0384615385
4 49 70	0.1000000000
56 43 61	0.1200000000
51 4 70	0.1111111111
82 3 10	0.0449438202
15 60 10	0.1369863014
46 46 10	0.2244897959
73 31 3	0.0312500000
54 47 80	0.1428571429
9 19 8	0.0588235294
49 55 22	0.1666666667
50 3 80	0.1428571429
56 38 10	0.1463414634
56 50 53	0.1000000000
4 46 61	0.0750000000
77 23 61	0.1428571429
3 7 65	0.0595238095
22 49 49	0.0933333333
22 70 29	0.1000000000
75 36 2	0.0779220779
22 66 5	0.0410958904
46 53 0	0.0909090909
21 6 66	0.2054794521
21 14 10	0.1428571429
3 11 68	0.0206896552
75 3 10	0.0900000000
20 10 10	0.2413793103
20 68 9	0.0413223140
5 21 68	0.0384615385
56 42 10	0.1428571429
19 60 49	0.1764705882
4 59 10	0.0545454545
49 4 66	0.0114068441
24 14 66	0.1014492754
5 20 65	0.0369003690
77 21 70	0.0975609756
3 1 68	0.0222222222
56 52 68	0.0254237288
0 20 3	0.0377358491
46 6 13	0.1052631579
46 49 68	0.0217391304
22 49 66	0.0625000000
24 13 66	0.0769230769
24 8 49	0.0666666667
22 47 66	0.0983606557
21 52 66	0.2105263158
21 63 53	0.1666666667
20 47 3	0.0017777778
21 32 53	0.2272727273
21 70 36	0.0833333333
21 11 49	0.1785714286
4 63 10	0.2500000000
7 50 10	0.1250000000
34 4 27	0.0714285714
9 56 48	0.1538461538
51 49 56	0.0666666667
68 49 56	0.1000000000
54 6 71	0.0714285714
20 0 50	0.0117994100
3 1 70	0.0480000000
21 47 49	0.1250000000
3 60 65	0.0882352941
5 7 70	0.0175438596
56 53 70	0.1052631579
48 19 53	0.0384615385
25 3 80	0.0666666667
3 88 70	0.0666666667
56 43 10	0.0588235294
2 20 10	0.1044776119
7 66 33	0.2413793103
7 10 33	0.1621621622
19 8 66	0.0784313725
19 2 49	0.0588235294
25 49 71	0.1304347826
46 50 51	0.2500000000
21 50 29	0.0588235294
21 63 10	0.4210526316
3 32 61	0.0396039604
54 13 70	0.0588235294
51 49 55	0.2307692308
25 4 70	0.0434782609
56 47 80	0.0666666667
19 54 49	0.1041666667
51 55 36	0.1578947368
24 60 66	0.0714285714
24 2 66	0.0571428571
24 7 66	0.0857142857
56 11 68	0.0256410256
56 64 9	0.0869565217
3 47 68	0.0161725067
49 66 21	0.1333333333
26 55 36	0.1538461538
5 55 36	0.0526315789
3 10 61	0.1509433962
15 59 65	0.1323529412
56 57 70	0.1190476190
56 53 2	0.0270270270
7 42 66	0.1428571429
24 50 66	0.0769230769
24 49 51	0.2469135802
55 19 66	0.0769230769
24 59 49	0.0750000000
50 20 13	0.0506329114
15 2 10	0.1698113208
56 67 51	0.2121212121
20 13 65	0.0769230769
5 10 3	0.1111111111
54 75 80	0.1250000000
3 50 65	0.0816326531
64 24 65	0.1090909091
49 47 71	0.0243902439
7 4 65	0.1538461538
20 32 10	0.0566037736
20 53 70	0.0250000000
49 57 66	0.0251450677
49 42 3	0.0888888889
49 7 66	0.0071047957
59 10 17	0.0263157895
21 4 66	0.2142857143
55 18 5	0.0606060606
59 61 21	0.0800000000
3 7 68	0.0176991150
26 20 70	0.0434782609
48 21 10	0.2222222222
15 0 36	0.1153846154
7 59 70	0.0357142857
2 20 65	0.0843373494
64 29 10	0.0461538462
56 4 53	0.1081081081
56 4 10	0.1578947368
7 2 10	0.0948905109
56 8 10	0.0659340659
75 46 10	0.1600000000
7 68 2	0.0444444444
3 78 65	0.0638297872
56 47 70	0.0521739130
5 56 70	0.0206185567
20 4 65	0.0806451613
54 2 70	0.0769230769
56 3 4	0.0092592593
25 49 4	0.0263157895
10 3 74	0.1428571429
54 0 70	0.0909090909
56 61 5	0.0563909774
3 70 2	0.0273972603
19 6 36	0.0967741935
24 75 36	0.0909090909
24 49 66	0.1428571429
50 52 8	0.0714285714
20 53 3	0.0006105006
46 20 65	0.1875000000
50 20 0	0.0857142857
50 20 3	0.0530303030
0 20 0	0.0714285714
0 7 66	0.0253164557
63 38 0	0.0352941176
20 52 17	0.0034843206
20 48 13	0.0060606061
49 0 5	0.0555555556
20 7 10	0.0476190476
50 5 46	0.2173913043
67 15 0	0.0869565217
3 6 68	0.0066006601
56 33 33	0.0588235294
20 8 70	0.0512820513
3 7 70	0.0277777778
54 3 50	0.0357142857
64 9 72	0.0571428571
24 50 29	0.1219512195
19 49 29	0.1025641026
7 57 61	0.1818181818
15 17 50	0.2666666667
49 42 13	0.0540540541
26 20 10	0.0869565217
21 70 5	0.1428571429
21 65 5	0.3333333333
21 54 53	0.1250000000
20 65 9	0.0701754386
56 64 29	0.0699300699
20 70 5	0.0659340659
3 65 2	0.0274725275
25 4 62	0.0111731844
25 6 3	0.0689655172
75 52 10	0.0652173913
75 46 61	0.1000000000
20 47 68	0.0263157895
20 50 70	0.0526315789
15 10 48	0.2666666667
51 7 70	0.0924369748
34 83 28	0.0909090909
56 50 36	0.1388888889
82 30 9	0.0476190476
3 70 9	0.0200000000
75 52 65	0.0727272727
56 70 2	0.0227272727
3 57 70	0.0324324324
51 4 8	0.0714285714
5 25 4	0.0188679245
82 52 31	0.0754716981
21 47 31	0.2941176471
7 61 48	0.1428571429
48 22 49	0.0322580645
46 14 0	0.0909090909
22 8 49	0.0952380952
3 8 65	0.0422535211
20 54 70	0.0336134454
7 49 9	0.0522388060
15 11 53	0.1818181818
20 42 65	0.0588235294
82 18 33	0.2307692308
64 52 65	0.0549450549
64 4 70	0.0451612903
82 24 10	0.0408163265
26 55 29	0.1500000000
67 46 48	0.1666666667
46 17 17	0.0909090909
46 52 3	0.0285714286
49 42 66	0.0222222222
46 52 17	0.1666666667
20 52 68	0.0175438596
9 3 48	0.1428571429
3 68 2	0.0100000000
2 7 10	0.1111111111
63 3 2	0.0157480315
63 48 3	0.0400000000
24 50 36	0.1304347826
48 20 65	0.0129870130
56 50 70	0.1250000000
20 7 65	0.0519480519
3 32 70	0.0476190476
21 54 66	0.1707317073
55 7 66	0.0500000000
24 69 31	0.0689655172
56 11 70	0.0869565217
5 54 50	0.0344827586
63 84 0	0.0731707317
7 59 68	0.0126582278
7 48 61	0.1875000000
22 0 66	0.0833333333
55 24 66	0.1000000000
64 29 70	0.0571428571
15 3 50	0.0271903323
15 3 68	0.0140845070
15 13 70	0.0392156863
24 59 66	0.1090909091
20 68 5	0.0285714286
21 68 51	0.1111111111
21 13 0	0.3000000000
56 2 65	0.3333333333
20 42 66	0.0888888889
48 21 53	0.1875000000
4 0 5	0.0400000000
24 6 36	0.0800000000
54 48 70	0.1538461538
54 3 8	0.0312500000
46 63 0	0.0051150895
22 57 66	0.0769230769
20 53 68	0.0160000000
56 59 68	0.0363636364
20 52 70	0.0372093023
51 3 68	0.0144404332
51 24 10	0.0606060606
9 3 5	0.1428571429
3 4 70	0.0468750000
7 48 10	0.0750000000
49 56 5	0.1666666667
19 6 29	0.1025641026
63 14 3	0.0250000000
3 52 68	0.0071599045
54 70 5	0.0666666667
34 4 48	0.0476190476
7 42 65	0.0714285714
19 50 29	0.0975609756
19 49 66	0.1200000000
15 0 68	0.0333333333
3 61 48	0.1578947368
3 42 53	0.0425531915
46 46 17	0.0139860140
46 6 0	0.0909090909
3 7 10	0.1111111111
20 13 70	0.0265486726
21 1 61	0.2500000000
56 49 9	0.0468750000
7 50 70	0.0370370370
21 10 5	0.1500000000
7 50 31	0.1707317073
20 3 3	0.0015479876
51 19 68	0.0606060606
15 13 65	0.1746031746
54 65 80	0.1250000000
5 56 65	0.0500000000
20 14 65	0.0454545455
9 2 55	0.1428571429
82 18 70	0.0476190476
56 0 18	0.0681818182
21 53 66	0.1500000000
22 13 49	0.0447761194
75 3 70	0.0434782609
73 49 13	0.0350877193
63 56 66	0.0204081633
75 52 31	0.0769230769
21 4 10	0.2222222222
21 52 61	0.3125000000
4 59 65	0.1200000000
56 88 53	0.2727272727
3 53 70	0.0289855072
24 66 5	0.0112359551
10 55 48	0.0909090909
20 32 13	0.0028653295
20 57 3	0.0023228804
24 66 48	0.0833333333
22 49 2	0.0800000000
55 76 29	0.1176470588
21 2 53	0.1818181818
3 50 9	0.0101010101
20 11 68	0.0149253731
20 65 5	0.0613496933
56 2 53	0.1250000000
3 11 70	0.0121951220
15 47 31	0.0400000000
21 66 48	0.1666666667
7 14 70	0.0303030303
22 2 49	0.0555555556
55 36 2	0.1538461538
24 49 29	0.0666666667
7 42 49	0.1136363636
0 3 66	0.0212765957
2 20 70	0.0344827586
82 4 70	0.0540540541
56 17 61	0.0350877193
7 8 65	0.0277777778
56 47 8	0.0090909091
25 80 68	0.0909090909
0 7 3	0.0287769784
15 84 10	0.2857142857
19 70 51	0.3529411765
56 2 10	0.0617283951
54 1 10	0.0151515152
56 63 33	0.0588235294
56 54 53	0.2173913043
55 76 36	0.0909090909
20 10 2	0.0373134328
46 52 0	0.0909090909
3 50 70	0.0357142857
59 88 66	0.0937500000
51 56 70	0.0338983051
51 2 2	0.0230769231
46 3 51	0.1875000000
79 82 29	0.0454545455
56 70 5	0.0800000000
56 61 53	0.0425531915
21 57 10	0.2000000000
21 70 29	0.2000000000
10 3 22	0.1428571429
82 52 65	0.0612244898
15 57 10	0.0909090909
82 9 2	0.0303030303
20 14 17	0.0069930070
75 3 65	0.0930232558
21 50 18	0.1538461538
68 9 56	0.1538461538
34 71 48	0.1111111111
0 56 3	0.0204081633
54 78 50	0.0232558140
54 13 50	0.0232558140
7 11 68	0.0259740260
20 47 13	0.0026990553
20 7 0	0.0066225166
20 53 13	0.0016155089
19 10 2	0.0937500000
19 7 49	0.0638297872
55 4 49	0.0937500000
7 70 5	0.0566037736
5 21 50	0.0449438202
20 3 70	0.0307692308
56 66 0	0.2222222222
0 20 17	0.1176470588
67 7 13	0.0344827586
46 7 0	0.0909090909
56 53 65	0.2352941176
48 22 10	0.1111111111
48 3 65	0.0142857143
59 10 0	0.0285714286
21 50 48	0.1250000000
2 56 65	0.1250000000
56 75 18	0.1029411765
24 42 49	0.0555555556
7 42 10	0.0909090909
22 70 18	0.1666666667
54 48 50	0.0303030303
46 5 50	0.2500000000
56 61 48	0.0666666667
15 2 53	0.1250000000
7 78 70	0.0344827586
21 10 51	0.2333333333
7 7 10	0.0697674419
7 42 68	0.0909090909
21 49 48	0.0769230769
15 84 61	0.1351351351
7 17 50	0.2000000000
73 50 17	0.1000000000
51 55 18	0.1612903226
22 59 66	0.0500000000
55 29 48	0.0833333333
64 9 2	0.0212765957
20 4 70	0.0416666667
56 1 68	0.0270270270
21 63 66	0.1600000000
46 51 0	0.3333333333
56 7 10	0.0800000000
25 4 17	0.0800000000
3 42 65	0.0384615385
0 56 13	0.0123456790
64 24 68	0.0153846154
48 59 66	0.0193548387
25 4 13	0.0285714286
56 84 61	0.0566037736
21 66 2	0.0277777778
21 64 29	0.2000000000
77 21 65	0.1276595745
77 23 70	0.0754716981
75 30 9	0.0476190476
82 3 65	0.0810810811
56 17 0	0.0160427807
3 88 53	0.1000000000
79 82 18	0.0256410256
20 54 68	0.0256410256
20 78 70	0.0175438596
56 68 9	0.0769230769
56 3 68	0.0259740260
7 50 9	0.0312500000
20 14 68	0.0215053763
56 60 61	0.0769230769
56 8 65	0.0869565217
56 42 53	0.0909090909
21 54 10	0.1666666667
24 49 48	0.0270270270
56 48 68	0.0312500000
50 7 0	0.0869565217
67 56 13	0.0555555556
46 17 48	0.1052631579
25 1 8	0.0454545455
48 49 66	0.0052356021
48 46 3	0.0769230769
7 68 9	0.0350877193
22 66 48	0.1250000000
50 71 51	0.0833333333
21 0 5	0.2222222222
15 75 36	0.0344827586
22 67 51	0.0833333333
24 47 31	0.1176470588
7 7 70	0.0357142857
67 3 3	0.0277777778
77 4 10	0.0689655172
56 84 10	0.1724137931
56 0 29	0.0500000000
56 6 68	0.0206185567
20 49 9	0.0467289720
56 0 36	0.0384615385
51 22 10	0.0769230769
15 11 61	0.1428571429
24 64 36	0.0909090909
25 2 80	0.0500000000
46 63 53	0.0416666667
82 9 72	0.0400000000
20 46 3	0.0025252525
55 36 48	0.1250000000
3 13 68	0.0140845070
3 50 10	0.0476190476
19 68 2	0.0454545455
22 46 10	0.1481481481
21 70 18	0.0555555556
56 54 68	0.0625000000
5 21 0	0.1052631579
67 7 3	0.0303030303
3 2 65	0.1025641026
56 49 8	0.0055248619
46 60 66	0.0312500000
75 18 70	0.0454545455
77 4 53	0.0754716981
24 60 49	0.0588235294
67 3 13	0.0333333333
5 4 0	0.0384615385
3 78 68	0.0089285714
48 56 68	0.0555555556
68 9 3	0.1111111111
68 54 70	0.0714285714
20 0 70	0.0247933884
56 42 66	0.0666666667
22 10 2	0.1111111111
21 66 72	0.1000000000
56 47 71	0.0454545455
56 52 71	0.0588235294
3 3 68	0.0044247788
55 36 5	0.0370370370
22 53 49	0.0645161290
55 18 48	0.1176470588
21 10 2	0.0833333333
22 2 66	0.0500000000
64 9 5	0.0588235294
48 0 21	0.2222222222
20 48 3	0.0045248869
20 10 46	0.0082644628
15 43 61	0.0666666667
56 75 36	0.1739130435
56 60 10	0.0681818182
46 66 46	0.1000000000
24 3 66	0.0500000000
22 3 66	0.0666666667
64 46 61	0.0869565217
51 19 70	0.0408163265
20 13 68	0.0158730159
46 59 68	0.0217391304
21 20 10	0.1428571429
21 2 10	0.1875000000
21 8 10	0.0454545455
21 70 51	0.1111111111
22 88 66	0.0714285714
49 52 71	0.0476190476
56 50 65	0.0769230769
46 49 65	0.0540540541
46 5 0	0.0555555556
3 68 9	0.0153846154
24 32 49	0.0666666667
56 53 10	0.1000000000
21 20 53	0.2727272727
20 59 68	0.0163934426
56 53 9	0.0588235294
22 14 66	0.0666666667
82 46 61	0.0588235294
56 89 10	0.0769230769
7 48 65	0.0454545455
22 46 66	0.0666666667
56 78 68	0.0357142857
55 76 18	0.0243902439
3 48 68	0.0107526882
56 14 68	0.0400000000
20 1 68	0.0088495575
56 50 9	0.0555555556
48 7 65	0.0181818182
21 88 53	0.1250000000
22 8 66	0.0625000000
56 0 9	0.0400000000
20 88 10	0.0833333333
48 24 10	0.0714285714
2 4 0	0.1666666667
22 11 49	0.0555555556
21 88 49	0.1764705882
24 10 2	0.1666666667
20 59 70	0.0114942529
20 53 9	0.0270270270
21 64 36	0.0833333333
2 75 9	0.0384615385
7 48 70	0.0526315789
55 7 49	0.0555555556
20 70 2	0.0114285714
56 88 70	0.2222222222
48 56 70	0.0434782609
20 7 68	0.0114942529
56 50 10	0.0555555556
21 53 10	0.1111111111
3 54 68	0.0169491525
56 47 68	0.0272727273
3 53 68	0.0208333333
20 48 68	0.0270270270
20 48 65	0.0259740260
24 66 72	0.1000000000
7 0 70	0.0222222222
4 49 68	0.0500000000
56 53 68	0.0833333333
56 65 9	0.0588235294
48 7 68	0.0181818182
3 8 70	0.0131578947
48 7 70	0.0