0	0.0000000000
1	0.0000000000
2	0.0000000000
3	0.0000000000
4	0.0000000000
5	0.0000000000
6	0.0000000000
7	0.0000000000
8	0.0000000000
9	0.0000000000
10	0.0000000000
11	0.0000000000
12	0.0000000000
13	0.0000000000
14	0.0000000000
15	0.0000000000
16	0.0000000000
17	0.0000000000
18	0.0000000000
19	0.0000000000
20	0.0000000000
21	0.0000000000
22	0.0000000000
23	0.0000000000
24	0.0000000000
25	0.0000000000
26	0.0000000000
27	0.0000000000
28	0.0000000000
29	0.0000000000
30	0.0000000000
31	0.0000000000
32	0.0000000000
33	0.0000000000
34	0.0000000000
35	0.0000000000
36	0.0000000000
37	0.0000000000
38	0.0000000000
39	0.0000000000
40	0.0000000000
41	0.0000000000
42	0.0000000000
43	0.0000000000
44	0.0000000000
45	0.0000000000
46	0.0000000000
47	0.0000000000
48	0.0000000000
49	0.0000000000
50	0.0000000000
51	0.0000000000
52	0.0000000000
53	0.0000000000
54	0.0000000000
55	0.0000000000
56	0.0000000000
57	0.0000000000
58	0.0000000000
59	0.0000000000
60	0.0000000000
61	0.0000000000
62	0.0000000000
63	0.0000000000
64	0.0000000000
65	0.0000000000
66	0.0000000000
67	0.0000000000
68	0.0000000000
69	0.0000000000
70	0.0000000000
71	0.0000000000
73	0.0000000000
74	0.0000000000
75	0.0000000000
76	0.0000000000
77	0.0000000000
78	0.0000000000
79	0.0000000000
80	0.0000000000
81	0.0000000000
82	0.0000000000
83	0.0000000000
84	0.0000000000
85	0.0000000000
86	0.0000000000
87	0.0000000000
88	0.0000000000
89	0.0000000000
90	0.0000000000
91	0.0000000000
92	0.0000000000
20 49	0.1612903226
20 49 49	0.0666666667
20 8 66	0.1304347826
20 59 66	0.1351351351
72 48 51	0.1184210526
72 48	0.1000000000
55 36	0.1666666667
72 15 49	0.1052631579
20 6 49	0.1153846154
56 24 49	0.1176470588
55 18	0.1666666667
20 48 49	0.0612244898
55 4 49	0.0937500000
20 52 66	0.1485148515
20 10	0.0909090909
20 78 66	0.1153846154
72 2	0.1666666667
20 14 49	0.1500000000
55 22 53	0.0714285714
72 3 10	0.1875000000
20 8 53	0.0909090909
20 1 10	0.1666666667
55 52 10	0.0625000000
20 2 10	0.1666666667
55 3 10	0.1250000000
20 7 10	0.0909090909
20 48 66	0.1351351351
20 6 61	0.1481481481
20 3 66	0.1621621622
55 29	0.1000000000
20 53 2	0.3157894737
55 3 66	0.1403508772
55 29 2	0.3888888889
56 34 18	0.1176470588
20 53 5	0.1304347826
72 3 61	0.1538461538
20 70 2	0.1176470588
56 54 53	0.0487804878
55 52 49	0.0638297872
72 3 66	0.1061946903
55 4 66	0.1111111111
55 52 31	0.0588235294
55 36 2	0.2307692308
20 13 49	0.0652173913
20 57 66	0.1111111111
55 22 66	0.1224489796
55 52 66	0.1392405063
55 18 66	0.1153846154
20 11 49	0.0921052632
20 4 49	0.0769230769
56 24 10	0.1538461538
20 49 5	0.1555555556
72 7 49	0.1714285714
55 19 49	0.1212121212
20 1 49	0.0774193548
72 64 29	0.1071428571
55 18 49	0.1029411765
20 7 66	0.1159420290
20 3 10	0.1818181818
20 47 53	0.0487804878
72 64 36	0.2045454545
20 14 66	0.1250000000
20 54 49	0.0625000000
55 29 5	0.1363636364
55 52 53	0.0454545455
20 49 51	0.0983606557
20 14 10	0.1428571429
20 78 49	0.1515151515
20 59 49	0.0434782609
20 52 49	0.0785340314
20 57 49	0.1034482759
20 69 31	0.0588235294
20 49 2	0.2790697674
20 70 51	0.1111111111
72 82 18	0.1730769231
72 56 49	0.1216216216
56 54 49	0.1590909091
56 24 66	0.1395348837
20 13 66	0.0769230769
20 47 49	0.0256410256
56 24 53	0.0526315789
20 70 36	0.2000000000
20 49 61	0.0384615385
72 15 53	0.0714285714
20 2 49	0.1333333333
55 24 49	0.1162790698
72 51 51	0.0769230769
20 3 61	0.1052631579
56 54 66	0.0617283951
20 65 5	0.2000000000
20 32 49	0.1000000000
20 3 53	0.0571428571
56 34 29	0.0909090909
20 6 66	0.0800000000
55 18 10	0.1666666667
20 46 61	0.0833333333
20 70 18	0.1730769231
20 7 49	0.0784313725
55 19 66	0.1153846154
20 47 66	0.0882352941
72 56 53	0.0555555556
72 5 2	0.4285714286
55 76 18	0.0975609756
20 50 31	0.0588235294
56 34 36	0.1666666667
20 54 66	0.1219512195
20 52 53	0.0724637681
55 46 10	0.0869565217
72 48 5	0.2244897959
56 4 66	0.1621621622
72 82 29	0.1111111111
72 7 66	0.1081081081
72 15 10	0.0555555556
55 54 49	0.1000000000
72 5 5	0.1304347826
72 20 49	0.0857142857
72 75 18	0.1538461538
20 46 66	0.0535714286
20 50 66	0.0714285714
20 11 66	0.1290322581
20 6 53	0.0975609756
20 49 29	0.0588235294
20 65 2	0.2857142857
72 51 2	0.3548387097
20 1 53	0.0454545455
72 20 10	0.1250000000
20 32 66	0.0689655172
72 20 53	0.0597014925
55 76 29	0.0588235294
20 13 10	0.1600000000
72 3 53	0.0800000000
55 18 5	0.0909090909
72 56 66	0.0967741935
20 10 2	0.2307692308
20 50 18	0.1000000000
20 49 66	0.0666666667
72 75 36	0.1666666667
20 49 18	0.1153846154
55 19 53	0.0588235294
55 19 10	0.1111111111
55 24 66	0.0800000000
55 76 36	0.0909090909
20 4 53	0.0588235294
55 34 18	0.1000000000
20 70 29	0.1111111111
55 18 2	0.1935483871
55 7 66	0.0500000000
20 50 36	0.0909090909
20 46 53	0.0571428571
20 52 10	0.1000000000
20 78 10	0.1111111111
55 22 49	0.0789473684
20 1 61	0.1212121212
55 18 51	0.0666666667
20 8 49	0.1041666667
20 14 53	0.0833333333
72 2 2	0.3000000000
72 5 48	0.2142857143
55 3 61	0.0588235294
20 1 66	0.1111111111
72 48 48	0.1363636364
20 10 51	0.0937500000
20 57 10	0.0833333333
20 78 53	0.0625000000
20 11 53	0.0357142857
55 4 53	0.0555555556
20 50 29	0.0588235294
72 7 10	0.1111111111
55 7 49	0.1666666667
72 56 61	0.0400000000
20 6 10	0.1428571429
20 49 10	0.1538461538
20 46 10	0.0344827586
55 34 29	0.0588235294
20 52 61	0.0555555556
20 11 10	0.1250000000
56 54 10	0.0769230769
20 10 5	0.1052631579
55 46 61	0.0454545455
20 67 51	0.0833333333
20 53 51	0.0731707317
55 36 51	0.0500000000
55 24 10	0.0833333333
55 54 10	0.1000000000
72 2 51	0.1153846154
55 7 10	0.1111111111
20 49 36	0.0909090909
55 54 66	0.0689655172
20 49 48	0.0714285714
20 4 66	0.1785714286
56 4 53	0.0588235294
55 18 53	0.0434782609
72 7 61	0.1250000000
20 8 10	0.0344827586
20 47 31	0.0689655172
20 32 10	0.1000000000
55 22 10	0.1111111111
20 3 0	0.0909090909
20 67 31	0.0588235294
20 65 51	0.0588235294
55 3 53	0.0212765957
55 36 5	0.1481481481
55 29 51	0.0833333333
20 60 66	0.0714285714
20 2 66	0.0500000000
20 57 53	0.0400000000
55 34 36	0.0909090909
20 4 10	0.1111111111
