0	0.0000000000
1	0.0000000000
2	0.0000000000
3	0.0000000000
4	0.0000000000
5	0.0000000000
6	0.0000000000
7	0.0000000000
8	0.0000000000
10	0.1428571429
11	0.0000000000
12	0.0000000000
13	0.0000000000
14	0.0000000000
15	0.0000000000
16	0.0000000000
17	0.0000000000
18	0.0555555556
19	0.0000000000
20	0.0000000000
21	0.0000000000
22	0.0000000000
23	0.0000000000
24	0.0000000000
25	0.0000000000
26	0.0000000000
27	0.0000000000
28	0.0000000000
29	0.1000000000
30	0.0000000000
31	0.0000000000
32	0.0000000000
33	0.0000000000
34	0.0000000000
35	0.0000000000
36	0.0000000000
37	0.0000000000
38	0.0000000000
39	0.0000000000
40	0.0000000000
41	0.0000000000
42	0.0000000000
43	0.0000000000
44	0.0000000000
45	0.0000000000
46	0.0000000000
47	0.0000000000
48	0.0000000000
49	0.1428571429
50	0.0000000000
51	0.0000000000
52	0.0000000000
53	0.0000000000
54	0.0000000000
55	0.0000000000
56	0.0000000000
57	0.0000000000
58	0.0000000000
59	0.0000000000
60	0.0000000000
61	0.0000000000
62	0.0000000000
63	0.0000000000
64	0.0000000000
65	0.0000000000
66	0.0000000000
67	0.0000000000
68	0.0000000000
69	0.0000000000
70	0.0000000000
71	0.0000000000
72	0.0000000000
73	0.0000000000
74	0.0000000000
75	0.0000000000
76	0.0000000000
77	0.0000000000
78	0.0000000000
79	0.0000000000
80	0.0000000000
81	0.0000000000
82	0.0000000000
83	0.0000000000
84	0.0000000000
85	0.0000000000
86	0.0000000000
87	0.0000000000
88	0.0000000000
89	0.0000000000
90	0.0000000000
91	0.0000000000
92	0.0000000000
51 68 9	0.2222222222
10 55 10	0.4433962264
34 4 9	0.5306122449
48 10	0.2500000000
49 2	0.1111111111
9 56 9	0.3248407643
54 65	0.1290322581
48 9	0.2000000000
51 9	0.2380952381
54 6 66	0.0550284630
50 52 66	0.0342857143
48 54 65	0.1764705882
48 54 66	0.0985915493
54 46 66	0.0590909091
48 4 66	0.0810810811
54 70 9	0.2545454545
54 60 68	0.1500000000
48 5 9	0.1250000000
50 80 10	0.2195121951
54 53 66	0.0286738351
54 54 65	0.1818181818
54 47 65	0.0714285714
9 20 68	0.2435897436
25 4 9	0.5294117647
54 60 66	0.0533333333
10 3 9	0.3809523810
9 19 66	0.0816326531
10 2	0.0909090909
34 71 9	0.4848484848
54 52 65	0.1595744681
54 47 66	0.0570175439
49 56 9	0.4705882353
51 10	0.4210526316
10 22 66	0.0693641618
34 4 10	0.0894308943
49 55 10	0.2380952381
9 22 66	0.0763052209
50 71 9	0.4864864865
54 50 9	0.2812500000
34 4 66	0.0520156047
10 20 68	0.0434782609
10 19 66	0.0731707317
54 6 65	0.0769230769
54 11 66	0.0603174603
54 54 66	0.0703517588
51 51 9	0.3888888889
50 80 9	0.5000000000
54 13 66	0.0457142857
51 51 10	0.3529411765
50 71 10	0.2702702703
34 48 9	0.2962962963
54 57 68	0.2391304348
54 52 66	0.0421875000
54 11 65	0.0952380952
48 4 65	0.2000000000
10 3 10	0.3200000000
25 4 10	0.1764705882
25 80 10	0.1666666667
54 57 65	0.0943396226
48 54 68	0.1538461538
54 54 68	0.1923076923
9 20 65	0.1758241758
25 80 9	0.5161290323
2 10	0.3076923077
5 10	0.3157894737
54 66	0.0504587156
5 9	0.2500000000
4 68	0.1538461538
2 9	0.1538461538
54 68	0.1428571429
4 66	0.0588235294
34 9	0.1000000000
2 49	0.2857142857
4 65	0.1666666667
54 32 66	0.0440251572
34 18 68	0.1153846154
34 46 10	0.2500000000
4 59 66	0.0617283951
10 48	0.3750000000
34 24 65	0.1250000000
34 24 68	0.1578947368
50 1 65	0.2222222222
54 14 68	0.1578947368
9 22 65	0.2121212121
34 52 66	0.0613207547
4 78 68	0.2608695652
34 83 10	0.4482758621
9 3 9	0.3513513514
4 8 10	0.2258064516
54 4 66	0.0576923077
54 7 68	0.1846153846
54 46 68	0.1578947368
10 20 65	0.0675675676
4 57 68	0.1428571429
34 4 68	0.1379310345
50 71 49	0.0923076923
4 53	0.0333333333
19 46 68	0.2857142857
7 1 66	0.0833333333
19 68	0.3000000000
19 52 65	0.1250000000
76 29	0.0588235294
52 1 61	0.0227272727
7 1 68	0.2500000000
3 78 49	0.0348837209
80 10	0.2307692308
19 2 65	0.1428571429
19 7 68	0.1250000000
7 70 18	0.0512820513
52 65	0.2000000000
19 53	0.0588235294
52 68	0.1875000000
4 42 65	0.0909090909
52 46 68	0.2857142857
52 49	0.0319148936
9 24 66	0.1224489796
22 49	0.0263157895
22 66	0.0204081633
3 66	0.0877192982
19 59 65	0.1428571429
22 52 66	0.0750000000
7 68	0.1666666667
52 11 53	0.0819672131
22 66 5	0.0389610390
52 66	0.0759493671
7 65	0.1428571429
52 54 53	0.0857142857
4 52 68	0.3703703704
76 18	0.0243902439
3 53	0.0638297872
4 52 49	0.0165484634
46 61	0.0454545455
52 52 68	0.1851851852
3 53 51	0.0319634703
19 49 66	0.0500000000
4 78 49	0.0134228188
3 6 70	0.1034482759
19 66	0.0384615385
3 70	0.1666666667
52 8 68	0.1578947368
52 70	0.2000000000
7 47 65	0.2500000000
19 49	0.0303030303
3 68	0.2307692308
3 59 53	0.1308411215
3 2 66	0.0800000000
3 32 49	0.0270270270
3 32 66	0.0588235294
4 49	0.0161290323
4 11 68	0.2727272727
19 78 65	0.1250000000
3 32 65	0.2352941176
3 50 18	0.0363636364
19 4 66	0.0588235294
28 49	0.1666666667
24 50 68	0.1666666667
22 9	0.1250000000
24 54 65	0.1304347826
24 1 65	0.2105263158
24 14 66	0.0594059406
24 68	0.1333333333
24 6 65	0.2307692308
24 57 66	0.0696202532
54 1 68	0.1527777778
24 48 65	0.1739130435
54 78 65	0.0500000000
25 52 68	0.1818181818
54 0 66	0.0275862069
34 52 65	0.1549295775
28 10	0.1428571429
24 47 68	0.1578947368
34 52 68	0.1964285714
54 1 66	0.0419426049
54 3 65	0.1282051282
22 51 10	0.1428571429
54 1 65	0.0722891566
24 8 68	0.0909090909
24 47 66	0.0700000000
54 52 68	0.1538461538
24 57 68	0.1600000000
24 65	0.1176470588
54 47 68	0.1428571429
9 56 49	0.5135135135
24 1 66	0.0809248555
24 11 68	0.1379310345
24 3 68	0.1000000000
5 54 68	0.1764705882
34 22 66	0.0583941606
54 11 68	0.1836734694
24 7 66	0.0588235294
24 49 66	0.0958904110
4 8 9	0.3333333333
4 78 66	0.0743801653
5 68 49	0.2500000000
4 1 66	0.0740740741
2 54 65	0.1111111111
34 3 65	0.0952380952
34 19 66	0.0441176471
34 29 68	0.1764705882
54 4 65	0.1250000000
4 6 9	0.3333333333
4 59 68	0.2000000000
4 47 66	0.0522875817
54 57 66	0.0563909774
2 9 48	0.2857142857
50 80 49	0.4000000000
54 42 66	0.0800000000
54 78 68	0.1891891892
34 3 68	0.1851851852
9 3 10	0.2567567568
54 69 68	0.1818181818
54 6 68	0.1969696970
54 2 68	0.1818181818
54 7 65	0.0952380952
54 7 66	0.0657534247
10 55 49	0.3125000000
54 59 68	0.1562500000
3 65	0.1250000000
3 65 9	0.4615384615
52 47 65	0.2222222222
22 65	0.2000000000
22 53	0.0357142857
52 53	0.0227272727
22 78 66	0.0800000000
3 14 68	0.2000000000
3 59 66	0.0875000000
19 68 9	0.4444444444
7 66	0.0500000000
19 11 66	0.0666666667
3 1 49	0.0301724138
52 49 9	0.7600000000
4 52 61	0.0298507463
3 32 61	0.0555555556
52 65 9	0.4615384615
52 53 70	0.2083333333
19 6 65	0.2000000000
22 75 18	0.0384615385
52 49 66	0.0970873786
4 60 53	0.0312500000
3 61	0.0588235294
19 54 49	0.0408163265
19 54 66	0.0714285714
19 59 49	0.0540540541
52 1 68	0.2631578947
52 32 68	0.1333333333
19 49 26	0.4444444444
4 60 65	0.2500000000
80 54 53	0.0571428571
19 6 49	0.0519480519
3 1 66	0.0703125000
4 78 65	0.1935483871
22 70	0.1000000000
22 50 66	0.1111111111
52 60 49	0.0238095238
52 70 29	0.1111111111
22 49 5	0.0470588235
29 64 9	0.6428571429
18 66	0.0769230769
29 48	0.0833333333
18 53	0.0869565217
29 26	0.1666666667
3 11 70	0.0740740741
18 65	0.1111111111
24 66	0.0454545455
18 10 9	0.1428571429
18 49	0.0294117647
80 9	0.1176470588
18 5	0.0909090909
29 64 29	0.1071428571
3 68 9	0.3076923077
24 53	0.0606060606
18 82 18	0.0546875000
18 3 65	0.2181818182
18 51	0.0333333333
3 78 53	0.1333333333
18 48	0.0588235294
3 6 29	0.1136363636
18 3 61	0.0405405405
24 11 66	0.0674846626
18 47 65	0.2000000000
4 49 48	0.0222222222
52 3 53	0.0537634409
24 52 65	0.2142857143
18 53 66	0.1250000000
36 26	0.2857142857
18 57 66	0.0967741935
18 20 53	0.0714285714
18 26	0.3750000000
29 3 65	0.2307692308
4 32 66	0.0789473684
18 52 66	0.0450450450
18 3 53	0.0810810811
29 5	0.0454545455
24 1 53	0.0534351145
24 11 65	0.1714285714
18 7 61	0.0714285714
18 2 26	0.5454545455
18 56 53	0.1136363636
24 8 9	0.2857142857
29 3 53	0.0869565217
3 47 68	0.2765957447
54 49 26	0.1200000000
51 2 10	0.2222222222
51 54 66	0.0531400966
68 10	0.2500000000
34 3 66	0.0638297872
5 49	0.1666666667
68 9	0.1111111111
68 49	0.1666666667
54 78 66	0.0564102564
68 24 66	0.0930232558
54 49 9	0.0882352941
54 59 66	0.0528634361
51 49	0.1428571429
51 28 10	0.2222222222
18 68	0.1000000000
18 52 53	0.0365853659
3 46 61	0.1043478261
18 32 66	0.0655737705
18 56 66	0.1034482759
24 8 70	0.1111111111
36 75 18	0.0531914894
18 78 53	0.1578947368
3 6 9	0.7307692308
24 49 65	0.3125000000
24 66 5	0.0186567164
18 3 68	0.0810810811
3 47 70	0.1333333333
24 60 65	0.2666666667
9 20 49	0.0074349442
76 4 70	0.2142857143
3 6 53	0.0988372093
18 53 51	0.0416666667
18 60 66	0.0833333333
3 14 66	0.0579710145
3 52 65	0.2727272727
18 82 29	0.1029411765
52 42 65	0.1250000000
29 2 26	0.5833333333
24 49 26	0.3125000000
52 78 66	0.0963855422
3 6 65	0.2500000000
76 80 9	0.1612903226
52 57 65	0.1785714286
54 60 65	0.3000000000
54 53 68	0.1000000000
9 19 68	0.2916666667
51 54 65	0.0434782609
4 3 61	0.0263157895
52 47 53	0.0707070707
2 4 70	0.1000000000
80 5 9	0.2500000000
22 70 18	0.0512820513
7 47 68	0.2000000000
76 80 10	0.3103448276
76 18 51	0.0133333333
22 1 49	0.0426356589
22 78 49	0.0645161290
22 6 65	0.2777777778
52 13 53	0.1111111111
3 52 53	0.0619469027
19 1 49	0.0217391304
22 1 70	0.1481481481
22 3 53	0.1000000000
22 6 49	0.0544747082
52 11 49	0.0219780220
22 52 53	0.0632911392
7 1 65	0.1111111111
9 7 68	0.4000000000
52 57 66	0.0921985816
4 4 53	0.0666666667
80 54 68	0.3478260870
52 66 51	0.0319148936
19 57 70	0.1250000000
22 78 68	0.4444444444
7 14 53	0.1111111111
52 52 49	0.0349854227
4 13 53	0.0434782609
3 47 66	0.0773809524
2 3 65	0.2666666667
3 11 68	0.2272727273
22 53 49	0.0300000000
4 6 66	0.0616113744
54 64 9	0.0909090909
5 5 10	0.2631578947
51 24 66	0.0864197531
56 6 66	0.0229885057
54 3 66	0.0481283422
34 18 66	0.0699300699
34 4 65	0.1304347826
4 70 9	0.3181818182
5 54 66	0.0555555556
4 6 65	0.2432432432
4 47 65	0.2307692308
4 70 49	0.1428571429
34 1 65	0.1111111111
5 54 65	0.0952380952
4 53 66	0.0750000000
54 2 66	0.0315789474
4 53 68	0.3333333333
34 29 66	0.0461538462
34 71 49	0.0943396226
4 49 9	0.4117647059
54 6 9	0.1276595745
50 49 65	0.1111111111
54 53 65	0.1250000000
54 0 68	0.1000000000
25 49 65	0.1428571429
22 5 9	0.2222222222
24 53 66	0.0579710145
5 68 9	0.3529411765
68 28 49	0.1666666667
54 53 9	0.0952380952
34 36 26	0.1000000000
34 4 62	0.0082644628
25 4 66	0.0519480519
56 3 66	0.0208333333
22 5 49	0.1666666667
25 4 62	0.0165289256
24 32 66	0.1126760563
54 59 65	0.0909090909
24 46 68	0.1578947368
22 51 9	0.4285714286
24 52 68	0.1578947368
25 4 49	0.0512820513
24 50 66	0.0370370370
24 60 66	0.0833333333
24 50 9	0.3181818182
68 28 10	0.1428571429
34 71 10	0.3333333333
34 24 66	0.0560000000
54 68 9	0.0400000000
34 30 62	0.0101522843
54 48 66	0.0526315789
34 83 49	0.5384615385
2 54 66	0.0212765957
54 42 68	0.1111111111
50 52 68	0.2631578947
54 32 68	0.0869565217
34 18 65	0.1250000000
3 13 68	0.1764705882
24 59 70	0.1666666667
24 49 9	0.2777777778
3 3 65	0.2553191489
18 52 49	0.0320855615
4 6 70	0.0750000000
52 52 53	0.0720000000
18 46 61	0.1020408163
9 7 49	0.0393700787
18 3 66	0.1129032258
24 0 66	0.0833333333
18 56 65	0.2142857143
52 59 66	0.0857142857
3 4 66	0.0727272727
52 21 66	0.0677966102
52 13 49	0.0170731707
52 7 49	0.0281690141
18 1 66	0.0769230769
18 49 66	0.0961538462
18 75 18	0.0536912752
3 64 29	0.1111111111
24 54 66	0.0568181818
24 52 66	0.0524475524
3 14 53	0.0454545455
18 4 70	0.1428571429
18 49 49	0.0210084034
36 64 9	0.6428571429
52 31 51	0.0526315789
3 70 10	0.3636363636
18 15 53	0.1052631579
3 78 66	0.0958904110
22 53 53	0.0384615385
3 47 49	0.0203389831
3 3 66	0.1052631579
52 2 65	0.3076923077
22 11 49	0.0344827586
7 59 68	0.3750000000
52 49 5	0.0461538462
19 1 68	0.1818181818
22 7 68	0.2222222222
46 46 61	0.0666666667
76 3 53	0.1428571429
22 6 53	0.1044776119
52 2 68	0.3333333333
22 0 68	0.3333333333
22 6 29	0.1136363636
76 4 65	0.1875000000
76 29 26	0.1666666667
52 78 49	0.0194174757
52 2 53	0.2105263158
4 6 49	0.0163599182
22 57 49	0.0410958904
19 11 53	0.2000000000
22 13 66	0.1212121212
22 64 29	0.0882352941
76 18 53	0.0769230769
19 53 66	0.1000000000
7 59 53	0.0869565217
22 53 66	0.0982142857
7 7 68	0.4000000000
7 70 10	0.1250000000
22 14 68	0.2500000000
52 68 9	0.4761904762
4 3 53	0.0519480519
9 3 66	0.0833333333
22 60 49	0.0327868852
19 32 49	0.0400000000
7 57 68	0.3636363636
4 70 18	0.0454545455
22 66 26	0.5454545455
76 24 66	0.0333333333
22 52 65	0.2105263158
22 50 70	0.2000000000
2 4 68	0.3333333333
9 2 26	0.4444444444
52 49 53	0.0989010989
22 49 9	0.3636363636
52 66 5	0.0391304348
22 4 65	0.2222222222
22 49 49	0.0468750000
3 13 49	0.0182648402
22 8 10	0.1818181818
4 52 66	0.0515463918
22 52 49	0.0461538462
3 32 53	0.0689655172
3 3 53	0.0928571429
3 13 53	0.0898876404
22 60 66	0.0819672131
3 52 70	0.1200000000
24 8 49	0.0084033613
5 9 48	0.2857142857
24 3 65	0.1428571429
25 52 66	0.0481927711
24 32 68	0.2727272727
54 4 68	0.2105263158
5 5 9	0.3500000000
7 52 49	0.0526315789
19 66 51	0.0655737705
52 4 66	0.0750000000
4 49 5	0.0201342282
3 6 49	0.0342019544
7 32 66	0.0714285714
3 47 65	0.2745098039
19 53 68	0.4444444444
9 3 53	0.0847457627
22 54 66	0.0757575758
3 70 9	0.2631578947
22 0 65	0.0833333333
2 4 65	0.2222222222
9 19 70	0.0769230769
9 7 66	0.0649350649
7 59 49	0.0400000000
2 4 53	0.0500000000
7 48 66	0.1081081081
4 70 29	0.1000000000
4 0 66	0.1250000000
3 57 70	0.1428571429
19 13 49	0.0172413793
4 47 49	0.0066666667
3 64 9	0.6500000000
19 59 66	0.0500000000
22 66 48	0.0769230769
52 7 65	0.2000000000
52 49 49	0.0372340426
7 70 9	0.1666666667
52 1 53	0.0962962963
54 49 66	0.0471698113
5 68 10	0.2142857143
56 49 9	0.1250000000
51 22 10	0.2222222222
24 6 66	0.0597826087
24 4 65	0.1875000000
24 32 65	0.3076923077
54 0 65	0.1785714286
24 78 68	0.0833333333
24 46 66	0.0412371134
24 57 65	0.1764705882
24 13 66	0.1046511628
4 54 65	0.2400000000
4 8 65	0.1666666667
4 3 66	0.0655737705
4 54 66	0.0842105263
4 57 66	0.0825688073
4 57 65	0.2592592593
4 49 68	0.1818181818
4 13 65	0.2222222222
4 49 65	0.2666666667
34 46 49	0.6250000000
4 1 68	0.2692307692
4 42 66	0.0800000000
56 59 66	0.0273972603
54 49 68	0.1428571429
54 13 68	0.1666666667
34 49 65	0.2222222222
54 48 65	0.0731707317
54 13 65	0.0294117647
24 3 66	0.0666666667
24 7 68	0.1153846154
24 13 65	0.3157894737
54 50 10	0.1304347826
2 51 10	0.2222222222
4 7 66	0.0444444444
4 2 66	0.0500000000
4 11 66	0.0862068966
4 49 66	0.0641025641
4 47 68	0.2413793103
51 28 49	0.1428571429
54 66 26	0.0800000000
51 22 9	0.3636363636
5 48 10	0.1250000000
68 5 9	0.4000000000
22 4 49	0.0400000000
19 46 61	0.0689655172
52 47 66	0.0514018692
22 59 49	0.0526315789
4 59 53	0.0588235294
9 7 65	0.2666666667
7 52 53	0.0425531915
4 60 70	0.1111111111
52 50 18	0.0342465753
52 88 49	0.0588235294
3 59 68	0.1052631579
22 66 51	0.0416666667
7 66 26	0.1666666667
4 78 53	0.0526315789
22 49 26	0.3750000000
22 11 65	0.1666666667
4 78 70	0.0526315789
52 52 65	0.2000000000
4 46 61	0.0588235294
52 78 68	0.2777777778
22 47 49	0.0444444444
52 2 49	0.0217391304
3 1 53	0.0972222222
4 14 68	0.2500000000
52 8 66	0.0826446281
22 50 9	0.4000000000
4 53 51	0.0194174757
80 54 49	0.0265486726
22 53 68	0.5333333333
3 53 53	0.0769230769
46 38 61	0.1000000000
80 54 66	0.0748299320
52 78 65	0.2500000000
52 53 66	0.0991735537
19 60 49	0.0333333333
19 64 9	0.3636363636
2 52 66	0.0722891566
22 13 68	0.1250000000
19 6 66	0.0684931507
4 53 65	0.2500000000
3 3 68	0.2758620690
3 54 65	0.2608695652
7 52 66	0.0677966102
46 37 29	0.0588235294
76 29 49	0.0701754386
7 6 53	0.0526315789
22 47 68	0.3333333333
76 36 26	0.1666666667
7 3 66	0.0400000000
7 48 70	0.2222222222
34 18 26	0.1739130435
68 54 66	0.0491803279
51 4 66	0.0270270270
68 10 48	0.1666666667
54 14 66	0.0436681223
54 70 49	0.4000000000
68 34 9	0.1111111111
51 34 9	0.2000000000
48 9 2	0.1428571429
48 4 68	0.1428571429
48 34 9	0.0625000000
18 11 53	0.2222222222
3 6 66	0.0747663551
24 66 26	0.2666666667
3 75 18	0.0449438202
3 59 70	0.0750000000
3 11 65	0.2222222222
36 20 68	0.0714285714
52 1 66	0.0901960784
52 75 18	0.0425531915
24 1 49	0.0134529148
3 52 68	0.2400000000
46 10 51	0.0357142857
24 78 70	0.1111111111
52 11 66	0.0855263158
36 15 49	0.0333333333
36 3 53	0.0505050505
52 54 65	0.2608695652
3 11 66	0.0909090909
52 10 26	0.1666666667
52 1 65	0.2444444444
52 31 26	0.1666666667
29 2 5	0.1538461538
24 66 51	0.0167597765
18 52 65	0.2000000000
24 7 70	0.1111111111
29 82 29	0.1111111111
52 47 49	0.0181818182
3 42 53	0.0909090909
36 56 61	0.1052631579
18 59 53	0.1395348837
18 47 66	0.0920245399
29 3 66	0.0902255639
3 6 18	0.0581395349
24 3 61	0.0175438596
3 4 70	0.1428571429
56 6 68	0.1666666667
56 47 68	0.1000000000
56 3 68	0.1818181818
48 5 10	0.1428571429
3 66 5	0.0379746835
52 23 49	0.0281690141
9 5 26	0.2857142857
24 13 53	0.0886075949
3 50 66	0.1388888889
3 52 66	0.0598958333
3 60 70	0.0909090909
29 24 66	0.1111111111
29 20 70	0.2500000000
29 82 9	0.5454545455
24 8 66	0.0416666667
36 5 26	0.4444444444
29 56 49	0.0238095238
24 52 49	0.0175131349
3 11 53	0.1090909091
36 56 53	0.0689655172
36 75 9	0.5454545455
3 47 53	0.0769230769
36 3 65	0.1851851852
54 70 10	0.2000000000
56 49 66	0.0307692308
56 64 9	0.1250000000
34 30 9	0.1428571429
2 3 53	0.1071428571
52 32 66	0.0638297872
22 47 53	0.0857142857
80 4 65	0.2000000000
19 54 70	0.0909090909
7 6 49	0.0545454545
4 13 49	0.0108401084
22 11 53	0.0909090909
4 6 53	0.0354609929
22 50 68	0.3000000000
22 1 65	0.2580645161
19 32 53	0.0400000000
22 2 49	0.0172413793
46 10 5	0.0555555556
2 52 68	0.3076923077
7 49 48	0.0666666667
19 11 49	0.0227272727
52 46 61	0.0919540230
22 54 65	0.2941176471
52 59 65	0.2777777778
76 24 68	0.1250000000
4 46 66	0.0270270270
34 22 65	0.1500000000
51 10 48	0.2500000000
5 48 9	0.3000000000
4 3 68	0.2000000000
4 59 65	0.2105263158
4 11 65	0.2692307692
4 70 10	0.2727272727
4 13 68	0.1250000000
56 13 66	0.0256410256
34 19 68	0.2000000000
51 54 68	0.0344827586
19 52 49	0.0434782609
76 4 66	0.0724637681
7 69 68	0.1666666667
19 60 66	0.1250000000
52 54 49	0.0285714286
52 7 68	0.1428571429
3 69 68	0.1428571429
7 78 68	0.2222222222
19 3 70	0.1428571429
22 11 68	0.3333333333
22 6 66	0.0650406504
76 18 49	0.0526315789
22 49 66	0.1041666667
19 64 29	0.1111111111
19 4 65	0.2222222222
19 3 53	0.0810810811
52 49 68	0.2352941176
19 49 68	0.2000000000
3 4 49	0.0273972603
52 8 10	0.1956521739
3 10 51	0.0294117647
29 7 49	0.0115606936
52 11 70	0.0666666667
4 10 61	0.0909090909
52 49 26	0.5454545455
3 13 65	0.1578947368
18 50 29	0.1000000000
24 53 53	0.0312500000
3 78 68	0.1875000000
18 59 49	0.0236966825
2 80 9	0.2962962963
18 20 70	0.1489361702
2 80 10	0.3333333333
52 70 18	0.0576923077
24 46 61	0.0526315789
29 19 53	0.1052631579
3 66 26	0.6153846154
18 32 49	0.0178571429
19 47 49	0.0465116279
22 0 66	0.1224489796
9 72 51	0.0454545455
80 2 10	0.1764705882
4 6 18	0.0303030303
19 49 53	0.0909090909
19 49 9	0.5000000000
80 5 10	0.2666666667
3 52 49	0.0350877193
76 18 65	0.2142857143
22 4 66	0.0588235294
19 57 49	0.0263157895
3 32 68	0.1428571429
22 53 51	0.0277777778
4 11 70	0.0909090909
22 49 68	0.2222222222
19 49 5	0.0461538462
46 10 26	0.2857142857
22 3 66	0.0666666667
52 11 65	0.2068965517
3 1 68	0.2727272727
24 53 65	0.2666666667
19 52 66	0.0555555556
9 72 48	0.0800000000
19 32 66	0.0655737705
22 6 9	0.5555555556
3 2 65	0.2727272727
7 6 66	0.0714285714
76 29 51	0.0322580645
76 18 26	0.4444444444
4 68 9	0.3529411765
76 3 65	0.1428571429
7 50 66	0.0714285714
7 48 68	0.3333333333
7 13 49	0.0740740741
3 6 68	0.2702702703
22 49 48	0.0285714286
22 0 49	0.0142857143
7 13 53	0.1200000000
4 60 66	0.0563380282
22 1 53	0.0617283951
22 8 66	0.0833333333
54 50 68	0.2307692308
24 8 10	0.2321428571
24 13 68	0.2666666667
54 3 68	0.1470588235
24 6 68	0.0952380952
24 59 65	0.1923076923
24 1 68	0.2068965517
34 4 49	0.0084889643
51 2 49	0.1666666667
4 4 65	0.1538461538
3 50 9	0.3888888889
18 19 49	0.0204081633
18 7 49	0.0205479452
24 47 70	0.0740740741
4 49 51	0.0093457944
3 53 66	0.1016949153
52 53 65	0.1250000000
3 57 65	0.1600000000
18 7 65	0.1666666667
52 64 9	0.4545454545
18 78 49	0.0222222222
24 6 49	0.0144329897
18 59 66	0.1016949153
29 20 49	0.0306122449
52 66 26	0.6875000000
18 56 49	0.0308641975
18 10 10	0.0769230769
18 5 26	0.3750000000
52 50 9	0.3333333333
18 68 9	0.2222222222
18 11 65	0.2500000000
36 48 5	0.0384615385
24 4 66	0.0727272727
29 51 48	0.0800000000
3 54 66	0.1022727273
52 3 68	0.1538461538
9 22 53	0.0487804878
3 70 18	0.0645161290
52 66 48	0.1020408163
18 6 66	0.0814814815
24 10 26	0.1250000000
46 3 53	0.1379310345
18 21 66	0.1200000000
18 50 66	0.1333333333
24 49 5	0.0163934426
29 15 49	0.0294117647
54 48 68	0.0952380952
56 59 68	0.2500000000
54 65 9	0.0769230769
68 5 10	0.2727272727
34 1 66	0.0400000000
3 7 65	0.2000000000
4 59 49	0.0242424242
3 8 9	0.1111111111
18 78 68	0.1428571429
24 13 49	0.0103519669
4 52 65	0.2758620690
18 11 66	0.1111111111
18 22 53	0.1333333333
52 54 66	0.1022727273
36 56 66	0.1190476190
18 82 9	0.6428571429
24 59 66	0.0842105263
3 59 65	0.3125000000
18 20 65	0.2000000000
29 2 51	0.0384615385
3 10 26	0.3750000000
18 75 9	0.6428571429
18 49 48	0.0333333333
18 6 9	0.4166666667
18 13 53	0.1052631579
51 2 9	0.1111111111
4 52 70	0.0370370370
2 52 65	0.2000000000
19 3 66	0.1200000000
7 59 66	0.1200000000
7 49 26	0.3750000000
22 3 61	0.0714285714
7 1 49	0.0714285714
22 70 29	0.0909090909
4 8 66	0.0441176471
22 49 29	0.1333333333
7 48 49	0.0408163265
22 1 68	0.4347826087
2 52 70	0.1176470588
4 66 5	0.0207253886
19 50 9	0.2500000000
19 49 18	0.0555555556
22 60 68	0.3000000000
19 13 65	0.1250000000
22 57 65	0.2666666667
3 57 68	0.1176470588
22 8 68	0.2222222222
9 64 9	0.4545454545
19 50 29	0.1000000000
10 22 65	0.0344827586
34 7 68	0.1250000000
56 49 68	0.1666666667
56 13 68	0.1111111111
54 70 68	0.1000000000
7 3 53	0.0689655172
2 3 68	0.3000000000
7 32 49	0.0588235294
22 50 10	0.0769230769
19 32 65	0.2142857143
9 20 53	0.0205761317
22 49 51	0.0144927536
52 32 53	0.0606060606
4 6 68	0.1153846154
52 50 70	0.2307692308
52 3 65	0.2105263158
22 53 65	0.1904761905
22 32 66	0.0789473684
76 29 66	0.0400000000
19 8 66	0.0370370370
22 6 68	0.4666666667
76 29 48	0.0476190476
4 52 53	0.0444444444
22 52 68	0.4705882353
4 49 53	0.0851063830
22 46 61	0.0816326531
22 4 70	0.1428571429
3 60 49	0.0441176471
52 50 68	0.1428571429
2 4 66	0.0403225806
7 47 49	0.0555555556
3 61 51	0.0281690141
7 7 49	0.0555555556
52 1 49	0.0333333333
52 47 70	0.0882352941
52 3 70	0.2500000000
52 13 70	0.0869565217
46 61 66	0.0740740741
19 32 68	0.1666666667
2 51 9	0.2727272727
24 53 68	0.0833333333
49 55 49	0.1428571429
52 53 51	0.0308641975
19 88 66	0.0714285714
9 64 29	0.1025641026
52 13 68	0.2500000000
80 56 49	0.0769230769
22 70 10	0.1818181818
19 2 66	0.0500000000
4 57 49	0.0148148148
7 57 66	0.0833333333
22 54 49	0.0270270270
19 49 48	0.0540540541
9 20 70	0.0681818182
7 52 68	0.1666666667
7 13 65	0.1111111111
4 1 49	0.0173160173
19 52 68	0.3750000000
19 11 68	0.4444444444
4 47 70	0.0370370370
52 4 65	0.2777777778
52 3 66	0.1000000000
24 78 49	0.0068493151
29 56 66	0.1081081081
52 50 66	0.1228070175
46 3 61	0.0740740741
18 19 66	0.0952380952
29 56 61	0.0937500000
52 50 29	0.0862068966
24 50 10	0.0588235294
18 6 53	0.0746268657
18 13 65	0.1666666667
29 56 53	0.1212121212
18 10 51	0.0555555556
52 13 66	0.0853658537
24 6 9	0.2272727273
9 3 65	0.2352941176
4 13 66	0.0303030303
4 3 65	0.2222222222
25 1 65	0.1111111111
51 68 10	0.2500000000
51 49 2	0.1111111111
56 47 66	0.0196078431
22 51 49	0.1666666667
3 59 49	0.0315789474
18 3 70	0.2000000000
36 56 49	0.0240963855
3 13 61	0.0147058824
24 6 18	0.0116279070
29 56 68	0.1111111111
4 4 49	0.0192307692
24 78 66	0.0695652174
18 49 53	0.0819672131
19 49 49	0.0427350427
19 6 70	0.1176470588
3 7 70	0.1428571429
76 24 65	0.1428571429
7 11 49	0.0263157895
7 14 68	0.1428571429
22 57 66	0.0769230769
80 54 65	0.2173913043
3 8 49	0.0133333333
19 78 68	0.2857142857
76 4 49	0.0454545455
7 57 65	0.0909090909
22 78 65	0.1818181818
22 6 18	0.0581395349
7 13 68	0.2500000000
18 21 53	0.0625000000
36 20 70	0.1052631579
29 20 53	0.0243902439
52 54 70	0.1428571429
4 49 61	0.0370370370
24 3 53	0.0370370370
52 21 65	0.0833333333
3 48 66	0.0857142857
4 1 65	0.1612903226
52 52 66	0.0663265306
24 14 68	0.0500000000
18 48 5	0.0400000000
51 9 2	0.0689655172
49 56 49	0.2727272727
24 47 65	0.1935483871
54 50 66	0.0322580645
36 7 66	0.0869565217
52 3 61	0.0350877193
52 57 70	0.1176470588
52 1 70	0.0731707317
36 64 29	0.1029411765
24 49 51	0.0176470588
3 2 53	0.1818181818
3 10 10	0.0769230769
18 53 26	0.1666666667
18 21 70	0.1428571429
24 49 18	0.0232558140
24 75 18	0.0212765957
4 49 26	0.3750000000
24 49 49	0.0129449838
36 20 53	0.0697674419
3 54 70	0.1428571429
52 53 53	0.0370370370
18 22 65	0.1250000000
3 50 10	0.1333333333
18 2 66	0.1000000000
18 49 26	0.5833333333
29 7 66	0.0894308943
3 48 53	0.0384615385
18 49 65	0.2105263158
3 11 49	0.0184049080
18 49 29	0.1250000000
18 6 70	0.1034482759
3 54 53	0.0857142857
22 5 10	0.2222222222
76 4 68	0.2000000000
3 52 61	0.0317460317
52 32 65	0.2222222222
7 13 66	0.0833333333
7 8 10	0.1578947368
4 1 70	0.1363636364
4 59 70	0.0526315789
22 11 66	0.0600000000
19 53 51	0.0344827586
7 8 9	0.1250000000
7 7 65	0.1250000000
2 52 53	0.0277777778
19 78 53	0.0909090909
19 75 18	0.0384615385
19 10 51	0.0434782609
52 54 68	0.1538461538
22 70 9	0.1250000000
19 6 29	0.0909090909
19 54 68	0.3333333333
4 0 49	0.0285714286
19 1 66	0.0576923077
9 75 9	0.4545454545
22 1 66	0.0863309353
22 54 53	0.0833333333
19 11 65	0.2500000000
52 49 29	0.1600000000
19 66 26	0.3750000000
4 4 66	0.0638297872
80 24 49	0.0196078431
3 46 68	0.2857142857
19 47 66	0.0693069307
19 1 70	0.0714285714
19 54 65	0.2857142857
3 78 65	0.2380952381
18 19 68	0.1111111111
52 23 65	0.1666666667
18 2 49	0.0204081633
9 19 53	0.0459770115
18 47 70	0.1470588235
18 13 66	0.0625000000
52 49 51	0.0189873418
18 49 9	0.5909090909
3 42 68	0.1428571429
52 49 65	0.1500000000
4 54 68	0.1875000000
4 14 66	0.0588235294
4 8 68	0.1538461538
19 6 68	0.2857142857
22 49 65	0.0909090909
52 14 66	0.0500000000
9 19 49	0.0155038760
19 53 26	0.1666666667
52 13 65	0.1250000000
3 32 70	0.0454545455
19 3 65	0.1000000000
19 6 53	0.0697674419
5 5 49	0.2500000000
4 7 65	0.2307692308
51 9 48	0.1666666667
54 50 65	0.0833333333
24 49 68	0.2500000000
25 4 68	0.0666666667
51 51 49	0.1428571429
18 6 18	0.0512820513
24 50 18	0.0144927536
4 64 9	0.3750000000
18 65 9	0.3076923077
3 3 70	0.2121212121
18 11 68	0.1111111111
24 57 49	0.0050505051
22 65 9	0.4444444444
22 50 29	0.0909090909
80 24 66	0.0465116279
19 10 61	0.0909090909
80 54 70	0.1428571429
3 2 68	0.2500000000
52 59 68	0.0833333333
19 47 53	0.0625000000
80 22 10	0.1428571429
4 49 18	0.0350877193
7 7 66	0.0277777778
19 6 18	0.0512820513
52 47 68	0.2368421053
4 54 70	0.1000000000
52 59 70	0.1111111111
24 6 61	0.0298507463
3 8 66	0.0786516854
18 54 65	0.2142857143
24 49 53	0.0519480519
18 49 18	0.0615384615
9 75 18	0.0547945205
24 7 49	0.0243902439
24 50 65	0.2500000000
24 60 68	0.1000000000
50 52 65	0.0666666667
4 1 53	0.0250000000
9 22 49	0.0090909091
22 57 68	0.2000000000
22 14 53	0.0666666667
7 48 53	0.0454545455
52 53 68	0.1875000000
24 11 53	0.0270270270
24 47 53	0.0288461538
36 20 65	0.2142857143
4 57 53	0.0232558140
24 60 49	0.0136986301
29 7 65	0.1818181818
24 6 53	0.0364963504
3 50 70	0.2000000000
24 48 53	0.0256410256
56 52 66	0.0344827586
4 32 68	0.1250000000
4 7 68	0.2142857143
3 1 65	0.2307692308
3 50 29	0.0869565217
7 70 68	0.1666666667
19 57 66	0.0806451613
19 47 65	0.2222222222
4 0 68	0.1428571429
24 59 61	0.0357142857
36 5 48	0.1000000000
4 2 49	0.0232558140
4 53 53	0.0526315789
52 0 70	0.0909090909
29 22 65	0.1250000000
4 11 49	0.0066666667
52 14 68	0.2352941176
4 42 68	0.2222222222
19 66 5	0.0270270270
19 3 61	0.0357142857
80 56 53	0.1250000000
22 57 53	0.0952380952
52 8 9	0.1578947368
52 57 68	0.1578947368
22 64 9	0.2500000000
9 24 65	0.1764705882
22 10 51	0.0588235294
3 2 49	0.0200000000
3 7 49	0.0281690141
4 66 51	0.0250000000
52 0 66	0.1333333333
18 6 49	0.0306513410
4 66 26	0.2666666667
18 4 66	0.0588235294
4 49 29	0.0800000000
3 4 65	0.2500000000
3 66 51	0.0364963504
19 2 49	0.0222222222
4 14 65	0.0909090909
19 88 49	0.0588235294
19 6 9	0.5000000000
3 4 53	0.0400000000
3 8 70	0.1538461538
3 54 49	0.0285714286
29 22 53	0.1333333333
52 70 9	0.2173913043
29 55 29	0.1000000000
52 57 53	0.0588235294
36 5 5	0.0178571429
3 70 29	0.1333333333
18 10 26	0.2857142857
76 52 65	0.2000000000
19 4 49	0.0400000000
22 54 68	0.3636363636
19 13 53	0.1176470588
24 48 66	0.0579710145
52 10 51	0.0178571429
18 24 66	0.1111111111
24 11 70	0.1034482759
36 51 48	0.0625000000
24 4 49	0.0138888889
24 1 70	0.0800000000
52 0 65	0.1111111111
18 47 53	0.0735294118
24 78 65	0.1481481481
76 52 70	0.1250000000
7 59 70	0.1428571429
19 57 68	0.2500000000
19 49 61	0.0526315789
7 52 70	0.1818181818
19 2 68	0.1666666667
46 61 51	0.0520833333
76 52 68	0.1111111111
80 4 66	0.0579710145
19 47 68	0.2777777778
80 4 49	0.0461538462
22 2 53	0.1111111111
22 60 65	0.2142857143
52 64 29	0.0980392157
4 8 70	0.0833333333
22 6 70	0.0769230769
22 47 66	0.0298507463
3 88 66	0.0714285714
46 61 26	0.1666666667
4 60 68	0.0909090909
19 53 53	0.1111111111
19 3 68	0.3750000000
52 49 18	0.0701754386
24 59 53	0.0666666667
52 21 49	0.0232558140
24 54 70	0.0952380952
9 51 48	0.0800000000
24 60 53	0.0416666667
3 78 61	0.0800000000
9 22 70	0.0285714286
9 3 68	0.2000000000
7 11 70	0.1250000000
7 1 53	0.1034482759
7 78 70	0.1250000000
19 1 65	0.2307692308
52 32 49	0.0267857143
24 8 65	0.1176470588
7 49 29	0.0588235294
4 66 48	0.0232558140
46 17 61	0.0967741935
7 57 53	0.0454545455
76 18 68	0.1000000000
19 57 65	0.2000000000
29 56 65	0.1428571429
4 4 70	0.0666666667
18 20 68	0.1111111111
18 54 53	0.1052631579
52 53 49	0.0160000000
24 3 70	0.1250000000
80 4 70	0.1538461538
29 24 65	0.0909090909
25 80 49	0.1428571429
28 10 48	0.1666666667
5 9 2	0.0416666667
22 54 70	0.0588235294
22 49 70	0.0666666667
76 29 68	0.1111111111
19 60 70	0.1111111111
22 32 49	0.0476190476
4 6 61	0.0153846154
7 49 49	0.0638297872
52 69 68	0.1666666667
3 66 48	0.0937500000
3 59 61	0.0416666667
19 53 65	0.1666666667
19 50 68	0.1666666667
52 78 53	0.1162790698
3 46 53	0.0526315789
25 52 65	0.1111111111
2 54 68	0.1428571429
34 29 65	0.0909090909
29 19 66	0.0952380952
18 70 10	0.2500000000
18 54 68	0.1111111111
18 57 65	0.1333333333
18 50 9	0.3750000000
24 68 9	0.1176470588
18 59 65	0.2500000000
52 57 49	0.0236686391
52 60 66	0.0697674419
19 4 70	0.1428571429
7 49 51	0.0322580645
19 49 65	0.1111111111
3 88 49	0.0588235294
52 59 53	0.1041666667
52 42 68	0.1428571429
18 79 61	0.1000000000
18 7 66	0.0526315789
24 50 29	0.0434782609
24 7 65	0.1500000000
9 24 49	0.0298507463
24 47 49	0.0128205128
36 3 66	0.0875912409
76 24 53	0.0714285714
7 66 51	0.0454545455
19 57 53	0.0370370370
7 10 51	0.0476190476
4 3 70	0.0909090909
19 13 68	0.1428571429
19 59 53	0.1250000000
19 52 53	0.0606060606
18 56 70	0.0625000000
18 32 53	0.0540540541
18 21 68	0.1250000000
52 8 70	0.1875000000
52 10 61	0.0909090909
29 51 26	0.2857142857
36 2 5	0.1111111111
18 51 26	0.2857142857
52 60 70	0.0833333333
24 6 70	0.0571428571
4 64 29	0.0588235294
4 11 53	0.0357142857
29 5 26	0.3750000000
52 59 61	0.0384615385
3 8 10	0.1562500000
24 59 49	0.0133928571
24 52 53	0.0406091371
52 50 10	0.1428571429
18 2 65	0.1428571429
29 7 68	0.1538461538
4 65 9	0.2222222222
18 66 5	0.0270270270
18 32 65	0.1428571429
22 2 68	0.1666666667
19 54 53	0.1052631579
80 24 65	0.2500000000
76 29 5	0.0606060606
22 7 66	0.0217391304
3 61 26	0.1666666667
7 10 26	0.1666666667
80 24 53	0.0526315789
76 36 51	0.0625000000
50 49 68	0.1428571429
76 52 49	0.0263157895
52 11 68	0.2307692308
22 49 18	0.0645161290
22 53 70	0.1904761905
54 32 65	0.0714285714
4 8 49	0.0163934426
76 18 70	0.2000000000
18 1 53	0.0645161290
18 20 49	0.0130434783
18 5 5	0.0263157895
24 53 9	0.1538461538
7 8 68	0.2000000000
22 60 70	0.1250000000
2 3 66	0.0784313725
19 50 66	0.1333333333
22 2 65	0.1428571429
19 32 70	0.0625000000
7 3 68	0.1111111111
19 78 66	0.0666666667
76 3 68	0.1666666667
24 48 49	0.0107526882
3 13 66	0.0686274510
29 22 66	0.0384615385
24 52 61	0.0289855072
52 4 70	0.1052631579
4 0 70	0.1111111111
52 52 61	0.0408163265
22 10 61	0.0909090909
18 14 61	0.0625000000
24 78 53	0.0338983051
18 66 51	0.0655737705
29 7 70	0.1111111111
9 15 53	0.1333333333
19 50 70	0.1428571429
24 60 70	0.0588235294
4 57 70	0.1111111111
52 14 53	0.0512820513
9 72 5	0.0625000000
29 19 68	0.1111111111
36 56 65	0.1538461538
3 7 68	0.1111111111
19 2 53	0.1111111111
22 2 66	0.0500000000
3 1 61	0.0294117647
7 47 66	0.0540540541
54 10 26	0.1111111111
18 1 70	0.0714285714
3 57 53	0.0612244898
29 15 53	0.1304347826
18 1 61	0.0476190476
18 66 26	0.3750000000
18 49 61	0.0270270270
3 53 65	0.1333333333
19 13 66	0.0689655172
76 18 66	0.0500000000
18 57 70	0.1250000000
18 60 70	0.1111111111
52 8 49	0.0096153846
19 69 68	0.1666666667
4 32 65	0.2222222222
7 49 18	0.0384615385
19 70 10	0.1250000000
7 11 65	0.2000000000
19 1 53	0.0645161290
52 4 49	0.0229885057
22 13 70	0.0909090909
7 57 49	0.0217391304
18 2 53	0.1428571429
9 2 5	0.1538461538
24 52 70	0.1212121212
24 54 53	0.0285714286
52 21 70	0.1818181818
83 74 10	0.2500000000
19 49 51	0.0181818182
76 18 5	0.0126582278
22 52 61	0.0263157895
4 46 68	0.1000000000
19 8 68	0.1250000000
9 7 61	0.1052631579
24 57 70	0.0967741935
7 78 66	0.0769230769
9 24 68	0.1111111111
52 49 70	0.0833333333
7 11 68	0.1111111111
76 36 5	0.0384615385
52 2 66	0.0769230769
19 8 9	0.1111111111
19 10 26	0.1666666667
4 6 29	0.0612244898
7 8 70	0.1250000000
22 49 61	0.0588235294
7 46 61	0.0526315789
52 46 53	0.0526315789
52 59 49	0.0370370370
18 1 65	0.1538461538
24 42 66	0.0666666667
18 10 61	0.0909090909
56 69 68	0.1666666667
22 78 53	0.1176470588
19 7 66	0.0370370370
22 0 70	0.1333333333
22 8 9	0.0500000000
18 49 5	0.0441176471
34 29 26	0.1111111111
4 59 61	0.0588235294
18 15 49	0.0178571429
4 47 53	0.0441176471
29 3 70	0.0384615385
36 20 49	0.0124223602
18 13 68	0.1000000000
52 53 26	0.2857142857
29 55 18	0.0555555556
24 66 48	0.0444444444
36 7 68	0.0769230769
18 47 49	0.0125786164
52 52 70	0.0800000000
7 46 68	0.1250000000
52 31 49	0.0200000000
24 53 51	0.0178571429
29 5 48	0.0666666667
19 49 29	0.1000000000
7 1 61	0.0434782609
3 57 66	0.0940170940
3 4 68	0.0909090909
19 47 70	0.1000000000
29 48 51	0.0222222222
18 8 10	0.0833333333
22 49 53	0.1142857143
76 29 53	0.0500000000
22 60 53	0.0370370370
46 37 18	0.0185185185
4 14 70	0.0769230769
4 7 70	0.0714285714
29 19 70	0.0909090909
18 53 65	0.1666666667
24 49 29	0.0454545455
24 48 70	0.1538461538
3 48 49	0.0256410256
9 51 26	0.2857142857
3 53 26	0.1666666667
3 10 9	0.1428571429
3 53 68	0.1818181818
7 47 53	0.0416666667
19 78 49	0.0555555556
2 3 70	0.0769230769
2 4 49	0.0224719101
22 3 68	0.2857142857
24 10 51	0.0151515152
52 70 10	0.3571428571
18 78 61	0.0909090909
9 3 70	0.1818181818
19 60 68	0.1428571429
19 8 10	0.0833333333
7 6 61	0.0769230769
22 10 26	0.1666666667
4 53 70	0.0588235294
36 51 26	0.1666666667
24 1 61	0.0140845070
52 88 66	0.0714285714
18 4 49	0.0333333333
46 56 68	0.1250000000
18 6 29	0.0909090909
18 54 66	0.0952380952
24 2 66	0.0571428571
4 4 68	0.1250000000
7 48 65	0.2142857143
7 59 65	0.1000000000
24 4 70	0.0714285714
18 19 70	0.0909090909
4 10 51	0.0344827586
34 7 66	0.0200000000
7 70 29	0.0909090909
22 52 70	0.1428571429
2 52 49	0.0263157895
18 5 48	0.0909090909
36 2 26	0.3750000000
52 78 70	0.0833333333
36 79 61	0.1000000000
3 57 49	0.0197368421
52 7 70	0.1250000000
18 32 70	0.0625000000
29 56 70	0.2222222222
52 4 53	0.0606060606
24 49 48	0.0196078431
7 8 66	0.0769230769
4 42 49	0.0322580645
18 22 66	0.0384615385
36 3 68	0.0800000000
52 23 53	0.0869565217
24 11 49	0.0096153846
3 48 70	0.1000000000
22 13 49	0.0240000000
76 52 66	0.0357142857
3 8 68	0.0666666667
22 8 70	0.1250000000
22 53 26	0.2857142857
36 3 61	0.0212765957
22 50 18	0.0370370370
18 48 51	0.0161290323
18 51 51	0.0136986301
18 47 68	0.0869565217
52 23 70	0.0769230769
24 14 53	0.0204081633
18 6 65	0.2083333333
4 42 53	0.0588235294
7 52 65	0.1666666667
52 32 70	0.0416666667
18 57 53	0.0666666667
52 23 66	0.0731707317
18 53 53	0.1111111111
29 82 18	0.0576923077
36 3 70	0.0769230769
18 78 65	0.1250000000
52 49 61	0.0204081633
22 46 68	0.1666666667
4 46 53	0.0526315789
7 57 70	0.1250000000
7 11 66	0.0357142857
18 13 49	0.0077821012
7 50 49	0.0500000000
76 3 66	0.0500000000
46 89 61	0.0909090909
18 51 48	0.0588235294
3 42 65	0.1250000000
29 20 65	0.1739130435
24 32 53	0.0476190476
7 49 5	0.0322580645
52 7 66	0.0178571429
18 59 61	0.0250000000
18 52 68	0.1052631579
18 55 29	0.1000000000
22 3 65	0.1250000000
18 1 49	0.0108695652
29 3 61	0.0555555556
18 49 70	0.0416666667
18 17 61	0.1000000000
4 10 26	0.1666666667
36 56 70	0.1538461538
52 42 53	0.0909090909
24 46 53	0.0344827586
3 53 70	0.1333333333
18 50 70	0.1428571429
29 7 61	0.0588235294
3 60 53	0.0909090909
19 50 18	0.0555555556
4 7 49	0.0243902439
18 8 9	0.1111111111
18 13 61	0.0294117647
18 56 61	0.0545454545
18 54 49	0.0204081633
3 7 66	0.0217391304
4 75 18	0.0294117647
24 42 68	0.1428571429
24 42 53	0.0909090909
52 49 48	0.0238095238
22 0 53	0.0500000000
3 54 68	0.1538461538
36 7 65	0.0909090909
18 53 68	0.1111111111
18 54 70	0.0909090909
52 23 61	0.1000000000
52 31 5	0.0512820513
3 3 61	0.0192307692
19 53 49	0.0227272727
3 6 61	0.0147058824
80 24 68	0.2000000000
4 32 53	0.0769230769
24 48 68	0.0769230769
18 57 49	0.0119047619
7 66 5	0.0178571429
24 4 53	0.0400000000
29 24 49	0.0277777778
4 53 26	0.1428571429
4 54 49	0.0082644628
24 42 65	0.1250000000
3 1 70	0.0476190476
18 19 53	0.1052631579
22 32 53	0.0769230769
24 57 53	0.0144927536
4 54 53	0.0434782609
24 0 70	0.1111111111
52 21 61	0.0526315789
18 7 68	0.1111111111
80 22 9	0.1250000000
3 14 61	0.0476190476
52 42 66	0.0666666667
3 13 70	0.0416666667
7 47 70	0.1250000000
22 47 65	0.1000000000
18 2 5	0.1250000000
19 52 61	0.0454545455
52 0 53	0.0833333333
18 24 49	0.0277777778
18 50 18	0.0555555556
24 59 68	0.0588235294
22 32 65	0.1111111111
18 4 65	0.1111111111
76 18 48	0.0333333333
18 8 66	0.0370370370
24 2 49	0.0160000000
22 57 70	0.0526315789
18 53 70	0.0909090909
3 60 66	0.0909090909
19 1 61	0.0476190476
36 7 70	0.1111111111
18 78 66	0.0666666667
3 78 70	0.0833333333
3 10 61	0.0909090909
52 14 70	0.0833333333
3 14 70	0.0909090909
18 6 68	0.0555555556
18 49 51	0.0192307692
36 15 53	0.0909090909
52 4 68	0.0769230769
22 32 68	0.1250000000
80 2 9	0.0588235294
18 52 61	0.0322580645
24 2 53	0.0666666667
24 6 29	0.0227272727
52 21 53	0.0256410256
18 21 65	0.1000000000
29 3 68	0.0833333333
18 32 61	0.0555555556
36 17 61	0.1000000000
18 52 70	0.1428571429
19 53 70	0.0909090909
24 2 65	0.1111111111
18 24 65	0.0909090