0	0.0000000000
1	0.0000000000
2	0.0000000000
3	0.0000000000
4	0.1000000000
5	0.0000000000
6	0.0000000000
7	0.0000000000
8	0.0000000000
9	0.1250000000
10	0.0000000000
11	0.0000000000
12	0.0000000000
13	0.0000000000
14	0.0000000000
15	0.0000000000
16	0.0000000000
17	0.0000000000
18	0.2564102564
19	0.0000000000
20	0.0000000000
21	0.0000000000
22	0.0000000000
23	0.0000000000
24	0.0000000000
25	0.0000000000
26	0.0000000000
27	0.0000000000
28	0.0000000000
30	0.0000000000
31	0.0000000000
32	0.0000000000
33	0.0000000000
34	0.0000000000
35	0.0000000000
36	0.1666666667
37	0.0000000000
38	0.0000000000
39	0.0000000000
40	0.0000000000
41	0.0000000000
42	0.0000000000
43	0.0000000000
44	0.0000000000
45	0.0000000000
46	0.0000000000
47	0.0000000000
48	0.0000000000
49	0.0000000000
50	0.0000000000
51	0.0000000000
52	0.0833333333
53	0.0000000000
54	0.0000000000
55	0.0000000000
56	0.0000000000
57	0.0000000000
58	0.0000000000
59	0.0000000000
60	0.0000000000
61	0.0000000000
62	0.0000000000
63	0.0000000000
64	0.0000000000
65	0.0000000000
66	0.0000000000
67	0.0000000000
68	0.0000000000
69	0.0000000000
70	0.0000000000
71	0.0000000000
72	0.0000000000
73	0.0000000000
74	0.0000000000
75	0.0000000000
76	0.0000000000
77	0.0000000000
78	0.0000000000
79	0.0000000000
80	0.0000000000
81	0.0000000000
82	0.0000000000
83	0.0000000000
84	0.0000000000
85	0.0000000000
86	0.0000000000
87	0.0000000000
88	0.0000000000
89	0.0000000000
90	0.0000000000
91	0.0000000000
92	0.0000000000
3 65	0.1538461538
52 50 49	0.1555555556
4 49 20	0.1238938053
18 3 6	0.0752475248
3 53	0.2162162162
18 52	0.0804597701
3 47	0.0243902439
29 49	0.2105263158
29 32 13	0.1406250000
3 59	0.1025641026
29 20 59	0.0666666667
4 11 66	0.1623931624
4 54 66	0.1363636364
29 56 61	0.2807017544
52 3 6	0.0487804878
29 5 20	0.1171875000
18 6	0.0576923077
18 49	0.1757575758
18 55 22	0.0769230769
18 61	0.2000000000
18 53	0.2916666667
18 47 23	0.1500000000
18 57 6	0.0451127820
52 57 3	0.0984848485
18 2	0.1538461538
29 5	0.2200000000
29 64 29	0.6969696970
52 53 5	0.2898550725
18 49 2	0.1796875000
18 3 11	0.2797202797
29 51 2	0.2602739726
3 13	0.0697674419
29 3	0.1250000000
29 6 70	0.1111111111
18 13 49	0.1764705882
18 31	0.0833333333
29 6 36	0.2800000000
29 47 57	0.3043478261
3 52 13	0.0426666667
29 1	0.1818181818
18 15 0	0.1094890511
3 6	0.0384615385
18 57	0.1666666667
29 47 21	0.2068965517
24 49	0.1428571429
36 2	0.1904761905
4 75 4	0.0769230769
18 5	0.2285714286
18 15	0.0810810811
18 65	0.1428571429
29 48 48	0.2142857143
3 66	0.0961538462
29 59 53	0.2857142857
18 49 51	0.2409638554
4 59 11	0.4285714286
29 7	0.1219512195
36 20 13	0.1111111111
29 52 50	0.0666666667
29 51	0.2200000000
4 66	0.1403508772
4 67 23	0.1200000000
18 6 3	0.0941358025
29 7 49	0.1688311688
18 6 59	0.1764705882
36 5	0.1250000000
4 13	0.0731707317
18 13	0.0543478261
18 59	0.1111111111
18 3	0.1128205128
52 53 52	0.0416666667
4 1	0.2083333333
36 3	0.1176470588
29 7 52	0.0599250936
4 52 47	0.0930232558
29 78 49	0.2115384615
29 66	0.2000000000
4 70	0.1538461538
4 67 31	0.3773584906
18 7 49	0.2086330935
29 6 1	0.2641509434
52 13	0.0363636364
29 6	0.0555555556
18 20	0.1166666667
52 49	0.1927710843
18 51	0.2714285714
18 52 52	0.0928074246
18 47 52	0.0760000000
18 66	0.1224489796
4 1 49	0.1875000000
3 2	0.0434782609
3 52	0.0681818182
29 54 49	0.2258064516
24 52	0.0701754386
18 32 49	0.1478260870
4 3 59	0.2810457516
18 6 6	0.1018237082
18 78 49	0.1468531469
3 57 7	0.0800000000
52 47	0.0869565217
36 75 3	0.0857142857
18 1	0.1363636364
4 78 1	0.2413793103
3 13 60	0.1363636364
4 3	0.0851063830
52 11	0.1250000000
52 3 59	0.0864864865
24 1	0.0810810811
4 10 2	0.0666666667
29 48	0.2142857143
18 8	0.0588235294
29 7 0	0.0500000000
3 2 6	0.0360360360
18 3 48	0.1358695652
18 11 66	0.1111111111
18 67 31	0.3636363636
80 54 32	0.3846153846
30 52 52	0.1363636364
29 2	0.1621621622
29 3 11	0.2702702703
24 3	0.0615384615
18 3 59	0.1529411765
29 59 66	0.1666666667
29 53	0.2500000000
18 52 66	0.1558823529
24 32	0.1250000000
3 6 78	0.1475409836
80 54	0.1333333333
29 57 78	0.1538461538
18 7	0.1428571429
3 3	0.0537634409
18 20 65	0.2352941176
36 56	0.0555555556
4 6 1	0.2151898734
18 56	0.0444444444
52 49 14	0.1000000000
29 7 6	0.0649819495
18 32 13	0.0645161290
29 3 3	0.0551724138
4 1 66	0.1607142857
18 49 53	0.2485207101
4 49	0.1904761905
18 5 7	0.1596638655
24 46 10	0.1807228916
29 20	0.1515151515
29 47	0.0869565217
29 51 3	0.1727748691
3 11	0.1250000000
18 48	0.2400000000
3 50	0.0312500000
4 52 66	0.1645569620
36 64 29	0.5808823529
4 6	0.0588235294
18 60	0.1428571429
18 59 49	0.1673076923
3 78	0.1666666667
24 50	0.0243902439
24 8	0.0344827586
4 11	0.2666666667
52 11 11	0.0714285714
18 20 13	0.0979827089
18 57 49	0.1516853933
4 42 53	0.2727272727
52 50 54	0.0689655172
4 6 6	0.1188405797
4 49 49	0.1688888889
29 59 49	0.2027027027
30 19	0.1428571429
24 52 61	0.2222222222
80 54 13	0.1375000000
80 4	0.0909090909
18 53 15	0.0437158470
52 52	0.0465116279
29 59 52	0.1655172414
24 48 11	0.1764705882
52 70	0.1428571429
4 57 49	0.1637931034
18 3 13	0.0926879506
29 47 31	0.4285714286
29 20 68	0.0909090909
52 53 32	0.1176470588
52 32	0.1818181818
4 14	0.1538461538
18 20 6	0.0626185958
80 4 53	0.1379310345
18 49 11	0.2241379310
18 47 66	0.1666666667
24 11 49	0.1612903226
29 82 29	0.5555555556
18 75 52	0.2203389831
18 6 4	0.0851063830
4 66 3	0.1739130435
24 11	0.0666666667
52 50	0.0250000000
3 52 7	0.0312500000
36 51	0.2580645161
52 57	0.1176470588
29 24 49	0.1343283582
52 1	0.0833333333
18 3 57	0.2727272727
29 4 6	0.1136363636
18 47	0.0754716981
3 61	0.2000000000
29 14	0.1250000000
29 3 53	0.2549019608
18 47 6	0.0706214689
3 14 52	0.0333333333
18 82 18	0.2613636364
29 7 66	0.1178707224
18 49 29	0.6447368421
4 1 3	0.0641711230
18 13 6	0.0850202429
80 4 78	0.0666666667
18 7 66	0.1400000000
24 78 57	0.0869565217
24 6	0.0384615385
18 20 49	0.1799242424
52 52 14	0.0357142857
29 5 48	0.2790697674
18 82 29	0.5808823529
52 66	0.1285714286
3 13 66	0.0873015873
4 49 32	0.2000000000
4 10	0.0833333333
4 11 47	0.1176470588
24 13	0.0681818182
52 52 49	0.1471571906
18 32	0.1304347826
52 3 60	0.0909090909
29 52 65	0.2105263158
36 56 61	0.2300000000
3 8	0.0476190476
3 53 51	0.2147239264
3 3 6	0.0507462687
4 8	0.1052631579
4 49 15	0.0645161290
3 52 49	0.1556886228
18 50	0.0714285714
3 60	0.1000000000
4 52	0.1515151515
29 64 36	0.2561983471
18 47 14	0.0888888889
4 46 10	0.2238805970
24 13 49	0.1074380165
24 53 3	0.0720720721
29 60	0.1428571429
52 60	0.1000000000
29 46 49	0.1428571429
30 3 7	0.2222222222
29 52	0.0625000000
18 2 6	0.0863309353
3 53 2	0.2500000000
52 8 49	0.1466666667
36 7	0.0769230769
18 53 3	0.1105769231
18 3 3	0.0563258232
18 52 0	0.0800000000
4 11 52	0.1012658228
18 6 49	0.1827160494
29 57 4	0.1000000000
29 60 66	0.1666666667
29 32 59	0.2916666667
4 11 78	0.1500000000
18 19 52	0.1294117647
3 78 49	0.1675977654
18 59 14	0.1428571429
24 59	0.0476190476
29 59 3	0.1241830065
18 61 56	0.0581395349
24 53	0.2142857143
29 20 49	0.1936619718
52 53	0.1538461538
3 78 11	0.0476190476
4 54	0.0833333333
18 47 3	0.0627062706
4 2 52	0.1443298969
3 57	0.1176470588
36 3 53	0.2429378531
29 6 49	0.2024793388
29 13 8	0.0625000000
4 47	0.0869565217
18 48 3	0.0603448276
29 57 66	0.1587301587
18 7 13	0.0967741935
29 3 66	0.1519337017
29 49 11	0.3333333333
3 46 1	0.0833333333
30 19 57	0.2000000000
29 78	0.0833333333
29 14 13	0.1666666667
29 54 52	0.1714285714
24 66	0.0800000000
29 66 5	0.2089552239
29 78 53	0.3076923077
18 49 59	0.1341463415
4 59	0.0714285714
52 64 36	0.2093023256
18 57 13	0.0846153846
30 3 70	0.1428571429
18 52 50	0.0456621005
29 7 70	0.1515151515
4 13 49	0.1805054152
29 57	0.0909090909
18 11	0.2000000000
30 3	0.1111111111
29 3 50	0.0414507772
4 49 51	0.2796610169
80 54 66	0.1304347826
18 3 53	0.2781316348
29 49 7	0.1948051948
18 3 32	0.2666666667
29 55 24	0.0769230769
52 11 59	0.0540540541
18 19 4	0.0909090909
36 3 66	0.1259541985
29 59	0.0952380952
18 14 61	0.1071428571
4 53	0.1935483871
30 9	0.1111111111
29 52 53	0.2142857143
18 49 48	0.1666666667
18 50 18	0.2537313433
24 65	0.1666666667
36 20 3	0.0791139241
52 8	0.0476190476
52 67 31	0.3018867925
4 52 52	0.1055555556
4 0 57	0.2857142857
3 57 65	0.1851851852
3 10	0.0769230769
52 53 66	0.1428571429
3 59 49	0.1517241379
24 52 66	0.1220472441
18 24 66	0.1896551724
29 82 9	0.2500000000
3 3 65	0.2181818182
3 1 53	0.2647058824
76 18	0.1000000000
24 54 53	0.1428571429
52 21 10	0.1875000000
18 2 51	0.2500000000
24 10	0.0625000000
18 49 18	0.2893081761
3 59 61	0.1641791045
36 2 5	0.1875000000
24 66 51	0.2183098592
18 68	0.0714285714
46 61 2	0.2222222222
52 1 68	0.1176470588
3 59 10	0.0833333333
18 61 2	0.2058823529
3 11 53	0.2631578947
3 52 61	0.1343283582
18 5 5	0.2625000000
52 31	0.1176470588
24 1 49	0.1603773585
52 13 49	0.1062670300
29 52 49	0.2333333333
4 53 52	0.1093750000
52 49 20	0.0807453416
18 3 47	0.0527343750
29 54 70	0.1538461538
18 66 7	0.1122448980
24 1 53	0.2713178295
29 13 49	0.2310606061
24 1 57	0.1538461538
4 1 7	0.1904761905
18 1 13	0.0505617978
18 13 1	0.2000000000
3 48 13	0.0441176471
18 50 29	0.7037037037
24 6 50	0.0156250000
18 6 54	0.1428571429
4 6 18	0.2674418605
18 47 53	0.2582781457
30 52 70	0.2222222222
18 3 60	0.3230769231
29 3 59	0.1980519481
18 7 65	0.2058823529
4 59 65	0.1875000000
29 49 47	0.0967741935
18 3 7	0.1034482759
18 61 7	0.1842105263
29 78 6	0.1406250000
3 78 53	0.3134328358
4 78	0.0909090909
18 66 3	0.1298701299
29 24 1	0.1304347826
29 49 52	0.2064516129
18 52 3	0.0540540541
29 47 3	0.1272727273
18 3 14	0.1052631579
4 49 2	0.2386363636
24 52 7	0.0444444444
18 19 66	0.1349206349
24 60 0	0.0909090909
36 20 8	0.0757575758
4 3 53	0.2241379310
18 55 18	0.2580645161
29 78 13	0.1746031746
29 6 57	0.3043478261
18 60 66	0.1395348837
18 15 3	0.0641711230
18 6 29	0.6250000000
4 13 11	0.2105263158
18 57 52	0.1043478261
18 49 56	0.0240000000
30 4	0.1428571429
29 47 23	0.3000000000
18 6 57	0.2567567568
36 20 53	0.2388888889
24 49 48	0.2083333333
18 56 49	0.1575342466
29 19 11	0.2000000000
18 49 4	0.0973451327
36 20 49	0.1963190184
24 78	0.0769230769
4 47 49	0.2340425532
29 50 3	0.1764705882
18 61 3	0.2025316456
3 1	0.0909090909
18 69 4	0.1111111111
18 15 52	0.0909090909
18 5 48	0.2622950820
18 7 52	0.0718750000
24 52 59	0.0655737705
29 6 13	0.1643835616
52 49 52	0.0864197531
18 2 49	0.1502347418
18 59 53	0.2845528455
3 13 49	0.1185714286
18 49 13	0.0915662651
18 7 7	0.0714285714
52 65	0.1250000000
18 7 6	0.0937500000
3 57 66	0.1525423729
52 1 53	0.2916666667
18 52 78	0.1956521739
3 46 61	0.2359550562
18 52 14	0.1176470588
4 57	0.1538461538
29 53 51	0.2650602410
24 47 68	0.1153846154
29 19 49	0.1827956989
52 49 24	0.1212121212
3 2 3	0.0243902439
3 1 88	0.1250000000
52 1 13	0.0293040293
52 57 8	0.0517241379
18 6 11	0.3235294118
3 48 11	0.1500000000
18 59 66	0.1308900524
3 6 59	0.0754716981
29 47 66	0.1843971631
18 3 52	0.0909980431
4 13 53	0.3076923077
18 22 66	0.0851063830
4 6 10	0.0519480519
52 47 49	0.1755725191
29 7 57	0.2173913043
18 1 49	0.1520737327
46 10	0.1111111111
4 6 49	0.1772428884
3 8 66	0.1392405063
9 72	0.1000000000
18 15 49	0.1443850267
18 56 66	0.1440677966
24 46 61	0.2717391304
3 64 36	0.2173913043
36 64 36	0.2549019608
52 57 10	0.0909090909
18 20 53	0.2712550607
3 1 49	0.1558441558
18 10	0.0769230769
18 60 49	0.1504424779
52 42 10	0.1428571429
52 1 10	0.1060606061
24 49 5	0.2233009709
18 55 29	0.4666666667
4 6 65	0.2142857143
36 75 18	0.2109375000
9 20 53	0.2972972973
4 66 48	0.2800000000
3 67 31	0.1463414634
52 49 53	0.2957746479
3 3 66	0.1478260870
52 23 66	0.0975609756
18 47 70	0.1384615385
24 59 49	0.1190476190
9 7 65	0.2000000000
3 10 48	0.3000000000
24 52 70	0.2121212121
3 6 49	0.1364421416
9 24 66	0.1851851852
24 1 10	0.1470588235
52 47 68	0.1764705882
3 50 53	0.2916666667
18 11 49	0.1908396947
18 11 65	0.2631578947
3 52 70	0.1632653061
52 49 2	0.1583333333
52 53 51	0.2113821138
36 3 68	0.0697674419
3 32 49	0.1428571429
52 57 49	0.1453488372
9 51	0.1111111111
52 1 70	0.1000000000
18 47 31	0.3157894737
3 65 2	0.1304347826
36 51 2	0.3265306122
24 57 53	0.2830188679
4 53 53	0.3333333333
18 49 5	0.2244897959
52 21 70	0.1818181818
24 11 10	0.1538461538
24 3 66	0.1375000000
3 70	0.0714285714
18 52 68	0.1111111111
24 42 68	0.1428571429
29 48 5	0.2111111111
18 75 9	0.2608695652
24 68	0.0769230769
29 20 6	0.0675241158
24 13 14	0.0500000000
3 1 1	0.0571428571
29 11	0.0909090909
3 61 7	0.1269841270
4 52 1	0.2542372881
3 66 2	0.1944444444
29 13 57	0.1666666667
80 56	0.1666666667
18 49 49	0.1889250814
3 3 59	0.1015384615
29 13	0.0487804878
24 1 6	0.0625000000
29 7 8	0.0813953488
18 6 66	0.1523605150
52 7 52	0.0454545455
3 32	0.1333333333
18 54 66	0.1139240506
52 8 66	0.1485148515
3 52 3	0.0302375810
29 82 18	0.2767857143
18 49 6	0.0918114144
36 56 49	0.1843317972
18 78	0.1250000000
18 49 66	0.1304347826
29 3 6	0.0928030303
4 11 50	0.0322580645
52 66 3	0.0909090909
4 8 60	0.2000000000
52 49 6	0.0493827160
29 15 49	0.1065573770
18 13 52	0.0938628159
24 0 49	0.1571428571
80 54 6	0.0851063830
18 32 11	0.1200000000
52 2 3	0.0625000000
52 11 14	0.0666666667
18 13 13	0.0856164384
4 78 66	0.1369863014
18 3 78	0.1811594203
18 19 13	0.1235955056
36 20 52	0.0727848101
36 20 32	0.3428571429
4 57 53	0.2000000000
29 47 52	0.1489361702
18 24	0.1000000000
30 19 1	0.1666666667
29 78 70	0.0833333333
29 6 11	0.4347826087
29 20 4	0.0937500000
29 52 59	0.2500000000
29 49 66	0.1551724138
18 50 57	0.3333333333
29 3 8	0.1186440678
18 5 56	0.0518518519
3 6 11	0.1200000000
4 49 53	0.3220338983
3 7 0	0.0869565217
18 20 47	0.0631067961
24 50 6	0.0322580645
4 7 68	0.0526315789
52 49 29	0.6333333333
3 48 49	0.1639344262
52 4 49	0.1690140845
3 66 5	0.1578947368
24 53 51	0.2068965517
3 8 70	0.2307692308
3 13 53	0.3153153153
18 21 68	0.1250000000
3 14 49	0.0869565217
52 1 49	0.1477832512
3 66 51	0.2291666667
52 1 66	0.0742358079
24 49 36	0.1666666667
3 53 66	0.0909090909
9 20 49	0.1165048544
18 53 5	0.3200000000
3 11 10	0.1333333333
52 23 49	0.1408450704
18 49 9	0.2631578947
24 49 29	0.5588235294
29 22 53	0.3200000000
3 52 66	0.1174934726
18 13 53	0.2941176471
3 70 29	0.7037037037
9 64 29	0.3181818182
52 53 53	0.2698412698
52 50 10	0.1739130435
24 78 49	0.1666666667
24 6 49	0.1371951220
18 3 66	0.1653905054
3 59 53	0.2410714286
3 6 29	0.4318181818
24 2 49	0.1527777778
18 49 10	0.0687022901
52 66 5	0.2028301887
24 3 0	0.1176470588
4 47 53	0.1969696970
3 2 66	0.0500000000
24 3 53	0.1875000000
18 6 53	0.2666666667
18 46 10	0.2105263158
4 6 9	0.2272727273
52 47 53	0.2531645570
24 32 53	0.1538461538
36 20 10	0.0882352941
52 10	0.0714285714
52 70 29	0.3181818182
30 22	0.1111111111
4 4	0.0833333333
36 20	0.0444444444
3 53 5	0.3417721519
4 3 48	0.1190476190
18 56 53	0.2567567568
4 59 49	0.2014925373
29 59 32	0.4782608696
18 70 3	0.1000000000
4 53 11	0.2631578947
52 57 6	0.0373134328
18 32 6	0.0797101449
52 4 11	0.1538461538
4 52 49	0.2134831461
18 57 65	0.2000000000
4 3 70	0.2000000000
4 49 29	0.4500000000
30 52 53	0.2727272727
29 42 65	0.1250000000
18 4 65	0.1538461538
4 1 13	0.0864197531
29 78 61	0.1818181818
29 64 24	0.0877192982
29 7 59	0.0733944954
29 48 51	0.2674418605
18 49 36	0.2916666667
4 11 49	0.2183098592
52 54 50	0.0444444444
52 3 57	0.1176470588
52 3 53	0.2151898734
3 3 57	0.1538461538
18 77 21	0.1647058824
18 49 15	0.0720000000
29 20 13	0.1125827815
3 46 10	0.1720430108
3 14 0	0.0909090909
29 5 3	0.1437500000
29 7 47	0.0489510490
4 65	0.0769230769
29 22 57	0.1111111111
36 33	0.1111111111
29 51 51	0.1691176471
18 50 3	0.0841121495
29 1 57	0.2142857143
18 59 3	0.0682414698
52 54 49	0.1603773585
18 3 1	0.1914062500
18 50 66	0.2597402597
52 46 61	0.2500000000
29 54 60	0.1666666667
29 15	0.0689655172
4 14 49	0.2708333333
18 7 11	0.2368421053
29 47 6	0.1171875000
80 4 32	0.1428571429
18 31 59	0.1904761905
3 7 65	0.1666666667
4 47 66	0.1544117647
18 10 20	0.0540540541
29 20 8	0.0879120879
3 14 53	0.2352941176
18 82 52	0.2142857143
52 53 11	0.1000000000
29 49 51	0.2395833333
4 49 61	0.1714285714
18 49 32	0.2941176471
18 3 10	0.1007462687
29 13 52	0.1800000000
29 2 47	0.0769230769
29 7 54	0.1212121212
24 66 59	0.1612903226
3 52 32	0.1176470588
52 7 66	0.1139240506
4 78 49	0.2333333333
18 2 59	0.1645569620
18 49 57	0.1818181818
3 3 53	0.2727272727
29 55 18	0.2580645161
36 20 0	0.0943396226
18 51 3	0.1683848797
18 20 57	0.2022471910
24 50 31	0.2758620690
4 70 9	0.1052631579
4 14 52	0.0545454545
24 49 49	0.1236559140
29 6 53	0.2253521127
29 2 6	0.1578947368
18 59 6	0.0963455150
29 20 53	0.2183098592
18 56 52	0.0724637681
3 59 66	0.1208791209
18 52 65	0.1875000000
3 59 70	0.0731707317
18 14 49	0.1016949153
18 10 33	0.2727272727
52 10 0	0.1200000000
24 49 53	0.2765957447
4 6 13	0.1132075472
4 49 47	0.0833333333
29 61	0.2222222222
18 13 61	0.1475409836
4 11 13	0.0990099010
18 53 51	0.2657657658
24 47 8	0.0487804878
52 49 4	0.0740740741
29 3 47	0.0601503759
3 6 3	0.0380761523
3 52 0	0.0400000000
18 61 51	0.2016806723
4 1 32	0.3333333333
30 3 57	0.2500000000
18 15 13	0.0709219858
29 2 52	0.1929824561
18 24 6	0.0289855072
29 67 31	0.4137931034
18 6 13	0.1149897331
24 48 10	0.2352941176
29 3 1	0.2014388489
30 4 3	0.0800000000
29 47 13	0.1538461538
4 60 52	0.0526315789
52 10 61	0.2352941176
4 0	0.0909090909
4 17 49	0.2619047619
18 52 49	0.1860869565
52 13 66	0.1147540984
18 32 1	0.1142857143
18 47 50	0.0445544554
52 57 70	0.1081081081
29 55 29	0.4666666667
24 13 61	0.2571428571
52 68 9	0.2000000000
29 64 9	0.2758620690
24 3 61	0.1818181818
18 7 10	0.0705882353
3 52 53	0.2179487179
18 52 53	0.2304147465
3 2 49	0.1235955056
9 2	0.0833333333
3 6 36	0.2105263158
52 66 48	0.3061224490
24 59 66	0.1368421053
52 50 18	0.1956521739
4 6 29	0.5227272727
24 52 10	0.1566265060
18 53 68	0.1428571429
18 54 65	0.2608695652
3 6 61	0.1690140845
24 52 53	0.2240437158
52 78 53	0.3673469388
3 6 18	0.1744186047
3 47 66	0.1132812500
3 53 65	0.0769230769
4 53 66	0.1612903226
29 3 65	0.2328767123
29 5 2	0.2804878049
36 56 70	0.1250000000
52 66 2	0.1428571429
29 51 48	0.3469387755
4 66 51	0.2611940299
4 66 5	0.2435897436
4 4 10	0.0666666667
24 53 70	0.1333333333
18 5 20	0.1179775281
18 51 7	0.1284403670
4 13 78	0.1739130435
24 47 66	0.0869565217
18 59 8	0.0909090909
18 3 61	0.2160493827
29 52 66	0.1693548387
18 19 3	0.0980392157
4 6 3	0.0951219512
29 49 59	0.1960784314
4 13 13	0.0909090909
3 10 51	0.1868131868
4 10 7	0.1481481481
4 59 52	0.1547619048
3 1 11	0.0833333333
3 3 88	0.1111111111
29 20 7	0.0689655172
36 3 11	0.1929824561
30 22 6	0.0975609756
18 56 48	0.1086956522
29 57 57	0.3125000000
18 55 3	0.1600000000
18 3 70	0.2035398230
18 68 3	0.0909090909
52 1 8	0.0389610390
4 1 52	0.0714285714
29 11 53	0.3030303030
18 48 49	0.1594202899
4 3 1	0.2380952381
29 78 2	0.0555555556
4 8 11	0.1875000000
29 56 0	0.1212121212
3 8 56	0.1111111111
3 14 6	0.0447761194
29 53 3	0.2083333333
4 52 53	0.2659574468
4 6 48	0.2432432432
18 78 53	0.3518518519
18 7 61	0.2500000000
18 31 49	0.1176470588
24 13 11	0.0909090909
3 47 49	0.1666666667
18 57 66	0.1147540984
18 5 3	0.1308016878
29 49 32	0.3500000000
29 1 52	0.1333333333
4 6 66	0.1632653061
24 52 13	0.0342205323
36 20 1	0.1530054645
52 54 53	0.2894736842
4 46 1	0.2068965517
18 2 3	0.0707547170
18 47 47	0.0480000000
4 49 59	0.2025316456
24 48 6	0.0422535211
52 11 13	0.0550458716
24 66 5	0.1587982833
4 52 61	0.0882352941
52 14 0	0.0909090909
4 6 61	0.1718750000
24 57	0.0714285714
18 82 9	0.2692307692
18 50 49	0.2087912088
52 1 11	0.1086956522
18 7 32	0.2884615385
30 22 65	0.1000000000
52 53 54	0.0800000000
36 3 65	0.2040816327
4 0 66	0.1960784314
24 53 53	0.1818181818
52 3	0.0377358491
18 6 68	0.1000000000
18 24 52	0.1111111111
18 20 10	0.1157894737
18 59 60	0.1923076923
18 7 57	0.2444444444
4 49 10	0.0588235294
18 49 0	0.1111111111
18 53 11	0.1428571429
18 49 50	0.0359281437
4 0 8	0.1500000000
4 32	0.1111111111
18 49 20	0.1258992806
18 56 47	0.0333333333
36 48 20	0.0263157895
24 50 23	0.2000000000
18 13 2	0.0192307692
36 20 11	0.1666666667
24 6 18	0.2580645161
29 54 3	0.1136363636
3 13 13	0.0542372881
18 59 50	0.0270270270
4 3 3	0.0610687023
3 78 66	0.1170212766
18 82 4	0.1818181818
29 4 49	0.1860465116
29 20 57	0.2666666667
4 78 8	0.1600000000
18 8 66	0.1571428571
29 32	0.0909090909
18 54 59	0.0476190476
18 20 32	0.3653846154
36 51 20	0.0736842105
3 78 3	0.0314960630
18 75 18	0.2626865672
29 49 5	0.2704918033
18 13 14	0.1515151515
4 59 57	0.3125000000
4 54 49	0.1714285714
29 52 0	0.1304347826
4 6 54	0.2105263158
4 53 3	0.1428571429
3 59 47	0.0530303030
3 50 1	0.1463414634
24 52 14	0.0500000000
36 48 3	0.1800000000
36 3 60	0.1875000000
18 2 13	0.0645161290
24 53 49	0.2244897959
36 5 48	0.2653061224
3 10 5	0.2045454545
24 3 6	0.0604651163
24 11 66	0.1271186441
3 6 10	0.0917431193
24 57 66	0.1530612245
52 2 66	0.0857142857
18 56 65	0.2272727273
18 66 5	0.2040816327
4 4 65	0.1875000000
24 48 70	0.3076923077
36 7 68	0.0555555556
3 52 65	0.1923076923
52 49 61	0.2647058824
52 11 10	0.1034482759
18 61 5	0.3283582090
18 19 53	0.3076923077
18 57 10	0.0810810811
18 1 70	0.0833333333
52 52 53	0.2475247525
4 11 65	0.2000000000
4 64 36	0.1666666667
24 46 53	0.1346153846
46 61 51	0.3043478261
3 54 66	0.1153846154
24 47 31	0.2439024390
52 21 53	0.1282051282
24 60 66	0.1176470588
4 47 68	0.1481481481
36 79 61	0.2000000000
4 69 31	0.4137931034
24 1 32	0.1702127660
18 6 65	0.2698412698
52 57 78	0.1250000000
24 52 52	0.0516304348
29 7 7	0.1219512195
3 48 66	0.1194029851
36 3 78	0.1351351351
4 57 13	0.0744680851
4 8 4	0.1666666667
24 6 29	0.4666666667
4 7	0.0714285714
4 53 15	0.0700000000
18 59 48	0.1129032258
4 6 88	0.1666666667
24 59 32	0.0645161290
80 54 49	0.1696428571
18 49 52	0.1156186613
18 48 32	0.1818181818
18 82 3	0.1690140845
4 2 13	0.1836734694
18 57 1	0.1632653061
18 15 53	0.1964285714
18 56 32	0.2000000000
29 82 4	0.2222222222
29 3 60	0.3235294118
3 64 52	0.1081081081
4 49 24	0.1428571429
18 24 49	0.1265822785
4 2 59	0.1818181818
4 6 11	0.2812500000
3 1 78	0.0909090909
4 3 52	0.1428571429
18 50 13	0.1515151515
29 46 61	0.3653846154
18 54 52	0.0909090909
18 20 3	0.0790020790
4 11 32	0.3157894737
4 78 78	0.1111111111
4 57 66	0.1354166667
18 13 54	0.1250000000
4 59 1	0.2916666667
29 13 3	0.1010101010
18 47 49	0.1782477341
4 46 52	0.0588235294
3 53 4	0.0357142857
3 60 53	0.2500000000
29 66 7	0.2432432432
36 17 61	0.2000000000
24 52 78	0.0526315789
52 1 52	0.0409836066
52 49 5	0.2182741117
4 49 13	0.1045751634
52 49 13	0.0684210526
4 11 3	0.1037735849
18 56 0	0.1455696203
18 60 53	0.2820512821
4 13 66	0.1250000000
18 6 1	0.2176470588
30 3 14	0.1111111111
36 15 59	0.0869565217
18 52 7	0.0727272727
4 17 59	0.4516129032
29 59 78	0.3600000000
29 47 68	0.1304347826
4 1 11	0.1600000000
24 57 49	0.1461538462
29 56 49	0.0927835052
24 1 48	0.1304347826
4 4 66	0.2000000000
18 59 47	0.0632911392
29 57 49	0.2061855670
18 20 78	0.1694915254
24 3 59	0.0867579909
3 64 3	0.0638297872
52 50 66	0.2089552239
18 53 49	0.1578947368
30 2 52	0.1666666667
24 47 7	0.0500000000
18 13 70	0.0645161290
29 57 13	0.1500000000
4 52 59	0.1666666667
18 75 36	0.2268907563
4 49 66	0.1095890411
29 19 57	0.1578947368
30 3 66	0.1600000000
18 82 24	0.0816326531
52 66 7	0.0990990991
29 52 52	0.1477272727
18 52 1	0.1857142857
29 49 15	0.1818181818
18 56 13	0.0810810811
29 57 3	0.1311475410
18 11 52	0.0652173913
18 52 59	0.1641791045
3 52 11	0.1578947368
29 47 49	0.2314049587
18 47 60	0.1875000000
18 20 0	0.0943396226
24 8 66	0.1428571429
24 52 31	0.0909090909
3 59 52	0.0561403509
52 32 1	0.1481481481
3 57 53	0.2363636364
29 49 8	0.1190476190
18 22 1	0.1428571429
36 56 66	0.1684210526
18 78 1	0.1428571429
29 5 7	0.1392405063
3 10 20	0.0540540541
4 46 66	0.1754385965
18 55 52	0.0952380952
18 53 66	0.1392405063
3 59 59	0.0991735537
29 13 13	0.1304347826
4 47 0	0.1153846154
52 2 6	0.0952380952
52 47 66	0.1017964072
18 56 8	0.0652173913
4 59 61	0.1875000000
4 59 66	0.1818181818
29 6 3	0.1553398058
4 66 2	0.2500000000
18 20 70	0.1212121212
4 6 53	0.2518518519
24 59 53	0.2876712329
3 61 5	0.3421052632
3 64 29	0.5051546392
52 49 49	0.1381818182
18 3 68	0.0888888889
3 7 66	0.1265822785
36 3 10	0.0618556701
18 54 53	0.2727272727
18 59 10	0.0515463918
18 52 8	0.0786516854
36 3 6	0.0536193029
4 0 1	0.2083333333
36 3 57	0.1803278689
3 47 0	0.0434782609
29 3 13	0.0865384615
29 13 66	0.1034482759
24 0 3	0.0816326531
4 60	0.1000000000
3 13 3	0.0409356725
24 66 3	0.0913461538
29 20 54	0.1282051282
4 53 51	0.2500000000
36 33 51	0.1428571429
29 1 6	0.1111111111
18 19 49	0.2066666667
29 49 61	0.1724137931
3 59 11	0.0952380952
18 66 59	0.1111111111
52 57 13	0.0647482014
29 54 11	0.3076923077
52 3 68	0.1538461538
3 57 49	0.1552795031
24 11 52	0.0270270270
36 3 47	0.0567010309
18 1 6	0.0662251656
18 3 8	0.1063829787
4 3 6	0.1111111111
29 22 66	0.0851063830
18 57 61	0.2500000000
29 5 15	0.0142857143
24 59 65	0.1923076923
3 6 66	0.1129568106
29 3 52	0.0936902486
29 15 6	0.0566037736
18 13 32	0.2432432432
29 49 9	0.2222222222
18 8 49	0.2291666667
29 11 8	0.1600000000
29 15 10	0.1666666667
52 54 59	0.0416666667
52 8 8	0.0333333333
18 20 1	0.1694214876
24 48 8	0.1034482759
4 6 47	0.0676691729
3 3 47	0.0440251572
3 14 78	0.0833333333
18 19 7	0.1153846154
4 54 53	0.2571428571
18 54 3	0.0793650794
3 66 56	0.0212765957
4 8 49	0.1967213115
18 53 14	0.1764705882
18 3 50	0.0405797101
18 19 11	0.3043478261
29 5 5	0.2129629630
18 70	0.1111111111
3 59 7	0.0588235294
29 6 60	0.1333333333
18 27 49	0.2352941176
18 49 65	0.2553191489
36 5 7	0.1056910569
3 6 0	0.0500000000
24 65 7	0.0975609756
29 48 53	0.2500000000
24 7 6	0.0434782609
4 57 47	0.0810810811
46 61	0.1250000000
52 0 65	0.1111111111
18 6 10	0.0347222222
24 1 61	0.1666666667
52 32 49	0.1518987342
24 14 53	0.1777777778
18 52 10	0.0875000000
52 3 50	0.0370370370
3 69 31	0.2264150943
4 53 10	0.1666666667
52 57 65	0.2258064516
52 52 61	0.0851063830
52 47 70	0.0416666667
18 53 53	0.3783783784
3 7 88	0.1666666667
52 4 66	0.1159420290
24 57 57	0.1363636364
4 0 6	0.0930232558
18 1 59	0.1475409836
3 8 24	0.1250000000
4 59 2	0.0500000000
18 11 61	0.2500000000
3 70 18	0.2884615385
18 3 54	0.0945945946
29 56 66	0.1702127660
18 10 10	0.0909090909
52 50 14	0.1176470588
36 20 50	0.0270270270
3 13 11	0.1578947368
29 57 8	0.1428571429
18 49 47	0.0618556701
4 3 61	0.1935483871
4 59 53	0.2307692308
18 48 52	0.0930232558
4 2 65	0.2222222222
4 54 13	0.0857142857
29 47 11	0.3636363636
24 78 66	0.1368421053
18 47 13	0.0909090909
29 3 32	0.2784810127
4 8 3	0.0666666667
29 2 59	0.2800000000
29 6 61	0.1612903226
29 3 57	0.2619047619
3 6 13	0.0433604336
29 32 3	0.1304347826
29 11 52	0.1346153846
3 52 59	0.0920245399
3 52 1	0.0844155844
18 52 47	0.0935672515
24 48 50	0.0303030303
29 51 15	0.0481927711
18 10 5	0.2448979592
29 66 3	0.2714285714
4 49 48	0.2307692308
4 66 56	0.0593220339
9 3 66	0.1764705882
9 20 65	0.1904761905
24 1 66	0.1036585366
52 42 53	0.2727272727
52 23 10	0.1052631579
3 14 70	0.1000000000
3 54 70	0.1538461538
52 0 70	0.0909090909
3 54 65	0.1875000000
4 60 66	0.1666666667
3 70 5	0.1176470588
24 52 49	0.1488933602
3 61 2	0.1904761905
24 11 70	0.1818181818
4 53 5	0.3275862069
52 46 68	0.1111111111
52 59 10	0.1153846154
3 6 53	0.2264150943
36 75 9	0.2142857143
52 2 49	0.1680000000
18 13 0	0.1304347826
29 7 3	0.0411392405
18 52 13	0.0742857143
29 6 32	0.3500000000
4 52 50	0.0526315789
18 13 57	0.2285714286
4 47 13	0.0937500000
3 13 8	0.0784313725
18 20 11	0.1910112360
18 11 1	0.1315789474
3 52 52	0.0569620253
18 20 54	0.0847457627
29 56 53	0.2631578947
18 47 8	0.0689655172
36 64 52	0.2142857143
3 48 8	0.1111111111
24 50 52	0.0694444444
52 11 3	0.0614035088
4 59 78	0.2666666667
52 47 32	0.1578947368
3 6 9	0.2222222222
52 78 49	0.1637931034
3 8 53	0.2368421053
9 3 61	0.1666666667
52 52 66	0.0909090909
18 53 65	0.1500000000
24 47 49	0.1551724138
3 6 70	0.1052631579
36 5 2	0.2368421053
18 67 51	0.1666666667
24 49 18	0.2166666667
24 49 66	0.0333333333
24 59 1	0.0500000000
36 2 20	0.0571428571
29 61 20	0.0666666667
24 2 59	0.0800000000
30 19 49	0.2424242424
18 10 7	0.1126760563
30 19 66	0.1923076923
4 59 50	0.0967741935
18 11 10	0.0606060606
3 47 10	0.1363636364
9 22 10	0.1428571429
52 8 10	0.1034482759
3 47 53	0.2678571429
52 78 65	0.2592592593
24 67 51	0.1666666667
52 10 10	0.1538461538
3 59 65	0.2352941176
24 47 10	0.1428571429
3 53 53	0.2916666667
29 24 66	0.2040816327
4 1 70	0.1111111111
3 1 59	0.0588235294
4 13 52	0.1463414634
29 6 18	0.3269230769
18 52 57	0.2608695652
29 54 50	0.0740740741
29 66 49	0.1875000000
18 19 57	0.2592592593
3 13 6	0.0515873016
18 59 78	0.2380952381
18 54 7	0.0588235294
4 13 61	0.1333333333
29 4 65	0.1818181818
52 50 70	0.2666666667
18 7 60	0.1276595745
18 8 6	0.0405405405
4 32 49	0.1636363636
29 7 68	0.1818181818
52 50 36	0.2162162162
4 64 29	0.5588235294
46 3 53	0.1764705882
24 6 10	0.0909090909
52 53 10	0.3043478261
3 50 10	0.1250000000
9 72 51	0.1666666667
18 49 7	0.1255813953
24 52 11	0.1219512195
52 13 1	0.1304347826
3 13 57	0.1764705882
29 7 10	0.1298701299
52 66 51	0.1923076923
52 53 60	0.1428571429
52 3 61	0.1904761905
24 48 52	0.0769230769
18 51 2	0.3539823009
24 11 53	0.2105263158
24 47 57	0.0952380952
24 57 52	0.0178571429
4 1 53	0.3157894737
52 3 13	0.0340136054
80 54 59	0.1212121212
18 49 8	0.0927835052
4 6 59	0.1984732824
52 67 1	0.1818181818
4 59 48	0.1111111111
29 60 52	0.1176470588
29 11 59	0.0869565217
18 2 2	0.0816326531
24 1 59	0.0608695652
18 48 6	0.1034482759
18 31 13	0.1470588235
4 49 57	0.2272727273
18 46 59	0.1250000000
29 8 49	0.1666666667
52 47 13	0.0312500000
29 52 13	0.1406250000
4 66 7	0.1098901099
18 47 54	0.0857142857
24 0 66	0.1428571429
3 1 52	0.0393700787
29 6 48	0.2200000000
4 11 53	0.3000000000
29 7 1	0.1359223301
52 3 8	0.0526315789
18 46 6	0.0425531915
24 6 3	0.0440677966
24 11 1	0.0652173913
36 64 4	0.1594202899
52 53 3	0.0520833333
24 3 78	0.1142857143
18 46 61	0.2800000000
3 3 13	0.0590163934
18 49 61	0.1739130435
3 47 88	0.1428571429
29 11 13	0.1764705882
4 67 2	0.0909090909
52 53 78	0.0714285714
29 50 29	0.6363636364
36 5 5	0.2268907563
29 66 59	0.3333333333
30 4 1	0.2500000000
3 50 31	0.3529411765
18 52 11	0.3191489362
24 13 3	0.0198019802
52 49 18	0.2714285714
29 50 66	0.2000000000
3 32 52	0.0365853659
80 4 66	0.1159420290
4 1 57	0.2692307692
24 6 11	0.0909090909
29 78 1	0.2692307692
52 50 52	0.0967741935
18 53 56	0.0458715596
29 52 11	0.2941176471
3 3 14	0.0975609756
18 6 7	0.0240963855
36 56 13	0.0984848485
29 47 0	0.1500000000
52 69 21	0.0689655172
18 8 60	0.1250000000
3 8 32	0.0833333333
29 49 65	0.2500000000
29 6 66	0.1504424779
18 6 70	0.1012658228
52 1 3	0.0382165605
29 24 53	0.1851851852
29 49 53	0.2500000000
52 2 59	0.1463414634
29 66 51	0.3125000000
29 1 32	0.3076923077
30 22 49	0.2631578947
24 8 57	0.1250000000
4 0 68	0.0833333333
4 7 49	0.2678571429
4 57 3	0.1011235955
29 3 61	0.1585365854
3 4 53	0.0769230769
52 11 68	0.0833333333
52 49 51	0.1842105263
18 5 2	0.2735042735
52 50 9	0.1250000000
24 4 53	0.1578947368
52 60 53	0.1851851852
24 2 66	0.0500000000
52 64 29	0.5555555556
24 54 66	0.1176470588
4 47 31	0.2758620690
24 14 49	0.1250000000
18 19 1	0.2115384615
29 20 10	0.1666666667
3 14 68	0.1538461538
3 57 1	0.0625000000
18 13 11	0.2368421053
30 7 66	0.1000000000
36 51 3	0.1083333333
29 22 32	0.1818181818
4 46 61	0.2615384615
52 32 59	0.0909090909
29 7 32	0.2181818182
18 50 10	0.2105263158
29 6 29	0.5925925926
30 9 5	0.1428571429
3 8 49	0.1466666667
18 24 11	0.2222222222
4 8 56	0.2857142857
29 61 7	0.2400000000
29 15 13	0.0657894737
18 50 53	0.2500000000
3 59 1	0.0972222222
52 50 29	0.4509803922
29 78 52	0.1186440678
24 13 13	0.0292397661
29 47 65	0.2083333333
29 49 70	0.0344827586
24 78 70	0.1666666667
3 3 54	0.0800000000
18 11 53	0.3902439024
4 0 60	0.2500000000
52 57 52	0.0900900901
29 3 2	0.0201342282
18 32 52	0.0884353741
4 8 66	0.1923076923
4 52 78	0.2307692308
4 47 6	0.0833333333
29 78 47	0.1142857143
18 59 59	0.1354838710
29 22 0	0.0909090909
4 32 11	0.1333333333
36 56 6	0.0709219858
4 4 49	0.1944444444
24 3 3	0.0300429185
36 20 57	0.2000000000
4 7 52	0.1333333333
29 49 20	0.2043010753
36 79 10	0.1304347826
24 10 51	0.2037037037
52 54 65	0.2400000000
24 49 2	0.1481481481
52 49 66	0.1037735849
24 32 49	0.1428571429
24 65 2	0.1818181818
24 53 66	0.1506849315
3 2 65	0.1428571429
24 48 53	0.2820512821
18 1 66	0.1028037383
18 21 49	0.0444444444
52 59 49	0.1415094340
24 47 53	0.2162162162
36 75 36	0.2200000000
52 11 49	0.1656050955
29 2 5	0.4473684211
18 52 70	0.1794871795
24 48 66	0.1594202899
4 4 70	0.1428571429
29 22 10	0.1111111111
24 4 66	0.0930232558
29 19 70	0.1176470588
24 54 70	0.1333333333
18 13 50	0.0283018868
18 14 10	0.0555555556
3 3 10	0.1573033708
4 60 53	0.2400000000
52 31 51	0.2368421053
24 49 51	0.1981132075
52 59 61	0.1818181818
36 3 61	0.1666666667
29 52 88	0.2857142857
3 6 6	0.0416666667
29 13 47	0.1025641026
52 57 50	0.0319148936
3 70 52	0.1764705882
52 53 14	0.1111111111
29 3 0	0.0800000000
29 59 48	0.1666666667
24 60 52	0.0285714286
36 77 23	0.1000000000
52 52 2	0.0181818182
3 3 68	0.1212121212
4 14 66	0.2333333333
52 4 13	0.0232558140
4 8 13	0.1142857143
3 69 1	0.0819672131
4 53 49	0.1609195402
29 48 3	0.1531531532
18 10 3	0.1186440678
4 3 13	0.0695652174
29 14 66	0.2692307692
29 50 70	0.1428571429
29 2 2	0.0810810811
18 2 5	0.3584905660
3 54 53	0.2500000000
52 8 53	0.2954545455
24 67 31	0.1176470588
24 65 5	0.2857142857
18 85 61	0.0769230769
3 1 66	0.0600000000
18 51 51	0.2229299363
18 53 24	0.2105263158
18 56 57	0.1612903226
24 6 6	0.0398406375
29 51 7	0.1284403670
3 59 6	0.0547445255
29 59 6	0.1395348837
3 60 78	0.0909090909
3 47 31	0.2166666667
4 47 47	0.0789473684
52 52 8	0.0222222222
29 14 11	0.1818181818
29 49 24	0.2727272727
36 56 3	0.0880503145
18 69 1	0.1956521739
29 78 3	0.1000000000
29 20 50	0.0259740260
29 15 3	0.0431034483
29 69 1	0.2812500000
3 78 59	0.0217391304
80 4 52	0.0612244898
4 57 6	0.0430107527
18 65 5	0.2352941176
29 42 53	0.2727272727
4 3 57	0.1764705882
29 54 13	0.1714285714
3 47 21	0.0540540541
52 13 4	0.0526315789
18 11 59	0.0851063830
18 6 18	0.2803738318
4 65 22	0.2692307692
18 32 59	0.1384615385
18 2 52	0.1153846154
29 77 1	0.2857142857
18 13 88	0.2500000000
4 47 4	0.0769230769
29 59 59	0.2033898305
4 57 52	0.1126760563
18 50 8	0.1000000000
24 48 1	0.1379310345
36 3 52	0.0677966102
30 3 32	0.2307692308
3 46 3	0.0263157895
52 49 8	0.0408163265
18 4 53	0.0588235294
52 52 13	0.0310880829
52 54 66	0.1235955056
18 13 65	0.2068965517
18 65 7	0.1111111111
52 11 53	0.2857142857
46 3 10	0.1333333333
9 7 49	0.1212121212
24 54 49	0.0983606557
24 13 10	0.1200000000
52 21 65	0.0833333333
24 13 68	0.1666666667
24 69 31	0.2439024390
4 78 53	0.3243243243
18 48 5	0.1600000000
18 20 52	0.0760095012
52 7 6	0.0512820513
4 49 11	0.2173913043
4 52 3	0.0883977901
24 13 48	0.0500000000
24 1 3	0.0328947368
18 54 6	0.0634920635
29 50 10	0.1111111111
4 57 57	0.1363636364
29 13 6	0.1666666667
36 20 59	0.0714285714
52 13 53	0.2549019608
3 78 65	0.2083333333
24 0 53	0.2500000000
24 57 10	0.2272727273
9 15 10	0.1363636364
24 7 66	0.1147540984
52 31 2	0.2000000000
18 21 53	0.3125000000
3 4 10	0.0909090909
9 51 2	0.0909090909
29 11 11	0.3125000000
4 78 3	0.0967741935
29 52 3	0.0855263158
4 70 7	0.2000000000
30 22 70	0.1000000000
36 3 3	0.0526315789
18 8 8	0.0555555556
4 13 20	0.1176470588
30 52 57	0.3000000000
29 49 2	0.2125000000
24 59 78	0.0952380952
24 2 52	0.0312500000
18 52 61	0.0410958904
24 48 49	0.1505376344
3 2 52	0.0472972973
29 57 50	0.0769230769
80 54 47	0.0952380952
3 70 3	0.0967741935
52 32 53	0.1904761905
29 11 78	0.1111111111
18 24 53	0.2000000000
3 52 8	0.0380952381
29 15 0	0.1428571429
29 4 8	0.1333333333
3 47 8	0.0500000000
24 42 53	0.2727272727
3 66 48	0.3333333333
3 47 65	0.2195121951
29 19 53	0.2727272727
3 1 32	0.1481481481
24 1 8	0.0727272727
30 22 1	0.2500000000
29 59 50	0.0727272727
3 60 13	0.0487804878
52 49 1	0.1136363636
29 49 13	0.1439393939
36 3 13	0.0653266332
4 4 78	0.1000000000
29 1 53	0.2333333333
29 46 10	0.2181818182
4 49 1	0.1612903226
29 6 6	0.1413043478
18 7 59	0.0824742268
18 50 1	0.1463414634
4 49 8	0.0857142857
83 0 18	0.1176470588
3 57 52	0.0212765957
4 52 13	0.1104651163
3 48 50	0.0285714286
29 53 5	0.3500000000
18 59 52	0.0932944606
52 13 47	0.0483870968
80 9 20	0.1071428571
18 56 11	0.1785714286
4 13 3	0.0780141844
29 77 21	0.1739130435
29 3 10	0.0633802817
24 52 54	0.0833333333
29 53 15	0.0833333333
4 4 6	0.0740740741
36 20 6	0.0592783505
30 3 13	0.1333333333
18 49 14	0.1162790698
18 47 0	0.1428571429
18 20 68	0.1481481481
24 66 2	0.1869158879
18 6 48	0.1562500000
3 50 29	0.2647058824
52 70 51	0.1764705882
3 10 2	0.1818181818
3 60 10	0.1111111111
3 75 18	0.1323529412
9 20 10	0.1739130435
24 4 10	0.0769230769
3 11 70	0.1500000000
80 4 65	0.1333333333
52 53 68	0.1111111111
24 53 2	0.1875000000
3 70 2	0.1000000000
46 10 5	0.1739130435
36 20 70	0.0958904110
4 53 68	0.1428571429
4 64 9	0.1250000000
52 11 65	0.1923076923
52 64 9	0.1818181818
3 13 61	0.1904761905
4 14 13	0.1250000000
29 3 7	0.1000000000
18 60 10	0.1153846154
29 11 6	0.0909090909
3 3 7	0.0681818182
29 20 1	0.2080000000
29 64 52	0.2615384615
18 49 78	0.2222222222
18 32 3	0.0700000000
24 49 52	0.0421686747
4 42 66	0.0666666667
3 48 1	0.1428571429
3 8 4	0.0555555556
29 69 31	0.3529411765
4 75 52	0.1111111111
29 51 20	0.0952380952
29 54 32	0.3636363636
18 78 11	0.0909090909
3 14 66	0.1041666667
18 68 9	0.1764705882
29 24 6	0.0169491525
24 53 57	0.1818181818
24 8 24	0.1000000000
24 49 59	0.0483870968
18 4 49	0.2033898305
18 78 8	0.1176470588
29 78 59	0.0769230769
4 0 49	0.2307692308
18 13 78	0.1730769231
3 11 3	0.0297029703
18 60 52	0.0882352941
30 9 22	0.0769230769
24 6 1	0.0697674419
18 50 36	0.2400000000
30 9 51	0.2222222222
3 11 49	0.1699346405
18 20 7	0.0679611650
18 50 54	0.1200000000
29 1 49	0.1927710843
3 6 48	0.0606060606
4 49 52	0.1494845361
52 52 32	0.1538461538
3 1 6	0.0652173913
29 48 20	0.1159420290
24 48 88	0.1428571429
18 7 3	0.0565476190
29 47 53	0.2258064516
4 42 49	0.1666666667
24 48 47	0.0645161290
18 78 6	0.1230769231
30 46 61	0.2631578947
29 6 59	0.2727272727
24 53 14	0.0714285714
36 3 59	0.0855263158
3 11 32	0.0909090909
29 78 60	0.2222222222
4 7 1	0.2500000000
18 3 88	0.3846153846
36 20 47	0.0362318841
24 0 60	0.1428571429
18 7 0	0.1052631579
29 3 48	0.1511627907
29 53 66	0.1600000000
52 64 24	0.0476190476
18 13 47	0.0514705882
29 19 1	0.1515151515
29 52 48	0.2307692308
29 7 13	0.0825688073
36 5 3	0.1017964072
36 56 11	0.2173913043
29 64 3	0.1807228916
18 1 78	0.1750000000
29 2 49	0.1911764706
3 47 4	0.0377358491
52 49 59	0.1063829787
24 11 3	0.0212765957
36 3 32	0.2203389831
29 70 3	0.3529411765
29 14 49	0.2156862745
18 48 20	0.0377358491
36 15 52	0.0769230769
29 7 11	0.1818181818
3 13 10	0.0869565217
3 47 6	0.0497925311
29 22 8	0.0769230769
52 1 48	0.0294117647
4 53 1	0.2222222222
18 20 8	0.0810810811
29 57 59	0.1304347826
29 20 3	0.0800000000
4 0 53	0.2916666667
18 53 57	0.1764705882
30 3 6	0.1000000000
24 3 32	0.0967741935
52 47 52	0.0176991150
18 77 1	0.2588235294
4 52 11	0.3461538462
30 19 47	0.1333333333
4 4 1	0.1875000000
4 13 6	0.0740740741
30 7 3	0.2352941176
24 47 47	0.0588235294
4 49 65	0.1875000000
18 51 20	0.0944206009
24 60 53	0.0454545455
76 18 2	0.0769230769
24 52 68	0.0588235294
18 4 10	0.1111111111
3 42 53	0.2727272727
4 1 10	0.0500000000
24 52 65	0.1794871795
52 49 48	0.1857142857
52 1 50	0.0168067227
4 3 65	0.1764705882
52 66 56	0.0227272727
18 22 49	0.1612903226
52 49 57	0.1071428571
3 7 7	0.0666666667
3 7 1	0.1290322581
24 11 47	0.0434782609
18 52 88	0.2222222222
52 78 68	0.2500000000
18 78 68	0.2727272727
9 7 10	0.1904761905
4 32 65	0.1818181818
3 11 61	0.2857142857
3 47 68	0.1219512195
18 56 70	0.0689655172
76 18 5	0.2380952381
52 53 2	0.1785714286
9 24 10	0.2222222222
18 24 7	0.0625000000
4 7 66	0.1568627451
18 1 1	0.1750000000
18 59 88	0.2857142857
4 32 3	0.1132075472
52 52 57	0.1000000000
18 2 32	0.0909090909
29 49 18	0.3409090909
3 1 61	0.1351351351
36 3 1	0.1530612245
29 65 9	0.1111111111
24 53 54	0.1818181818
30 80 24	0.1250000000
24 57 1	0.0750000000
18 8 56	0.1250000000
18 47 65	0.2075471698
24 52 3	0.0205882353
30 22 66	0.2040816327
29 20 11	0.2083333333
4 53 14	0.1250000000
18 27 20	0.1428571429
18 51 56	0.0206896552
4 57 1	0.1842105263
80 56 53	0.2500000000
52 1 65	0.2272727273
52 32 3	0.1038961039
4 53 20	0.1500000000
9 22 53	0.2666666667
52 46 66	0.0833333333
24 49 61	0.2051282051
24 68 9	0.1538461538
3 52 10	0.1354166667
3 53 10	0.2500000000
24 14 66	0.0777777778
52 14 66	0.1041666667
29 60 47	0.0666666667
36 3 70	0.1063829787
36 56 57	0.2000000000
29 14 57	0.3000000000
4 49 56	0.0317460317
24 53 13	0.0740740741
30 19 6	0.1304347826
4 3 11	0.2666666667
52 49 47	0.0348837209
29 78 8	0.1739130435
4 3 66	0.1600000000
18 3 65	0.2222222222
4 1 65	0.2000000000
4 13 2	0.0222222222
52 54 3	0.0684931507
4 42 65	0.1250000000
52 69 1	0.1136363636
29 15 53	0.2325581395
29 67 1	0.3157894737
29 3 88	0.3000000000
18 56 1	0.1346153846
29 32 49	0.1578947368
4 0 65	0.1538461538
18 10 51	0.1219512195
29 3 70	0.1475409836
29 7 88	0.2727272727
29 59 57	0.3461538462
3 77 21	0.0952380952
29 22 49	0.1612903226
3 3 52	0.0714285714
24 65 3	0.1212121212
4 42 6	0.1818181818
18 1 3	0.0732984293
24 1 78	0.1315789474
52 57 66	0.1224489796
18 13 48	0.1022727273
52 13 11	0.1200000000
24 6 8	0.0250000000
29 24 60	0.1428571429
18 59 1	0.1948051948
18 66 51	0.2372881356
4 6 60	0.1212121212
18 77 50	0.1304347826
4 6 8	0.0895522388
30 52 60	0.1666666667
4 11 8	0.1000000000
4 65 7	0.2500000000
36 3 8	0.0722891566
52 1 57	0.0612244898
24 7 88	0.1428571429
29 82 3	0.2195121951
52 54 47	0.0571428571
18 6 36	0.2500000000
52 69 4	0.0434782609
4 66 72	0.1000000000
4 49 5	0.2137404580
36 48 7	0.0909090909
29 59 1	0.2727272727
4 8 32	0.1111111111
18 7 50	0.0222222222
52 54 57	0.1500000000
4 78 65	0.2380952381
29 47 32	0.4666666667
52 49 36	0.3000000000
3 46 66	0.0869565217
29 20 52	0.0862944162
29 19 66	0.1139240506
18 78 13	0.1034482759
18 22 10	0.1111111111
3 57 10	0.1515151515
24 47 65	0.2307692308
52 2 53	0.2666666667
24 49 68	0.1250000000
3 53 49	0.0714285714
3 7 70	0.0909090909
3 50 18	0.1553398058
52 65 2	0.1111111111
24 53 5	0.2857142857
36 51 48	0.1904761905
9 7 68	0.2000000000
3 52 68	0.0784313725
52 31 53	0.1333333333
24 7 49	0.1219512195
18 46 66	0.1142857143
18 48 51	0.2000000000
9 20 70	0.1500000000
24 2 53	0.2727272727
36 7 70	0.0909090909
29 78 66	0.1587301587
29 6 8	0.1333333333
52 4 6	0.0198019802
29 70 52	0.2000000000
52 1 1	0.0843373494
36 56 53	0.2295081967
29 77 23	0.1333333333
52 13 61	0.1785714286
52 49 9	0.2500000000
9 19 70	0.0909090909
52 78 66	0.0645161290
24 49 9	0.1666666667
3 32 53	0.1666666667
24 6 61	0.1607142857
52 57 53	0.1875000000
18 21 50	0.0588235294
3 66 59	0.1923076923
52 53 20	0.0714285714
52 8 60	0.1000000000
18 7 54	0.0833333333
30 22 11	0.2222222222
36 33 5	0.1724137931
30 3 61	0.2307692308
29 56 7	0.0714285714
24 66 48	0.2413793103
24 49 10	0.0769230769
24 1 65	0.2000000000
4 3 10	0.0606060606
18 51 48	0.2391304348
29 48 6	0.0769230769
24 53 1	0.1379310345
18 54 49	0.1827956989
29 60 3	0.0740740741
18 1 11	0.2000000000
4 78 6	0.1206896552
29 54 66	0.1538461538
24 52 1	0.0769230769
4 14 11	0.0833333333
24 48 65	0.1739130435
24 1 1	0.1228070175
52 2 52	0.0990990991
24 13 53	0.3387096774
3 2 13	0.0198019802
24 66 22	0.1250000000
36 56 0	0.0785714286
4 49 78	0.2758620690
29 6 65	0.2272727273
18 66 2	0.2000000000
29 61 3	0.3636363636
24 59 52	0.0322580645
80 4 11	0.2000000000
29 8 14	0.1250000000
4 4 3	0.1538461538
4 32 47	0.0434782609
52 54 13	0.0806451613
24 47 4	0.0212765957
36 2 3	0.0666666667
4 70 52	0.2666666667
3 3 11	0.1886792453
18 32 66	0.0851063830
18 6 32	0.3684210526
29 8 53	0.3076923077
30 7 13	0.2000000000
18 57 60	0.1111111111
3 8 14	0.0714285714
3 7 8	0.0500000000
24 1 13	0.0579150579
3 57 57	0.1071428571
29 11 47	0.0937500000
4 49 9	0.2222222222
18 60 8	0.0416666667
3 46 6	0.0714285714
24 10 15	0.0208333333
18 77 6	0.0769230769
18 49 1	0.1949152542
80 54 3	0.1274509804
18 57 78	0.1538461538
18 6 78	0.2658227848
18 1 53	0.2419354839
18 20 14	0.1060606061
29 13 2	0.0238095238
24 66 49	0.0344827586
36 56 52	0.1111111111
18 47 68	0.1320754717
24 1 70	0.1363636364
52 10 2	0.1111111111
52 53 49	0.1086956522
36 48 5	0.2321428571
52 0 53	0.2500000000
46 10 48	0.1666666667
3 10 61	0.1818181818
52 21 66	0.1016949153
52 52 68	0.0833333333
18 75 3	0.1168831169
24 1 4	0.0384615385
3 52 78	0.0625000000
29 60 10	0.1250000000
18 11 47	0.0612244898
30 22 13	0.0909090909
24 8 1	0.0666666667
3 32 61	0.1875000000
3 3 3	0.0389972145
3 14 13	0.0400000000
36 3 50	0.0287769784
24 59 88	0.1428571429
24 49 6	0.0123456790
4 0 59	0.2000000000
52 60 66	0.1320754717
52 4 65	0.2352941176
3 6 65	0.2558139535
18 53 2	0.2000000000
3 48 53	0.2558139535
24 75 18	0.1153846154
4 70 18	0.3225806452
3 32 3	0.0413223140
36 20 78	0.1470588235
4 32 32	0.1428571429
29 15 78	0.1904761905
52 69 31	0.2439024390
83 0 22	0.1111111111
4 60 49	0.1090909091
18 53 8	0.0857142857
24 13 66	0.0517241379
52 13 3	0.0303030303
4 52 48	0.1500000000
29 49 1	0.2857142857
29 57 14	0.1333333333
24 50 18	0.1460674157
3 11 68	0.0476190476
18 13 66	0.1103448276
18 47 10	0.1500000000
52 3 0	0.1111111111
52 53 65	0.1111111111
52 65 22	0.1052631579
18 56 60	0.1578947368
36 56 48	0.1153846154
29 79 56	0.0833333333
29 53 20	0.2093023256
29 2 51	0.2400000000
18 7 1	0.2000000000
52 13 13	0.0342465753
29 49 49	0.1904761905
29 49 56	0.0444444444
52 50 53	0.2972972973
18 54 32	0.2666666667
29 66 22	0.2500000000
24 3 48	0.0943396226
29 32 61	0.1739130435
4 70 29	0.2666666667
18 31 53	0.3000000000
18 13 7	0.1428571429
4 14 32	0.2000000000
52 10 51	0.1142857143
29 20 0	0.1428571429
36 51 51	0.1451612903
18 31 0	0.1250000000
18 53 1	0.1142857143
3 52 48	0.1470588235
52 57 57	0.0937500000
29 48 59	0.0909090909
4 69 1	0.2702702703
36 20 88	0.2857142857
52 11 1	0.1000000000
24 6 48	0.0410958904
36 7 66	0.1153846154
18 19 14	0.0714285714
30 22 57	0.2000000000
18 59 32	0.3076923077
52 8 13	0.0666666667
4 49 7	0.1547619048
24 50 3	0.0821917808
18 15 6	0.1000000000
52 54 32	0.2500000000
18 2 78	0.0714285714
4 54 47	0.0588235294
18 22 32	0.1818181818
52 78 47	0.0476190476
29 60 59	0.0769230769
29 5 56	0.0666666667
18 19 6	0.0769230769
29 53 49	0.1935483871
52 2 13	0.1090909091
4 8 14	0.2307692308
52 23 53	0.1304347826
4 57 10	0.0909090909
24 3 50	0.0350877193
9 7 66	0.0243902439
52 2 65	0.2222222222
9 75 36	0.1666666667
3 78 13	0.0396039604
29 51 56	0.0300000000
4 60 7	0.0714285714
80 54 57	0.2380952381
29 57 2	0.0588235294
4 60 68	0.0909090909
4 78 52	0.1086956522
80 10 20	0.0625000000
52 52 1	0.0704225352
29 54 7	0.1428571429
4 59 3	0.1125000000
52 75 52	0.0909090909
4 10 51	0.2058823529
18 32 53	0.1857142857
9 19 53	0.2105263158
52 53 48	0.2500000000
52 4 53	0.1111111111
36 7 65	0.0833333333
18 65 51	0.1904761905
30 52 8	0.1764705882
18 67 1	0.2553191489
29 7 61	0.2941176471
24 3 13	0.0454545455
29 78 88	0.2857142857
3 48 57	0.1764705882
18 3 20	0.2000000000
18 53 4	0.0606060606
4 59 47	0.1212121212
18 78 65	0.2142857143
18 50 52	0.1511627907
83 0 4	0.1000000000
36 43 0	0.1428571429
80 50 52	0.1000000000
30 4 53	0.1666666667
29 32 53	0.1851851852
3 13 32	0.1904761905
18 6 60	0.1250000000
29 52 57	0.3000000000
36 77 21	0.1333333333
29 10 51	0.2608695652
18 59 11	0.2391304348
24 3 10	0.1016949153
18 1 61	0.1086956522
52 57 1	0.1379310345
24 13 52	0.0276243094
4 4 52	0.1315789474
18 57 3	0.1068702290
4 14 47	0.0714285714
3 57 54	0.0625000000
24 52 60	0.1000000000
24 59 6	0.0222222222
52 78 88	0.2000000000
24 52 32	0.0625000000
18 6 8	0.0902777778
36 3 48	0.0697674419
3 4 66	0.1250000000
80 10 72	0.1333333333
52 70 5	0.1428571429
3 4 49	0.1052631579
18 15 10	0.1367521368
24 53 65	0.1538461538
24 8 49	0.1413043478
3 78 10	0.1891891892
76 18 53	0.0714285714
29 78 65	0.2222222222
18 53 6	0.0422535211
24 6 36	0.2631578947
29 6 47	0.0909090909
36 3 14	0.0769230769
4 4 13	0.1219512195
18 24 1	0.1600000000
4 0 3	0.1111111111
4 6 78	0.2790697674
4 1 60	0.1764705882
3 52 47	0.0406091371
52 13 6	0.0240000000
80 54 65	0.1818181818
4 66 33	0.2222222222
29 13 78	0.3684210526
29 19 3	0.0793650794
24 3 47	0.0297029703
18 6 50	0.0464135021
52 2 32	0.1428571429
36 7 49	0.2105263158
4 0 13	0.1764705882
3 13 52	0.0535714286
52 54 1	0.1315789474
52 7 54	0.0909090909
29 14 8	0.0833333333
29 24 8	0.0869565217
18 7 78	0.1794871795
4 3 8	0.1000000000
29 20 14	0.1025641026
52 47 31	0.2758620690
52 54 6	0.0533333333
29 49 78	0.2903225806
80 4 54	0.0769230769
18 19 50	0.0634920635
80 54 1	0.2115384615
3 11 66	0.1132075472
29 57 65	0.1666666667
18 49 60	0.1176470588
29 49 4	0.1714285714
4 4 47	0.1052631579
4 68 19	0.1111111111
3 47 60	0.0869565217
3 59 50	0.0094339623
4 14 3	0.0600000000
29 70 9	0.0833333333
29 46 6	0.1250000000
29 50 52	0.2222222222
52 53 6	0.0218978102
24 11 11	0.0769230769
4 59 6	0.1111111111
18 54 10	0.0952380952
3 60 49	0.0727272727
18 56 61	0.2521739130
52 2 8	0.0588235294
3 59 57	0.0909090909
18 54 57	0.1578947368
3 48 65	0.1111111111
29 82 52	0.2058823529
4 11 10	0.0740740741
52 53 24	0.1250000000
3 47 59	0.0217391304
3 48 88	0.1666666667
18 61 20	0.1194029851
24 49 20	0.0549450549
18 20 59	0.0826446281
18 3 2	0.0271186441
3 10 7	0.0945945946
29 52 47	0.1076923077
24 6 53	0.1979166667
24 52 47	0.0204081633
9 15 49	0.1428571429
18 57 70	0.1000000000
46 61 5	0.1538461538
24 78 10	0.1739130435
52 42 49	0.1111111111
76 18 66	0.1764705882
18 19 70	0.1600000000
52 75 18	0.1911764706
3 54 49	0.0967741935
9 72 5	0.1428571429
18 1 52	0.0955882353
4 78 11	0.2142857143
80 54 53	0.2941176471
3 59 54	0.0555555556
29 7 2	0.0312500000
24 53 56	0.0400000000
3 59 8	0.0441176471
4 2 6	0.0943396226
52 13 52	0.0510948905
29 20 32	0.3448275862
18 19 47	0.0851063830
4 52 57	0.2758620690
18 47 4	0.0625000000
29 53 11	0.1111111111
18 65 4	0.0909090909
4 65 20	0.2083333333
18 19 8	0.1428571429
29 3 20	0.3333333333
29 4 59	0.0714285714
29 20 65	0.1836734694
18 14 11	0.1666666667
29 32 47	0.1000000000
29 11 1	0.2500000000
24 0 59	0.0714285714
4 4 11	0.2307692308
29 47 60	0.1333333333
4 53 6	0.0595238095
29 50 49	0.1666666667
18 13 20	0.1739130435
4 7 50	0.0384615385
36 85 0	0.0845070423
3 47 23	0.1000000000
52 65 20	0.0714285714
24 68 20	0.0476190476
4 11 68	0.0952380952
29 7 60	0.1515151515
18 19 88	0.2500000000
3 60 6	0.0232558140
18 57 53	0.2884615385
4 8 53	0.3030303030
52 78 6	0.0571428571
4 7 6	0.1011235955
36 17 0	0.1200000000
80 4 8	0.0434782609
4 65 5	0.2000000000
4 2 49	0.1818181818
29 10 61	0.1818181818
52 53 15	0.0344827586
52 13 10	0.1052631579
36 20 65	0.2592592593
18 32 65	0.1666666667
18 49 88	0.2857142857
3 61 56	0.0600000000
29 53 6	0.0869565217
4 14 1	0.2121212121
4 60 8	0.0454545455
29 53 13	0.1250000000
29 60 57	0.1250000000
18 47 21	0.1333333333
24 59 68	0.1176470588
24 4 49	0.1296296296
2 4 53	0.1111111111
4 49 18	0.2954545455
24 68 51	0.1111111111
24 66 7	0.0416666667
29 50 18	0.2830188679
52 66 59	0.0952380952
36 56 32	0.2272727273
3 52 14	0.0535714286
29 10 20	0.1052631579
36 64 3	0.1690140845
52 7 1	0.0689655172
52 52 88	0.1428571429
29 3 4	0.0731707317
18 10 61	0.2352941176
18 48 53	0.3333333333
4 11 59	0.0833333333
29 64 4	0.1973684211
18 47 59	0.0547945205
36 7 59	0.0625000000
18 1 32	0.1666666667
3 65 3	0.1290322581
80 9 22	0.1764705882
3 47 3	0.0294117647
52 54 11	0.1666666667
3 59 32	0.1315789474
29 68 3	0.1111111111
18 60 6	0.0750000000
36 20 68	0.1206896552
18 14 47	0.0370370370
29 19 52	0.0909090909
3 60 3	0.0392156863
29 11 60	0.3333333333
18 77 23	0.1272727273
3 53 22	0.0666666667
18 47 11	0.1551724138
4 14 7	0.0588235294
18 48 78	0.2000000000
52 47 10	0.0869565217
52 78 70	0.0833333333
9 19 49	0.1224489796
36 2 51	0.1851851852
3 78 68	0.1500000000
52 52 10	0.1224489796
29 7 4	0.0588235294
36 64 9	0.2692307692
30 3 88	0.1666666667
52 11 6	0.0431034483
4 47 57	0.2000000000
24 0 52	0.1142857143
29 52 32	0.4500000000
29 3 78	0.1600000000
29 70 18	0.2777777778
4 11 6	0.0769230769
30 4 13	0.0476190476
80 4 70	0.1538461538
9 19 10	0.1538461538
29 57 52	0.1818181818
24 52 8	0.0389610390
52 3 48	0.0487804878
18 11 13	0.0860215054
30 52 32	0.3000000000
29 47 50	0.0666666667
24 53 22	0.0526315789
3 3 32	0.1400000000
30 4 59	0.1000000000
36 56 59	0.1636363636
4 8 1	0.1904761905
30 9 3	0.2666666667
24 4 70	0.0833333333
24 50 29	0.1379310345
18 11 60	0.2500000000
18 1 57	0.1153846154
3 1 13	0.0411764706
29 11 49	0.2315789474
36 77 1	0.2250000000
4 8 47	0.0625000000
29 52 1	0.2631578947
18 24 50	0.0285714286
4 11 11	0.2307692308
4 6 19	0.2222222222
18 57 59	0.1153846154
4 52 32	0.4166666667
52 65 24	0.0909090909
29 66 2	0.2580645161
24 78 3	0.0128205128
29 20 47	0.0784313725
18 52 32	0.3076923077
36 17 10	0.1304347826
29 54 53	0.2916666667
29 59 8	0.1463414634
29 77 6	0.0434782609
3 52 57	0.1379310345
18 8 35	0.1818181818
18 7 70	0.0857142857
36 85 3	0.1111111111
29 61 5	0.2105263158
18 49 24	0.1578947368
18 11 3	0.0776699029
4 3 50	0.0645161290
3 3 1	0.1304347826
29 4 66	0.1250000000
18 46 49	0.1304347826
4 75 36	0.1176470588
4 1 61	0.1578947368
36 85 10	0.2352941176
4 42 57	0.1428571429
4 6 32	0.2647058824
3 3 78	0.1025641026
52 46 6	0.0526315789
3 61 20	0.0833333333
29 52 2	0.0294117647
18 22 57	0.1111111111
24 53 8	0.0833333333
24 6 4	0.0312500000
18 49 19	0.0172413793
80 54 70	0.1200000000
29 13 53	0.2666666667
80 54 60	0.1111111111
52 11 47	0.0535714286
3 7 49	0.1111111111
24 8 3	0.0158730159
4 2 32	0.2857142857
52 50 57	0.2000000000
4 53 48	0.1111111111
24 13 65	0.2000000000
52 70 36	0.1666666667
29 7 65	0.2093023256
18 59 61	0.1486486486
4 1 6	0.1019108280
24 1 88	0.2000000000
29 7 78	0.1724137931
29 53 53	0.3125000000
4 32 1	0.1304347826
18 6 47	0.0630252101
18 22 7	0.1111111111
24 11 6	0.0163934426
80 4 3	0.0697674419
4 52 65	0.2000000000
4 1 8	0.1250000000
29 6 14	0.0909090909
4 53 13	0.1111111111
52 65 3	0.1428571429
4 13 47	0.0740740741
36 15 48	0.1111111111
29 56 70	0.2727272727
76 18 49	0.0545454545
9 19 66	0.0952380952
4 4 8	0.1000000000
4 60 70	0.1428571429
4 57 70	0.1200000000
18 6 2	0.0310077519
18 50 70	0.2500000000
24 13 57	0.0869565217
52 3 11	0.0714285714
4 60 13	0.0465116279
52 8 56	0.1111111111
4 42 32	0.2500000000
3 48 7	0.1250000000
9 2 51	0.0769230769
52 46 10	0.1851851852
18 85 10	0.1818181818
18 65 9	0.1764705882
3 66 3	0.0662251656
4 49 6	0.0930232558
29 6 9	0.1818181818
24 8 10	0.0500000000
29 7 14	0.0857142857
24 49 47	0.0166666667
29 69 21	0.1538461538
18 31 61	0.2352941176
3 70 36	0.2400000000
29 22 88	0.1428571429
3 78 60	0.1538461538
18 69 31	0.3529411765
29 4 11	0.3333333333
24 47 6	0.0341880342
4 47 52	0.0769230769
18 19 68	0.1666666667
30 52 1	0.2352941176
4 65 3	0.2692307692
4 49 36	0.3076923077
4 60 1	0.1666666667
29 13 48	0.1666666667
29 10 7	0.1578947368
52 4 1	0.0487804878
18 7 2	0.0259740260
18 19 54	0.1250000000
24 1 7	0.1071428571
36 56 8	0.0750000000
4 13 48	0.2162162162
4 2 11	0.2222222222
24 7 57	0.0625000000
52 49 7	0.1052631579
3 47 57	0.1219512195
24 53 9	0.1538461538
46 10 51	0.0500000000
24 10 2	0.2105263158
52 54 10	0.1304347826
16 76 18	0.1000000000
52 11 66	0.1093750000
29 61 51	0.0800000000
29 54 57	0.3076923077
18 78 88	0.2500000000
29 1 59	0.1818181818
18 65 3	0.1282051282
4 13 57	0.1875000000
52 49 15	0.0657894737
3 6 50	0.0186335404
29 56 13	0.0208333333
24 50 14	0.1111111111
36 56 65	0.2272727273
4 1 4	0.0588235294
29 65 22	0.2500000000
18 13 8	0.1000000000
18 11 32	0.2380952381
4 66 59	0.2666666667
18 13 3	0.0575757576
80 54 50	0.0461538462
3 3 48	0.1034482759
52 8 70	0.2307692308
52 47 6	0.0555555556
3 6 8	0.0294117647
3 50 49	0.0655737705
18 10 0	0.1200000000
52 49 70	0.0689655172
3 3 8	0.0674157303
3 61 51	0.1884057971
29 68 20	0.1428571429
30 7 1	0.1666666667
52 47 21	0.0952380952
24 17 49	0.0779220779
3 13 1	0.1555555556
4 6 36	0.2631578947
52 0 49	0.0750000000
3 1 65	0.2083333333
3 3 61	0.2250000000
9 75 18	0.1538461538
24 78 53	0.2765957447
52 78 10	0.1739130435
52 65 5	0.2352941176
4 65 15	0.1111111111
24 32 14	0.1000000000
29 52 78	0.3636363636
18 6 9	0.2272727273
29 22 65	0.1818181818
24 59 61	0.2500000000
3 3 70	0.2195121951
18 50 9	0.1428571429
18 22 65	0.1818181818
9 24 65	0.0909090909
36 15 13	0.0714285714
3 8 10	0.1034482759
29 4 1	0.2272727273
18 48 59	0.1600000000
24 59 4	0.0666666667
29 10 5	0.2500000000
18 20 88	0.4000000000
18 66 48	0.2424242424
30 22 50	0.0416666667
29 11 66	0.1904761905
3 13 7	0.1304347826
24 8 8	0.0370370370
3 59 78	0.1551724138
52 52 52	0.0228310502
18 14 52	0.0588235294
18 11 6	0.0722891566
18 78 60	0.0909090909
24 3 57	0.0740740741
4 42 13	0.0769230769
24 10 5	0.1481481481
29 50 23	0.3000000000
3 13 88	0.2500000000
3 13 47	0.0352112676
3 6 47	0.0285714286
52 13 7	0.0666666667
4 52 8	0.0909090909
4 1 59	0.0845070423
18 2 8	0.0526315789
18 59 57	0.2173913043
4 10 15	0.1071428571
3 8 7	0.0500000000
4 13 8	0.0800000000
29 54 14	0.1000000000
3 57 32	0.1500000000
3 59 3	0.0428134557
18 78 78	0.2500000000
3 47 11	0.1025641026
18 6 0	0.1562500000
52 3 65	0.1875000000
29 14 4	0.1000000000
4 47 23	0.3333333333
3 52 50	0.0217391304
29 47 47	0.1136363636
24 49 56	0.0298507463
29 8 52	0.0555555556
29 57 6	0.0684931507
3 13 68	0.1363636364
4 46 68	0.1538461538
24 8 4	0.0769230769
3 32 66	0.0425531915
9 72 48	0.3500000000
3 50 36	0.1666666667
18 1 10	0.0500000000
52 17 50	0.1000000000
4 13 1	0.1904761905
4 78 7	0.1428571429
4 1 78	0.1379310345
24 66 56	0.0148148148
18 48 61	0.1333333333
30 52 66	0.1621621622
29 4 57	0.2000000000
52 11 7	0.0434782609
24 65 24	0.0833333333
18 15 59	0.1186440678
4 3 32	0.1304347826
4 46 53	0.0937500000
18 50 60	0.3571428571
3 11 47	0.0400000000
18 60 59	0.0975609756
18 4 52	0.1052631579
3 65 15	0.0476190476
24 48 7	0.1176470588
29 49 57	0.2222222222
18 59 4	0.0800000000
4 69 21	0.1904761905
52 14 6	0.0256410256
29 4 47	0.0833333333
52 70 18	0.1538461538
52 31 5	0.1282051282
52 14 68	0.1538461538
52 59 53	0.1935483871
3 61 3	0.0769230769
18 15 78	0.2258064516
29 67 23	0.1333333333
4 54 4	0.0909090909
24 1 68	0.1666666667
3 2 59	0.0895522388
30 52 68	0.1111111111
4 54 78	0.1333333333
24 47 13	0.0303030303
3 47 70	0.1363636364
24 1 52	0.0510638298
36 5 20	0.0620155039
36 48 51	0.2333333333
36 20 4	0.0625000000
3 50 23	0.2000000000
3 11 13	0.0212765957
4 14 14	0.0909090909
3 7 13	0.0454545455
29 57 1	0.2962962963
29 19 47	0.0689655172
4 54 59	0.0800000000
24 6 78	0.1081081081
3 46 56	0.1111111111
52 52 54	0.0645161290
29 50 9	0.1333333333
52 47 57	0.0740740741
4 7 11	0.3636363636
80 54 7	0.0909090909
18 66 15	0.0365853659
4 54 3	0.0933333333
24 47 23	0.0816326531
24 60 65	0.1666666667
52 23 61	0.1000000000
3 65 5	0.2352941176
3 42 10	0.1428571429
24 59 54	0.0714285714
4 10 3	0.1739130435
52 13 8	0.0344827586
29 57 60	0.2857142857
52 52 47	0.0471698113
4 66 19	0.0625000000
4 8 70	0.1666666667
52 60 57	0.0909090909
4 0 52	0.1176470588
24 13 32	0.1034482759
52 53 56	0.0366972477
52 3 32	0.1000000000
46 17 0	0.0645161290
18 24 65	0.1111111111
52 31 49	0.0600000000
52 54 88	0.1428571429
52 52 78	0.0740740741
4 14 53	0.2222222222
18 52 60	0.1250000000
4 59 59	0.2068965517
18 2 20	0.0405405405
29 19 13	0.0847457627
52 52 3	0.0233644860
29 8 6	0.0357142857
4 68 9	0.1538461538
24 3 52	0.0504587156
52 3 52	0.0261437908
4 7 3	0.0689655172
52 52 59	0.0595238095
18 7 8	0.0769230769
29 7 50	0.0180180180
3 78 78	0.0625000000
18 31 78	0.3000000000
52 13 14	0.1363636364
24 50 1	0.1568627451
52 32 13	0.0561797753
24 57 13	0.0422535211
3 69 21	0.0540540541
24 7 68	0.1739130435
18 60 13	0.0921052632
29 1 13	0.0769230769
24 47 70	0.1428571429
52 65 9	0.1538461538
24 6 66	0.0943396226
18 33 5	0.1764705882
18 55 36	0.2631578947
29 47 8	0.1395348837
30 19 32	0.3000000000
4 3 47	0.0847457627
24 59 3	0.0134228188
24 47 52	0.0357142857
30 52 47	0.1111111111
3 60 70	0.1111111111
4 78 10	0.0526315789
18 32 32	0.1153846154
29 15 56	0.2222222222
29 14 7	0.1111111111
52 2 78	0.1111111111
36 46 59	0.1333333333
3 32 59	0.0444444444
29 4 32	0.2857142857
18 57 57	0.1290322581
18 7 4	0.0370370370
2 80 24	0.0909090909
18 67 23	0.1142857143
18 4 66	0.1724137931
4 78 57	0.2631578947
4 0 10	0.0666666667
24 6 24	0.0769230769
3 13 65	0.1538461538
4 66 15	0.0506329114
24 48 54	0.0909090909
4 3 20	0.1666666667
29 1 1	0.2777777778
52 1 32	0.0930232558
18 78 47	0.0566037736
30 3 11	0.1111111111
29 24 14	0.0769230769
24 53 15	0.0253164557
29 32 52	0.1754385965
18 32 57	0.0416666667
18 56 3	0.0627615063
52 50 8	0.0740740741
30 19 53	0.2352941176
3 48 10	0.1428571429
24 7 10	0.2000000000
52 70 2	0.1304347826
18 13 68	0.1428571429
3 1 57	0.0769230769
18 46 52	0.0714285714
3 6 1	0.0900900901
18 13 60	0.2105263158
29 32 66	0.1034482759
18 14 57	0.1666666667
29 42 49	0.1666666667
52 68 3	0.0800000000
24 2 6	0.0555555556
29 47 78	0.1875000000
4 78 50	0.0606060606
52 60 11	0.1176470588
29 2 13	0.1212121212
52 78 57	0.0869565217
24 59 57	0.0833333333
4 7 13	0.0967741935
24 57 7	0.0952380952
4 0 88	0.1666666667
3 47 47	0.0357142857
4 0 47	0.0769230769
24 53 60	0.0833333333
3 78 52	0.0312500000
30 22 60	0.1000000000
24 69 1	0.0714285714
36 33 2	0.1111111111
29 11 3	0.1000000000
80 54 52	0.1558441558
29 49 48	0.1052631579
4 78 47	0.1250000000
3 64 9	0.2352941176
76 18 65	0.1111111111
29 20 70	0.2000000000
29 1 66	0.1702127660
29 4 52	0.2000000000
18 7 68	0.1250000000
18 22 53	0.3200000000
18 53 10	0.2000000000
18 32 61	0.2000000000
24 57 70	0.2352941176
24 59 10	0.1777777778
29 24 65	0.1176470588
18 68 19	0.1304347826
52 52 60	0.0555555556
18 53 52	0.0600000000
52 4 70	0.1111111111
29 47 7	0.0800000000
3 78 8	0.0303030303
29 50 13	0.1250000000
18 52 2	0.0312500000
30 2 3	0.1818181818
30 52 65	0.1428571429
29 6 78	0.3703703704
24 6 32	0.0800000000
3 65 51	0.1904761905
4 6 57	0.2666666667
24 59 8	0.0512820513
3 47 52	0.0517241379
52 8 4	0.0476190476
3 3 50	0.0396825397
18 6 24	0.0869565217
29 1 8	0.1250000000
18 6 61	0.1645569620
29 54 1	0.2500000000
18 78 61	0.2903225806
18 50 11	0.1428571429
18 52 48	0.1864406780
24 52 4	0.0769230769
29 8 10	0.1000000000
18 81 54	0.2222222222
29 49 6	0.1031746032
4 14 57	0.2500000000
29 14 14	0.1000000000
24 57 3	0.0111111111
36 33 3	0.0952380952
29 78 7	0.1538461538
18 11 8	0.0555555556
18 53 20	0.1226415094
29 4 53	0.1538461538
29 59 61	0.2000000000
36 85 61	0.0952380952
3 48 70	0.2142857143
18 10 48	0.2000000000
9 22 49	0.1111111111
24 65 51	0.1600000000
4 54 6	0.0379746835
30 9 72	0.1000000000
18 59 65	0.2424242424
4 78 68	0.1875000000
36 20 7	0.0500000000
36 4 59	0.1000000000
24 3 65	0.1111111111
24 59 70	0.2222222222
52 31 10	0.0833333333
52 49 65	0.1578947368
3 13 0	0.0937500000
18 24 3	0.0588235294
52 60 60	0.1111111111
4 47 50	0.0307692308
52 11 50	0.0151515152
4 8 57	0.2500000000
52 52 65	0.1500000000
24 50 9	0.1250000000
4 53 2	0.1428571429
3 53 70	0.1818181818
4 70 4	0.2857142857
3 78 70	0.1333333333
52 11 8	0.0487804878
29 68 9	0.1111111111
29 14 53	0.2631578947
4 53 57	0.1875000000
3 60 52	0.0526315789
29 3 68	0.0877192982
24 75 36	0.0909090909
3 60 66	0.0833333333
80 54 88	0.1666666667
52 53 4	0.0487804878
18 57 50	0.0400000000
18 56 6	0.0397727273
36 7 52	0.0384615385
4 1 68	0.1578947368
29 42 47	0.1000000000
3 14 1	0.0833333333
52 50 11	0.0952380952
18 60 11	0.1500000000
4 47 8	0.0606060606
18 59 54	0.1052631579
52 53 88	0.1428571429
29 59 11	0.3750000000
36 64 24	0.0816326531
29 42 57	0.1428571429
3 48 52	0.0517241379
18 15 47	0.0526315789
3 11 50	0.0185185185
3 78 61	0.3000000000
52 59 48	0.1111111111
4 52 2	0.0465116279
18 52 4	0.0408163265
4 70 3	0.3333333333
3 66 72	0.1000000000
29 14 52	0.0740740741
4 57 65	0.1818181818
4 60 6	0.0370370370
18 54 47	0.0689655172
29 42 6	0.1818181818
30 52 50	0.0526315789
18 53 32	0.1333333333
18 68 4	0.1818181818
4 75 18	0.2127659574
76 4 10	0.1428571429
24 54 10	0.1428571429
29 48 60	0.1666666667
29 55 3	0.1600000000
24 49 78	0.0833333333
29 14 59	0.0666666667
18 14 3	0.0307692308
18 1 65	0.2083333333
52 1 59	0.0545454545
36 7 6	0.0821917808
29 24 10	0.2307692308
29 19 32	0.2666666667
29 60 11	0.1818181818
29 52 68	0.1428571429
4 54 7	0.0500000000
29 70 36	0.2500000000
3 53 3	0.0472972973
3 52 2	0.0181818182
18 51 24	0.1666666667
18 4 1	0.0952380952
4 60 60	0.1111111111
30 3 52	0.0689655172
3 70 9	0.0869565217
3 68 9	0.1538461538
52 13 0	0.1111111111
30 22 53	0.1428571429
18 19 78	0.1428571429
29 49 60	0.0769230769
36 15 53	0.1000000000
30 4 78	0.1111111111
4 59 60	0.2000000000
52 8 57	0.1428571429
29 59 14	0.0952380952
29 10 0	0.2000000000
29 59 65	0.2272727273
18 69 21	0.1538461538
18 4 57	0.1111111111
29 57 53	0.2666666667
24 65 15	0.0384615385
18 60 60	0.2222222222
3 6 4	0.0106382979
52 3 10	0.1162790698
18 15 32	0.1600000000
24 48 13	0.0666666667
36 15 49	0.1428571429
29 65 4	0.1428571429
29 11 65	0.1764705882
4 54 14	0.1428571429
52 50 7	0.1000000000
52 47 3	0.0220588235
18 52 54	0.1538461538
29 1 11	0.2307692308
18 60 61	0.2500000000
24 52 0	0.0344827586
52 57 14	0.0869565217
24 11 65	0.1785714286
29 6 4	0.1538461538
18 19 59	0.0625000000
4 47 78	0.0714285714
18 7 47	0.0526315789
30 3 53	0.2916666667
24 7 1	0.0784313725
3 52 54	0.0851063830
4 49 4	0.1538461538
18 8 57	0.1666666667
29 60 13	0.0833333333
29 4 13	0.1666666667
18 48 13	0.1351351351
3 13 78	0.0800000000
3 53 56	0.0116279070
52 32 52	0.0847457627
18 75 24	0.0566037736
4 47 11	0.1764705882
52 47 60	0.0476190476
3 32 1	0.0555555556
3 78 14	0.0666666667
24 17 59	0.1186440678
24 46 3	0.0147058824
29 20 60	0.2000000000
52 32 66	0.0704225352
80 54 68	0.0555555556
29 53 24	0.3000000000
52 10 7	0.0689655172
36 20 60	0.0833333333
36 15 10	0.1200000000
24 60 49	0.1250000000
3 32 65	0.1000000000
52 59 66	0.0930232558
3 1 68	0.1578947368
76 4 70	0.1428571429
18 2 53	0.3043478261
18 75 4	0.1694915254
18 31 52	0.1282051282
52 1 88	0.1111111111
30 19 8	0.1111111111
29 2 3	0.0439560440
24 8 70	0.2000000000
4 53 78	0.1666666667
18 14 6	0.0869565217
29 57 70	0.1764705882
52 49 78	0.1500000000
18 19 32	0.3809523810
52 4 3	0.0208333333
30 52 49	0.2244897959
9 3 53	0.0869565217
36 3 2	0.0235294118
52 54 68	0.1428571429
24 8 13	0.0434782609
3 8 1	0.0714285714
29 60 70	0.1111111111
4 52 7	0.0370370370
3 8 35	0.1111111111
52 57 59	0.0909090909
18 24 78	0.0909090909
18 65 24	0.0909090909
24 13 1	0.0909090909
4 47 70	0.0476190476
3 78 57	0.0800000000
24 57 6	0.0294117647
29 46 56	0.3750000000
29 13 61	0.1153846154
24 50 36	0.1176470588
29 55 36	0.2631578947
52 0 10	0.0909090909
46 46 61	0.1000000000
3 6 68	0.1034482759
52 4 10	0.0588235294
3 32 10	0.0416666667
52 64 52	0.1739130435
52 49 56	0.0270270270
18 46 56	0.3000000000
30 52 14	0.1111111111
3 60 61	0.3333333333
24 10 7	0.0731707317
29 19 68	0.1538461538
30 4 14	0.1250000000
29 66 56	0.0571428571
80 4 47	0.0952380952
3 50 6	0.0188679245
4 2 1	0.2105263158
29 48 7	0.0370370370
30 3 65	0.1000000000
3 65 7	0.1176470588
3 66 7	0.0172413793
18 2 66	0.0857142857
4 6 4	0.1294117647
4 3 78	0.2222222222
52 13 54	0.0666666667
29 59 60	0.3076923077
3 13 70	0.0833333333
24 52 57	0.1250000000
4 70 51	0.2941176471
29 60 4	0.1000000000
4 10 33	0.1428571429
52 14 70	0.1000000000
76 18 10	0.2000000000
24 42 49	0.1111111111
52 75 36	0.1304347826
3 50 66	0.1111111111
80 4 49	0.1384615385
4 49 50	0.0227272727
3 78 7	0.0555555556
52 8 14	0.0714285714
52 13 78	0.1290322581
29 59 4	0.0769230769
24 57 32	0.1578947368
24 1 54	0.0400000000
80 4 59	0.0666666667
29 50 60	0.1666666667
18 19 60	0.1666666667
29 24 3	0.0256410256
4 1 88	0.3750000000
4 2 57	0.1818181818
3 7 32	0.2222222222
4 60 54	0.0769230769
36 20 54	0.0888888889
3 57 8	0.0425531915
52 47 0	0.0869565217
52 64 3	0.1034482759
76 18 48	0.0909090909
52 3 66	0.0833333333
80 4 6	0.0389610390
29 59 70	0.0833333333
18 56 4	0.0714285714
29 42 8	0.1250000000
30 22 47	0.1428571429
24 49 13	0.0175438596
52 0 66	0.1000000000
3 1 10	0.0833333333
18 2 10	0.0277777778
52 59 65	0.1666666667
4 54 52	0.1129032258
29 1 78	0.2000000000
18 8 14	0.1250000000
4 46 3	0.0638297872
4 60 47	0.0370370370
29 50 36	0.2222222222
4 8 6	0.0476190476
4 70 20	0.1000000000
30 7 57	0.1250000000
18 11 50	0.0212765957
29 59 68	0.0625000000
4 7 8	0.0740740741
3 50 3	0.0506329114
29 50 57	0.1666666667
29 54 65	0.1875000000
18 1 48	0.1000000000
24 52 48	0.1020408163
18 56 54	0.0666666667
18 5 15	0.0295566502
4 0 54	0.0909090909
36 15 6	0.1428571429
18 47 57	0.2037037037
52 1 78	0.1020408163
29 53 65	0.1000000000
30 7 59	0.1111111111
24 0 11	0.1250000000
4 7 47	0.1578947368
18 68 20	0.0476190476
18 50 6	0.0365853659
24 50 49	0.0731707317
4 6 68	0.1200000000
29 50 53	0.2000000000
52 32 6	0.0491803279
4 6 50	0.0297029703
3 1 14	0.0588235294
29 42 32	0.2500000000
76 4 66	0.1071428571
3 13 50	0.0449438202
52 53 70	0.2727272727
4 54 70	0.1428571429
3 6 54	0.0740740741
18 6 19	0.1111111111
29 24 57	0.1818181818
18 8 47	0.0370370370
3 11 65	0.1666666667
24 60 70	0.0714285714
18 65 2	0.1304347826
4 65 9	0.1111111111
4 54 10	0.1363636364
52 21 61	0.1052631579
18 55 4	0.1818181818
29 60 8	0.0769230769
3 47 50	0.0364963504
3 46 68	0.0909090909
4 10 61	0.1818181818
18 68 2	0.0500000000
52 32 32	0.1428571429
29 13 50	0.0384615385
4 42 47	0.1000000000
18 56 78	0.1333333333
29 60 6	0.0370370370
36 5 56	0.0421052632
18 31 3	0.0714285714
52 49 11	0.1515151515
29 24 32	0.1111111111
4 7 65	0.1428571429
52 3 3	0.0114285714
24 0 13	0.1081081081
4 60 4	0.0666666667
18 19 10	0.0967741935
3 10 10	0.0588235294
18 78 10	0.0857142857
29 56 65	0.1250000000
52 1 61	0.1500000000
18 32 70	0.0416666667
3 77 1	0.1304347826
4 54 57	0.1500000000
4 57 8	0.0769230769
52 78 1	0.0571428571
4 47 10	0.0555555556
52 54 70	0.1578947368
4 46 56	0.2500000000
24 8 52	0.0212765957
29 42 13	0.0769230769
4 78 88	0.2500000000
18 50 32	0.1538461538
4 53 8	0.0882352941
18 4 32	0.1428571429
52 53 57	0.1500000000
3 69 4	0.0344827586
4 2 66	0.1142857143
30 7 49	0.1666666667
24 53 32	0.1250000000
52 78 7	0.1250000000
3 47 7	0.0487804878
52 50 1	0.0652173913
29 1 3	0.0909090909
24 57 60	0.1666666667
3 3 20	0.0952380952
4 8 7	0.1052631579
24 32 66	0.0526315789
18 3 4	0.0729166667
18 51 15	0.0689655172
4 32 57	0.0666666667
24 6 65	0.1764705882
24 2 65	0.1428571429
18 15 56	0.2500000000
24 46 6	0.0434782609
80 54 4	0.0555555556
29 59 54	0.0833333333
4 11 1	0.2173913043
24 49 7	0.0724637681
52 54 52	0.0833333333
52 60 49	0.1090909091
18 13 10	0.0735294118
52 8 6	0.0275229358
52 70 9	0.0416666667
24 54 65	0.1428571429
29 19 10	0.0952380952
52 52 50	0.0353982301
52 50 3	0.0689655172
18 14 53	0.2272727273
24 4 6	0.0151515152
29 15 52	0.0602409639
3 11 60	0.0833333333
4 2 78	0.2222222222
18 78 59	0.0833333333
18 14 48	0.0909090909
30 80 54	0.0625000000
30 52 11	0.2727272727
4 70 2	0.0869565217
52 21 49	0.0930232558
24 0 54	0.0833333333
4 1 1	0.2105263158
3 48 6	0.0344827586
18 60 1	0.1052631579
24 0 1	0.1250000000
4 52 70	0.0952380952
4 78 13	0.1250000000
4 53 47	0.0540540541
29 24 11	0.2000000000
18 2 65	0.2222222222
4 57 4	0.0714285714
24 0 10	0.1428571429
29 1 14	0.1250000000
18 49 54	0.0357142857
29 55 4	0.1818181818
30 4 68	0.1250000000
3 50 52	0.0476190476
3 10 15	0.0256410256
3 4 65	0.1818181818
52 14 53	0.2500000000
3 57 88	0.1666666667
24 0 8	0.0833333333
29 60 78	0.1111111111
3 32 47	0.0400000000
4 57 78	0.1304347826
3 65 20	0.0454545455
52 32 50	0.0188679245
18 24 10	0.2142857143
4 10 20	0.0400000000
4 68 20	0.0500000000
24 10 20	0.0454545455
3 14 10	0.1052631579
4 47 3	0.0776699029
80 54 14	0.1666666667
29 19 8	0.0967741935
4 67 1	0.2727272727
3 6 32	0.1081081081
18 32 47	0.0609756098
3 14 3	0.0240963855
24 8 53	0.2368421053
24 57 65	0.1250000000
4 6 2	0.0240963855
3 11 11	0.0769230769
18 20 60	0.1132075472
29 3 14	0.0754716981
29 8 56	0.1666666667
4 14 6	0.0930232558
52 11 70	0.0833333333
24 78 47	0.0227272727
3 64 4	0.0888888889
29 4 3	0.2083333333
3 2 53	0.3333333333
18 24 47	0.0800000000
18 78 66	0.0571428571
18 27 59	0.2222222222
24 46 66	0.0574712644
52 66 15	0.0312500000
18 14 78	0.0909090909
3 11 1	0.0714285714
36 56 47	0.0597014925
29 49 22	0.0909090909
18 47 32	0.2812500000
52 60 7	0.0666666667
3 81 54	0.1428571429
18 56 59	0.0864197531
4 0 20	0.1111111111
24 68 3	0.0555555556
4 54 54	0.1111111111
24 3 20	0.1111111111
18 59 7	0.1081081081
29 53 52	0.0666666667
52 3 88	0.1428571429
52 60 78	0.0769230769
24 50 78	0.0769230769
24 13 8	0.0333333333
80 4 13	0.0363636364
18 22 13	0.0476190476
4 53 56	0.0361445783
29 14 32	0.2222222222
24 7 65	0.2000000000
24 0 7	0.0666666667
3 57 6	0.0240000000
29 54 6	0.0869565217
30 4 0	0.1250000000
18 8 4	0.0833333333
18 20 50	0.0263157895
3 70 4	0.1818181818
3 77 50	0.0666666667
29 78 68	0.1428571429
52 53 8	0.0612244898
80 56 3	0.0833333333
24 11 32	0.1052631579
4 8 59	0.0588235294
4 70 36	0.3157894737
18 56 50	0.0312500000
24 49 65	0.2000000000
4 32 66	0.0754716981
3 54 68	0.1000000000
52 66 24	0.1428571429
4 49 70	0.0526315789
24 13 60	0.0769230769
18 50 7	0.1578947368
24 46 56	0.1000000000
29 15 32	0.0833333333
24 78 8	0.0322580645
24 48 32	0.2000000000
29 53 2	0.0645161290
52 59 70	0.0833333333
18 47 78	0.1142857143
29 56 11	0.0625000000
4 47 60	0.1052631579
80 4 1	0.1764705882
52 59 52	0.0273972603
24 46 1	0.0444444444
30 80 4	0.1250000000
18 52 31	0.0909090909
4 52 10	0.0227272727
36 3 7	0.0465116279
18 53 78	0.0909090909
24 53 47	0.0454545455
24 53 50	0.0238095238
29 57 47	0.1071428571
36 7 13	0.0500000000
24 53 10	0.0769230769
52 49 10	0.0833333333
46 10 2	0.1000000000
18 21 10	0.2222222222
29 51 24	0.1000000000
29 14 70	0.1250000000
24 0 78	0.0909090909
29 59 10	0.0208333333
30 3 47	0.0384615385
3 53 19	0.0277777778
4 54 11	0.2500000000
18 1 8	0.0789473684
29 32 65	0.1250000000
18 14 66	0.1875000000
52 14 49	0.0909090909
76 18 70	0.1428571429
80 4 10	0.0909090909
52 1 6	0.0305343511
52 2 11	0.1111111111
29 53 70	0.1428571429
29 50 11	0.1250000000
4 11 88	0.1428571429
18 31 60	0.1250000000
4 13 10	0.0277777778
29 1 61	0.0625000000
3 47 13	0.0510948905
4 6 0	0.1304347826
83 28 54	0.1428571429
52 68 19	0.1034482759
18 70 5	0.0769230769
4 4 59	0.1000000000
4 52 88	0.1428571429
29 32 6	0.1818181818
4 54 65	0.2173913043
24 1 14	0.0689655172
4 14 10	0.0909090909
4 2 3	0.1333333333
4 32 8	0.0434782609
24 57 14	0.0588235294
52 47 47	0.0566037736
4 52 0	0.1428571429
3 13 48	0.0657894737
36 7 57	0.0714285714
29 49 50	0.0704225352
52 8 11	0.0555555556
24 13 47	0.0243902439
3 47 32	0.1851851852
4 57 54	0.0909090909
18 1 7	0.0500000000
3 42 49	0.1111111111
9 7 61	0.2500000000
52 7 10	0.1428571429
24 6 13	0.0390243902
24 1 2	0.0161290323
18 2 1	0.1052631579
36 56 1	0.1627906977
3 52 4	0.0377358491
36 15 78	0.1818181818
24 50 13	0.0270270270
52 42 65	0.1250000000
52 31 61	0.1500000000
24 50 53	0.0909090909
29 78 57	0.3333333333
80 54 11	0.2916666667
52 46 53	0.0476190476
18 17 10	0.0714285714
52 13 70	0.1176470588
3 7 10	0.1111111111
3 4 70	0.0909090909
18 79 61	0.1000000000
30 52 3	0.0312500000
3 50 47	0.0384615385
4 13 7	0.0769230769
29 53 56	0.0769230769
30 19 13	0.0952380952
18 31 6	0.1034482759
4 4 32	0.3000000000
18 53 13	0.0714285714
18 54 1	0.1515151515
18 1 68	0.0588235294
29 19 6	0.0634920635
52 1 14	0.0740740741
18 78 52	0.0697674419
29 6 50	0.0746268657
18 70 51	0.2222222222
24 3 11	0.0769230769
4 17 20	0.2222222222
24 78 65	0.1428571429
4 3 68	0.0833333333
4 52 68	0.1304347826
4 6 70	0.1176470588
29 24 52	0.1034482759
24 7 8	0.0357142857
24 1 60	0.1111111111
18 53 70	0.1764705882
29 70 7	0.2307692308
29 59 7	0.0909090909
24 66 72	0.1500000000
3 57 14	0.0476190476
30 7 32	0.1666666667
3 7 68	0.1428571429
52 10 5	0.1666666667
18 3 0	0.0454545455
52 14 1	0.0833333333
3 47 54	0.0416666667
29 48 32	0.1666666667
29 53 4	0.0714285714
29 47 4	0.1071428571
52 32 47	0.0645161290
24 57 88	0.1428571429
18 56 14	0.0869565217
24 7 7	0.0500000000
24 52 50	0.0147058824
4 13 65	0.0909090909
18 14 2	0.0833333333
4 0 7	0.1538461538
52 60 8	0.0454545455
24 11 60	0.0833333333
80 56 59	0.1000000000
4 4 31	0.0833333333
24 0 70	0.1333333333
3 50 70	0.1666666667
4 66 22	0.1875000000
24 13 6	0.0283687943
18 60 57	0.1428571429
46 3 61	0.1875000000
4 59 32	0.4000000000
3 8 3	0.0196078431
30 4 6	0.1000000000
18 32 10	0.0444444444
4 10 10	0.1111111111
4 60 57	0.0909090909
18 54 68	0.1538461538
3 13 2	0.0194174757
4 53 65	0.1578947368
46 17 10	0.0588235294
29 56 68	0.1000000000
24 6 70	0.0869565217
4 53 4	0.0384615385
52 78 8	0.0645161290
18 8 70	0.1111111111
18 66 56	0.0315789474
3 3 60	0.2105263158
29 13 60	0.1000000000
52 32 57	0.0526315789
4 11 60	0.3000000000
52 8 52	0.0156250000
52 47 65	0.1818181818
29 50 19	0.1428571429
24 53 52	0.0800000000
18 59 2	0.0333333333
24 60 1	0.0454545455
4 14 0	0.1176470588
52 57 47	0.0566037736
4 64 4	0.0625000000
29 19 7	0.0588235294
3 2 47	0.0500000000
29 70 20	0.1250000000
4 70 15	0.0625000000
29 55 19	0.1111111111
36 46 49	0.2000000000
36 3 88	0.1250000000
30 3 1	0.1538461538
24 6 9	0.2000000000
18 65 22	0.1333333333
3 60 32	0.0833333333
29 56 8	0.0416666667
18 10 2	0.0833333333
29 8 13	0.1250000000
29 82 24	0.1034482759
3 1 2	0.0322580645
18 50 14	0.1764705882
18 6 22	0.0769230769
4 0 14	0.1111111111
24 0 50	0.0588235294
29 49 29	0.3000000000
24 11 13	0.0215053763
3 57 60	0.2222222222
24 66 15	0.0147058824
18 8 53	0.2903225806
52 52 48	0.0645161290
36 20 14	0.0454545455
4 6 7	0.0810810811
4 49 68	0.0833333333
4 13 32	0.1250000000
29 11 50	0.0645161290
52 3 2	0.0142857143
18 49 68	0.0476190476
4 6 14	0.0857142857
52 4 8	0.0384615385
18 1 50	0.0303030303
18 4 47	0.1111111111
29 52 31	0.1000000000
3 3 4	0.0425531915
4 53 50	0.0434782609
29 49 14	0.1111111111
18 7 88	0.2500000000
3 59 48	0.0600000000
4 49 54	0.1000000000
52 31 48	0.1428571429
3 50 9	0.1111111111
30 3 68	0.1250000000
4 0 4	0.0909090909
24 46 52	0.0425531915
4 32 59	0.0869565217
3 32 13	0.0272727273
29 14 2	0.0666666667
52 50 13	0.0909090909
3 3 0	0.0800000000
24 14 6	0.0111111111
4 53 32	0.1666666667
52 2 1	0.0800000000
24 4 31	0.0833333333
3 13 4	0.0384615385
3 10 3	0.0819672131
29 46 3	0.0416666667
4 47 21	0.0952380952
4 65 51	0.2352941176
29 54 4	0.1111111111
29 46 1	0.2142857143
18 5 24	0.1764705882
36 56 2	0.0212765957
29 13 65	0.1250000000
18 6 88	0.1666666667
30 4 66	0.1600000000
24 14 70	0.0769230769
24 7 70	0.1250000000
29 53 10	0.1111111111
36 4 49	0.3000000000
29 53 57	0.2500000000
3 50 21	0.1538461538
52 65 7	0.1142857143
4 2 53	0.2000000000
30 22 32	0.2500000000
3 6 14	0.0416666667
52 11 78	0.0952380952
29 50 14	0.1250000000
29 49 36	0.3461538462
52 23 70	0.0769230769
24 7 32	0.1333333333
18 11 11	0.1428571429
80 54 78	0.2222222222
52 70 3	0.0333333333
18 46 3	0.0357142857
29 59 88	0.1666666667
52 32 14	0.1333333333
4 32 52	0.0888888889
52 52 7	0.0333333333
80 51 4	0.1250000000
52 52 11	0.0714285714
29 78 11	0.2857142857
18 60 78	0.1875000000
4 53 54	0.1333333333
4 4 53	0.1200000000
9 3 10	0.1333333333
18 54 70	0.1176470588
24 14 68	0.1111111111
9 64 36	0.1666666667
3 48 32	0.2142857143
18 22 6	0.1111111111
3 1 7	0.0588235294
18 53 47	0.0476190476
3 7 6	0.0675675676
52 47 11	0.0434782609
52 3 7	0.1000000000
4 8 52	0.0576923077
52 10 3	0.0800000000
24 53 6	0.0506329114
29 77 50	0.1000000000
29 49 19	0.0454545455
3 65 24	0.0909090909
18 57 47	0.0526315789
52 60 59	0.0476190476
18 32 50	0.0156250000
29 13 20	0.2222222222
3 50 78	0.1000000000
29 48 13	0.1538461538
24 8 7	0.0526315789
29 57 10	0.0526315789
18 59 68	0.0800000000
29 48 57	0.1666666667
52 32 65	0.1538461538
76 4 65	0.1111111111
52 13 50	0.0181818182
18 14 68	0.1428571429
29 66 19	0.0833333333
4 54 1	0.1621621622
29 57 32	0.4000000000
4 11 14	0.2000000000
3 53 9	0.1111111111
18 50 24	0.0666666667
18 11 78	0.1250000000
30 46 10	0.1052631579
3 1 70	0.0555555556
52 46 52	0.0500000000
3 32 14	0.0714285714
24 78 52	0.0172413793
4 60 78	0.0769230769
29 53 60	0.1666666667
4 49 88	0.1666666667
18 60 70	0.1538461538
3 14 47	0.0277777778
4 47 32	0.2857142857
3 78 4	0.0666666667
3 52 60	0.0983606557
29 42 7	0.1666666667
29 11 32	0.4285714286
29 14 6	0.0540540541
18 8 52	0.0217391304
4 6 24	0.0952380952
18 4 70	0.2222222222
4 3 60	0.0909090909
18 24 60	0.1428571429
29 52 54	0.0833333333
4 60 11	0.1176470588
2 4 49	0.1176470588
4 8 78	0.1000000000
52 4 52	0.0416666667
18 21 70	0.1428571429
52 23 65	0.1666666667
29 8 7	0.1000000000
4 2 50	0.0952380952
29 54 68	0.1000000000
29 4 70	0.0909090909
3 59 14	0.0909090909
36 3 54	0.0294117647
4 2 8	0.1176470588
3 8 47	0.0270270270
80 4 57	0.0769230769
29 24 47	0.0476190476
52 8 1	0.0714285714
18 2 11	0.0909090909
4 59 8	0.1428571429
4 11 54	0.0625000000
18 78 3	0.0446428571
29 13 1	0.2142857143
4 7 32	0.3333333333
24 32 1	0.0625000000
52 3 78	0.0416666667
3 48 14	0.0588235294
24 78 13	0.0322580645
4 7 60	0.0625000000
52 4 47	0.0500000000
29 59 47	0.0735294118
9 64 9	0.1250000000
24 8 14	0.0625000000
30 2 4	0.0769230769
52 11 52	0.0470588235
18 15 48	0.1200000000
29 42 66	0.0666666667
29 47 88	0.1666666667
4 42 68	0.1428571429
29 6 54	0.1111111111
29 11 54	0.0909090909
3 78 47	0.0156250000
4 1 54	0.1250000000
24 10 48	0.1428571429
24 1 11	0.1111111111
3 1 8	0.0285714286
29 22 7	0.1111111111
52 14 10	0.1111111111
3 78 54	0.0714285714
4 42 1	0.1250000000
4 32 50	0.0270270270
29 54 47	0.0869565217
29 32 11	0.2000000000
52 64 4	0.1111111111
24 57 68	0.1000000000
4 57 14	0.1666666667
80 9 19	0.0833333333
52 10 48	0.1428571429
24 3 70	0.1250000000
29 48 49	0.1304347826
4 14 70	0.0833333333
29 70 29	0.2000000000
3 2 10	0.0322580645
52 10 20	0.0312500000
30 3 60	0.1428571429
24 50 11	0.0909090909
24 69 21	0.0689655172
24 4 65	0.1666666667
36 7 10	0.1333333333
9 51 48	0.2666666667
18 48 47	0.0434782609
80 56 49	0.1538461538
52 70 7	0.0400000000
18 21 66	0.0800000000
24 59 47	0.0298507463
3 53 24	0.0625000000
30 22 3	0.0588235294
29 46 68	0.1250000000
29 11 68	0.0769230769
3 8 13	0.0666666667
3 54 10	0.2000000000
29 8 60	0.1250000000
3 48 3	0.0131578947
52 50 24	0.0526315789
52 8 3	0.0196078431
18 54 11	0.2000000000
18 7 14	0.0512820513
29 32 32	0.1666666667
3 7 52	0.0222222222
29 47 10	0.0416666667
18 54 50	0.0487804878
30 3 3	0.0425531915
30 7 52	0.1666666667
18 10 54	0.0588235294
3 11 52	0.0370370370
4 1 14	0.1052631579
4 46 6	0.1063829787
24 59 59	0.0545454545
36 7 1	0.0606060606
18 2 57	0.0769230769
29 15 47	0.0212765957
36 79 0	0.1200000000
4 8 8	0.0800000000
18 53 60	0.2500000000
29 20 78	0.1250000000
29 48 11	0.1666666667
18 49 70	0.0500000000
18 4 31	0.0833333333
29 11 10	0.0500000000
29 52 70	0.0555555556
24 48 57	0.2000000000
9 24 53	0.1250000000
52 75 4	0.0588235294
18 60 47	0.0232558140
52 49 50	0.0144927536
24 1 50	0.0133333333
52 50 60	0.2307692308
36 7 3	0.0169491525
18 55 24	0.0769230769
52 11 88	0.1428571429
52 47 14	0.0666666667
3 57 13	0.0280373832
52 50 47	0.0256410256
18 14 59	0.0869565217
36 7 54	0.0588235294
4 54 32	0.1538461538
3 75 36	0.1304347826
52 49 32	0.1153846154
29 13 11	0.2500000000
29 5 24	0.0833333333
3 50 11	0.0625000000
29 52 7	0.0952380952
24 53 0	0.0588235294
29 47 70	0.1153846154
4 10 48	0.1666666667
52 4 31	0.0666666667
52 57 32	0.2307692308
18 24 57	0.1538461538
36 5 24	0.1111111111
29 1 70	0.1000000000
29 10 33	0.1428571429
29 24 7	0.0666666667
4 42 7	0.1666666667
4 65 24	0.2222222222
3 1 60	0.0714285714
30 4 11	0.1250000000
18 32 14	0.1000000000
52 68 20	0.0434782609
18 50 47	0.0512820513
18 10 15	0.0142857143
3 7 47	0.0555555556
24 50 66	0.0434782609
18 22 88	0.1428571429
29 10 3	0.1250000000
18 78 57	0.2142857143
29 42 68	0.1428571429
29 52 60	0.0952380952
18 47 7	0.0645161290
52 49 54	0.0666666667
52 46 56	0.1250000000
36 56 50	0.0588235294
4 53 70	0.1666666667
24 50 59	0.0666666667
4 60 3	0.0350877193
24 3 1	0.0666666667
3 57 61	0.2857142857
29 32 57	0.1000000000
24 7 47	0.0322580645
4 64 52	0.0714285714
18 48 60	0.2500000000
4 47 65	0.1764705882
4 13 50	0.0263157895
4 13 0	0.1111111111
9 20 68	0.0666666667
24 0 4	0.0769230769
29 60 49	0.1333333333
9 2 5	0.2222222222
24 78 1	0.0487804878
52 60 3	0.0370370370
4 0 32	0.3333333333
29 68 4	0.1428571429
52 60 70	0.1428571429
52 67 23	0.0800000000
29 68 19	0.2142857143
4 14 54	0.1500000000
4 42 8	0.1250000000
29 47 59	0.1153846154
18 48 11	0.2857142857
18 31 11	0.1428571429
24 68 2	0.0526315789
52 60 1	0.0869565217
18 4 11	0.2222222222
52 3 47	0.0117647059
36 15 3	0.0526315789
4 52 14	0.0833333333
4 57 32	0.2000000000
52 32 11	0.1428571429
24 3 60	0.1000000000
36 75 52	0.1071428571
24 8 56	0.0909090909
29 46 52	0.0588235294
29 11 70	0.1428571429
52 10 33	0.1111111111
24 7 0	0.0625000000
3 48 54	0.0666666667
4 10 5	0.2631578947
36 75 4	0.0833333333
30 19 68	0.1000000000
3 53 48	0.1666666667
4 54 60	0.1666666667
3 1 3	0.0274725275
24 0 32	0.1250000000
4 0 50	0.0416666667
4 1 50	0.0175438596
18 24 14	0.1333333333
29 54 88	0.1666666667
9 5 48	0.1666666667
18 11 68	0.1250000000
29 10 54	0.1111111111
24 32 65	0.1111111111
29 54 54	0.1250000000
4 32 13	0.0701754386
3 48 68	0.0714285714
4 70 5	0.1764705882
4 14 8	0.0476190476
3 13 20	0.0476190476
52 47 7	0.0476190476
30 52 13	0.1200000000
4 57 59	0.0967741935
4 60 10	0.1818181818
52 60 52	0.0625000000
29 52 8	0.1176470588
29 8 4	0.1250000000
24 46 68	0.1111111111
3 57 70	0.1538461538
29 46 66	0.1923076923
18 8 1	0.1111111111
18 2 47	0.0612244898
30 3 10	0.0769230769
3 8 60	0.1250000000
52 53 1	0.0833333333
52 66 49	0.0857142857
3 32 48	0.0909090909
30 19 88	0.1666666667
52 7 3	0.0294117647
36 3 4	0.0277777778
18 4 59	0.1000000000
30 3 54	0.1250000000
18 11 2	0.0555555556
3 57 68	0.0555555556
18 60 3	0.0459770115
24 60 10	0.0833333333
4 32 53	0.2000000000
9 19 68	0.1111111111
30 52 7	0.1818181818
29 8 66	0.1923076923
3 66 49	0.0312500000
52 49 60	0.1428571429
30 52 4	0.1111111111
24 32 3	0.0487804878
52 32 8	0.0344827586
3 53 15	0.0071428571
18 60 7	0.0769230769
29 78 50	0.0666666667
29 53 47	0.0625000000
29 55 22	0.0769230769
24 47 11	0.1176470588
52 53 13	0.0519480519
80 54 10	0.0869565217
3 42 65	0.1250000000
24 32 52	0.0312500000
29 24 13	0.0689655172
52 13 48	0.0512820513
30 22 0	0.0909090909
18 20 4	0.0535714286
18 13 4	0.0833333333
29 53 14	0.1250000000
18 6 14	0.0508474576
52 68 4	0.1333333333
29 66 24	0.1666666667
30 22 52	0.0937500000
36 51 7	0.0196078431
24 65 20	0.0454545455
29 66 15	0.0312500000
3 32 6	0.0416666667
3 57 59	0.0227272727
24 57 4	0.0454545455
29 1 68	0.0833333333
3 65 9	0.1111111111
18 56 2	0.0166666667
83 0 19	0.1428571429
18 2 61	0.0540540541
4 4 60	0.1428571429
29 56 56	0.1428571429
29 32 14	0.1000000000
3 14 61	0.1111111111
52 11 32	0.1904761905
29 24 50	0.0370370370
24 50 47	0.0769230769
29 6 10	0.0204081633
18 11 14	0.0714285714
4 53 60	0.0909090909
3 57 4	0.0555555556
29 53 68	0.1250000000
24 52 2	0.0125000000
18 4 13	0.0434782609
29 1 50	0.0370370370
52 8 7	0.0416666667
52 52 31	0.0952380952
29 4 78	0.1250000000
29 56 57	0.0769230769
18 31 32	0.1666666667
29 50 54	0.1000000000
52 47 78	0.0526315789
4 8 24	0.1818181818
29 61 24	0.1666666667
46 43 61	0.1000000000
24 57 8	0.0571428571
3 57 47	0.0363636364
18 78 2	0.0500000000
29 24 54	0.0909090909
29 32 50	0.0476190476
76 18 51	0.0285714286
18 22 8	0.0769230769
4 49 60	0.2142857143
18 24 8	0.0769230769
29 70 5	0.0909090909
29 53 54	0.1250000000
4 47 59	0.0500000000
9 22 65	0.1250000000
3 48 61	0.1111111111
4 59 70	0.1428571429
29 11 14	0.0833333333
24 57 54	0.0476190476
3 48 4	0.0625000000
4 8 10	0.0714285714
52 65 51	0.1904761905
52 7 70	0.0909090909
18 48 57	0.2857142857
24 48 3	0.0169491525
52 42 68	0.1428571429
18 54 13	0.0847457627
18 24 13	0.0666666667
29 22 1	0.1428571429
18 70 2	0.0769230769
24 10 3	0.0588235294
30 52 88	0.1666666667
24 48 68	0.1538461538
46 17 61	0.1333333333
4 13 70	0.0666666667
30 3 8	0.1538461538
30 19 3	0.0434782609
3 53 20	0.0476190476
18 54 88	0.1428571429
29 6 2	0.0227272727
4 0 11	0.1538461538
24 59 11	0.0416666667
29 69 4	0.1578947368
24 3 2	0.0128205128
18 60 32	0.1428571429
29 14 47	0.0500000000
30 46 56	0.1666666667
52 65 4	0.1111111111
18 14 13	0.0851063830
18 55 19	0.1111111111
4 11 70	0.0869565217
18 31 2	0.0833333333
24 8 6	0.0116279070
29 70 15	0.1000000000
18 88 49	0.1176470588
9 75 9	0.1250000000
52 11 60	0.0833333333
80 54 54	0.0769230769
29 47 14	0.1111111111
29 8 57	0.1666666667
18 61 24	0.2500000000
36 7 78	0.1250000000
4 7 57	0.2500000000
18 24 4	0.0769230769
18 17 61	0.1000000000
29 3 54	0.0731707317
29 70 4	0.1666666667
24 13 7	0.0833333333
3 13 14	0.0909090909
4 57 50	0.0317460317
3 11 6	0.0168067227
24 47 32	0.1764705882
4 53 59	0.0833333333
29 48 52	0.0625000000
24 53 11	0.2500000000
80 9 72	0.1000000000
29 14 10	0.0833333333
36 15 47	0.0384615385
18 70 7	0.0909090909
18 8 10	0.0588235294
52 60 47	0.0384615385
3 48 47	0.0487804878
29 13 14	0.0833333333
4 49 14	0.0952380952
18 57 14	0.0869565217
29 50 1	0.1875000000
18 57 32	0.2222222222
24 68 19	0.0952380952
30 52 10	0.0909090909
24 59 7	0.0952380952
18 60 54	0.0769230769
24 7 3	0.0119047619
18 11 88	0.1428571429
4 13 14	0.1176470588
18 57 8	0.0612244898
3 7 3	0.0217391304
52 52 70	0.0500000000
18 78 7	0.2500000000
29 11 88	0.1666666667
18 8 32	0.1000000000
29 32 1	0.2142857143
29 56 4	0.0833333333
30 7 6	0.0769230769
3 13 54	0.0526315789
30 7 50	0.0769230769
18 66 49	0.1000000000
3 32 11	0.0625000000
3 50 59	0.0588235294
29 50 22	0.1111111111
4 7 70	0.1333333333
18 65 20	0.1052631579
18 56 7	0.0400000000
24 6 57	0.0500000000
3 14 48	0.0909090909
24 0 6	0.0212765957
29 60 53	0.2307692308
29 60 1	0.1666666667
24 57 47	0.0408163265
24 48 4	0.0769230769
18 4 6	0.0327868852
24 42 10	0.1428571429
4 52 31	0.0769230769
24 7 52	0.0149253731
3 46 52	0.0800000000
24 6 14	0.0400000000
18 54 78	0.0909090909
29 54 10	0.0666666667
3 78 6	0.0186915888
30 80 56	0.1666666667
3 46 53	0.0714285714
52 8 47	0.0243902439
4 54 68	0.0769230769
3 32 32	0.0625000000
24 78 54	0.0500000000
9 3 65	0.1111111111
24 50 21	0.0952380952
24 32 11	0.0769230769
18 47 88	0.1428571429
24 8 32	0.0833333333
52 13 20	0.0434782609
29 24 4	0.0909090909
29 54 78	0.1250000000
36 7 32	0.0769230769
29 53 32	0.2222222222
52 47 59	0.0333333333
24 8 11	0.0476190476
3 47 78	0.0434782609
29 11 4	0.0909090909
29 13 0	0.0476190476
18 46 1	0.0588235294
4 11 4	0.0555555556
29 57 54	0.1111111111
3 6 57	0.0612244898
18 21 65	0.1000000000
29 8 11	0.1250000000
24 49 4	0.0425531915
3 14 32	0.0833333333
18 1 88	0.1666666667
52 50 32	0.0769230769
24 8 60	0.1428571429
36 56 78	0.2173913043
36 15 32	0.0909090909
18 14 1	0.2000000000
3 48 60	0.1000000000
29 19 78	0.0909090909
24 32 59	0.0526315789
52 53 47	0.0344827586
18 48 56	0.0204081633
4 57 7	0.0476190476
3 53 68	0.1000000000
29 14 1	0.1428571429
29 53 88	0.1666666667
4 78 70	0.0833333333
24 32 6	0.0303030303
4 67 51	0.0833333333
3 57 3	0.0168067227
52 13 60	0.0769230769
18 11 7	0.0555555556
52 2 57	0.0909090909
18 24 32	0.1111111111
29 19 50	0.0487804878
24 48 60	0.1428571429
3 42 68	0.1428571429
24 53 4	0.1111111111
30 3 4	0.1111111111
18 22 47	0.0526315789
52 7 65	0.1111111111
29 56 3	0.0129870130
52 47 88	0.1428571429
29 15 59	0.0697674419
80 51 24	0.1250000000
29 22 6	0.1111111111
18 14 0	0.1250000000
18 14 32	0.2000000000
4 60 59	0.0476190476
29 42 1	0.1250000000
4 53 24	0.2857142857
18 8 7	0.0625000000
29 52 14	0.0500000000
18 4 8	0.0769230769
29 1 65	0.1428571429
9 3 70	0.1428571429
30 9 2	0.0833333333
52 53 59	0.0263157895
18 53 48	0.1000000000
3 77 23	0.0666666667
24 14 0	0.0434782609
18 24 54	0.0833333333
4 54 50	0.0400000000
29 10 10	0.1000000000
76 18 61	0.1666666667
29 1 7	0.1000000000
9 24 49	0.0277777778
52 54 78	0.0909090909
24 47 21	0.0689655172
18 59 70	0.0454545455
3 11 59	0.0294117647
29 53 8	0.1538461538
29 56 60	0.1111111111
30 9 20	0.0833333333
52 47 8	0.0250000000
30 7 65	0.1428571429
4 65 2	0.0500000000
24 7 13	0.0212765957
24 0 14	0.0714285714
4 69 4	0.0952380952
3 59 60	0.0800000000
36 33 20	0.0434782609
4 52 60	0.1538461538
3 11 8	0.0285714286
24 11 68	0.0454545455
18 1 14	0.1250000000
24 47 50	0.0144927536
29 53 1	0.1538461538
52 7 0	0.0434782609
18 56 56	0.2857142857
18 79 10	0.0714285714
18 22 0	0.0909090909
18 31 47	0.0500000000
29 32 8	0.0714285714
24 13 78	0.0416666667
24 47 88	0.1428571429
29 6 7	0.0416666667
24 32 47	0.0555555556
52 50 6	0.0128205128
29 56 1	0.0454545455
24 78 68	0.0500000000
52 60 10	0.1818181818
30 3 78	0.1111111111
18 48 7	0.0188679245
24 0 65	0.0833333333
29 14 3	0.0322580645
3 2 61	0.0645161290
36 75 24	0.0400000000
24 78 60	0.1538461538
36 5 15	0.0091743119
4 7 0	0.0869565217
18 57 2	0.0400000000
29 57 7	0.0625000000
24 13 88	0.1428571429
29 6 0	0.0714285714
3 8 11	0.0555555556
24 6 59	0.0421052632
80 5 54	0.0909090909
4 32 14	0.0909090909
4 49 22	0.0909090909
52 13 57	0.0588235294
18 66 24	0.1250000000
29 48 15	0.0227272727
3 8 6	0.0114942529
2 80 54	0.0322580645
80 10 22	0.0909090909
18 49 22	0.0370370370
80 56 52	0.0833333333
4 4 57	0.2000000000
3 50 14	0.0769230769
3 14 59	0.0476190476
29 49 0	0.0625000000
29 81 54	0.1428571429
24 14 10	0.0909090909
4 52 54	0.0909090909
36 56 60	0.1538461538
29 46 53	0.0666666667
29 70 51	0.1111111111
83 0 3	0.1111111111
4 78 59	0.0454545455
24 42 65	0.1250000000
80 68 24	0.1250000000
3 78 1	0.0526315789
29 8 35	0.1428571429
52 47 23	0.0500000000
18 32 8	0.0294117647
3 60 59	0.0400000000
18 32 48	0.0714285714
52 3 70	0.1250000000
3 52 31	0.0645161290
29 8 1	0.1000000000
29 11 7	0.1333333333
29 14 54	0.0909090909
30 7 8	0.0909090909
30 52 54	0.1250000000
52 46 3	0.0285714286
4 68 3	0.0769230769
29 11 2	0.0526315789
4 32 6	0.0487804878
24 78 7	0.0500000000
24 53 19	0.0384615385
30 7 78	0.1428571429
18 8 11	0.0833333333
24 53 20	0.0217391304
18 53 88	0.1428571429
3 8 8	0.0384615385
4 60 0	0.1250000000
3 70 51	0.0769230769
3 10 33	0.1818181818
29 60 7	0.1111111111
4 14 68	0.0588235294
30 4 52	0.0476190476
29 52 61	0.0967741935
24 2 13	0.0303030303
29 8 70	0.1428571429
29 19 88	0.1428571429
18 60 4	0.0666666667
4 49 19	0.0555555556
24 49 24	0.0666666667
18 24 59	0.0625000000
29 55 52	0.0952380952
80 4 14	0.0909090909
29 59 2	0.0645161290
36 7 47	0.0312500000
9 15 53	0.1000000000
18 8 3	0.0322580645
29 78 78	0.1818181818
29 60 60	0.1666666667
3 59 88	0.1666666667
24 11 50	0.0163934426
52 78 13	0.0277777778
29 13 32	0.1538461538
29 1 88	0.1666666667
52 60 6	0.0158730159
4 0 70	0.0833333333
4 0 78	0.1250000000
24 60 3	0.0243902439
52 60 4	0.0666666667
30 7 11	0.1428571429
29 6 24	0.1333333333
29 61 2	0.1000000000
52 65 15	0.0476190476
18 2 50	0.0476190476
24 66 19	0.0476190476
4 11 7	0.0909090909
4 14 4	0.0769230769
29 65 20	0.1250000000
36 48 56	0.0384615385
52 46 1	0.0555555556
24 68 4	0.1111111111
24 32 13	0.0212765957
24 47 3	0.0103092784
18 53 59	0.0322580645
24 6 47	0.0104166667
29 1 48	0.1250000000
4 13 60	0.1538461538
52 4 32	0.1111111111
24 49 15	0.0172413793
29 19 59	0.0476190476
3 64 24	0.0303030303
24 14 1	0.0555555556
4 13 4	0.0833333333
3 50 13	0.0285714286
29 50 8	0.1000000000
30 4 49	0.0588235294
3 8 52	0.0208333333
29 8 8	0.0833333333
24 13 2	0.0204081633
18 60 2	0.0526315789
30 22 8	0.0714285714
29 47 54	0.0833333333
52 59 59	0.0384615385
30 4 47	0.0909090909
52 60 54	0.0769230769
4 68 4	0.1111111111
29 49 10	0.0243902439
3 77 6	0.0357142857
24 59 14	0.0526315789
24 0 20	0.1666666667
18 31 57	0.1428571429
30 9 7	0.0909090909
24 78 6	0.0106382979
18 8 13	0.0833333333
80 56 61	0.1666666667
29 50 24	0.0909090909
24 0 57	0.1666666667
3 7 57	0.1111111111
4 57 60	0.1666666667
9 5 2	0.1250000000
24 60 6	0.0384615385
83 0 9	0.1111111111
76 4 49	0.0434782609
3 59 68	0.0400000000
18 4 3	0.0526315789
36 7 60	0.0714285714
3 70 23	0.1111111111
29 46 59	0.0714285714
3 8 57	0.1428571429
4 1 2	0.0294117647
18 65 15	0.0476190476
24 11 8	0.0270270270
4 70 23	0.1111111111
29 22 13	0.0476190476
18 53 54	0.1333333333
4 13 54	0.1000000000
24 66 33	0.0769230769
4 78 60	0.1428571429
52 8 32	0.0833333333
3 3 2	0.0084033613
30 19 60	0.1428571429
3 59 4	0.0476190476
29 1 60	0.1000000000
18 66 22	0.0588235294
29 56 14	0.0625000000
29 56 52	0.0192307692
4 1 48	0.0666666667
3 1 48	0.0714285714
52 60 13	0.0465116279
52 54 7	0.0500000000
52 66 22	0.0434782609
29 22 47	0.0526315789
4 53 0	0.1250000000
4 6 22	0.1538461538
29 4 31	0.1111111111
24 78 11	0.0454545455
30 19 7	0.1428571429
18 68 51	0.1111111111
24 78 14	0.0769230769
36 43 61	0.1111111111
29 65 3	0.1111111111
4 3 