0	0.0000000000
1	0.0000000000
2	0.0000000000
3	0.0000000000
4	0.0000000000
5	0.0000000000
6	0.0000000000
7	0.0000000000
8	0.0000000000
9	0.0000000000
10	0.0476190476
11	0.0000000000
12	0.0000000000
13	0.0000000000
14	0.0000000000
15	0.0000000000
16	0.0000000000
17	0.0000000000
18	0.0000000000
19	0.0000000000
20	0.0000000000
21	0.0000000000
22	0.0000000000
23	0.0000000000
24	0.0000000000
25	0.0000000000
26	0.0000000000
27	0.0000000000
28	0.0000000000
29	0.0000000000
30	0.0000000000
31	0.0000000000
32	0.0000000000
33	0.1666666667
34	0.0000000000
35	0.0000000000
36	0.0000000000
37	0.0000000000
38	0.0000000000
39	0.0000000000
40	0.0000000000
41	0.0000000000
42	0.0000000000
43	0.1666666667
44	0.0000000000
45	0.0000000000
46	0.4210526316
47	0.0000000000
48	0.0000000000
49	0.0470588235
50	0.0000000000
51	0.0000000000
52	0.0000000000
53	0.0000000000
54	0.0000000000
55	0.0000000000
56	0.0000000000
57	0.0000000000
58	0.0000000000
59	0.0000000000
60	0.0000000000
61	0.0000000000
62	0.0000000000
64	0.0000000000
65	0.0000000000
66	0.0000000000
67	0.0000000000
68	0.0000000000
69	0.0000000000
70	0.0000000000
71	0.0000000000
72	0.0000000000
73	0.0000000000
74	0.0000000000
75	0.0000000000
76	0.0000000000
77	0.0000000000
78	0.0000000000
79	0.0000000000
80	0.0000000000
81	0.0000000000
82	0.0000000000
83	0.0000000000
84	0.0000000000
85	0.0000000000
86	0.0000000000
87	0.0000000000
88	0.0000000000
89	0.0000000000
90	0.0000000000
91	0.0000000000
92	0.0000000000
0 51 56	0.2205128205
49 52 47	0.0997977073
49 46	0.3289902280
59 52	0.0417536534
49 13 6	0.0437773609
63 7	0.4137931034
59 3 14	0.1397379913
59 49 14	0.2108108108
49 47 46	0.3229613734
5 46	0.3636363636
2 63	0.3611111111
63 3 63	0.4545454545
49 32 14	0.1746031746
59 59 52	0.0419091967
49 52	0.0551839465
0 15	0.1818181818
63 53 46	0.2547770701
49 47 7	0.2821316614
63 6	0.0693641618
5 49	0.0740740741
63 0 7	0.1742919390
51 49	0.1324503311
63 48	0.3611111111
59 46	0.3037974684
59 54 46	0.3773584906
63 0	0.0433070866
49 6 46	0.3028673835
0 7 6	0.0154798762
63 0 63	0.4969696970
49 13 49	0.0457516340
49 47	0.1009771987
63 52	0.0851063830
63 1 14	0.2213114754
49 66 46	0.1408934708
2 49	0.0612244898
0 64 4	0.0315789474
63 53	0.0983606557
49 14 46	0.2996632997
51 49 47	0.1161524501
63 53 53	0.0689655172
0 21 14	0.1176470588
73 1 52	0.0845070423
2 49 14	0.1428571429
59 3 63	0.4365872406
49 49	0.0215175538
49 65 46	0.2127659574
0 7	0.0253164557
5 63 46	0.3216374269
63 14	0.2413793103
49 78 6	0.0563380282
51 63	0.3552631579
49 6	0.0564516129
49 4 14	0.5217391304
63 52 14	0.3333333333
5 50 7	0.0701754386
49 2 46	0.2650602410
63 0 15	0.3333333333
63 63	0.3000000000
5 49 6	0.0395177495
59 49	0.0196801968
59 8 46	0.3461538462
2 5 63	0.5000000000
59 52 14	0.1253405995
63 61 20	0.1381443299
59 3 47	0.1214953271
49 13 46	0.3295346629
59 6 15	0.3684210526
5 49 49	0.0311587147
49 47 52	0.0394160584
49 49 52	0.0498915401
59 49 52	0.0466257669
59 52 47	0.0955011839
49 47 6	0.0341708543
5 63	0.3884892086
49 52 49	0.0179241351
59 52 52	0.0496383958
59 49 7	0.1147859922
51 0 20	0.1666666667
49 52 60	0.1105527638
59 6 46	0.2786764706
59 49 49	0.0147700571
59 14 46	0.3399014778
49 59 6	0.0347510373
51 48 63	0.5000000000
63 53 15	0.1857142857
59 10 15	0.1880733945
49 46 14	0.2075471698
63 46	0.2417582418
59 49 46	0.2347959969
63 2	0.1547619048
63 0 53	0.0172528202
73 50 46	0.3625000000
59 47 46	0.3084862385
59 52 53	0.0189340813
63 7 6	0.0961538462
49 7 46	0.2343750000
63 1 46	0.3501048218
49 14	0.1666666667
5 59 6	0.0475763016
59 6	0.0314960630
49 52 7	0.2755741127
63 60	0.1590909091
49 65 7	0.0913461538
2 0 20	0.1600000000
59 7 14	0.3333333333
63 52 49	0.0406976744
49 49 4	0.1050724638
0 7 47	0.0619834711
59 6 14	0.1850649351
59 49 6	0.0407407407
49 59 47	0.0947255113
59 6 47	0.1067880795
49 78 46	0.2440476190
59 49 4	0.0909090909
49 61 7	0.0597014925
59 53 15	0.1893687708
63 63 0	0.0361445783
49 49 22	0.2447552448
49 70 15	0.1917808219
0 3 46	0.1780104712
49 8 15	0.3875000000
49 65 20	0.2196969697
59 52 46	0.3027591350
63 60 46	0.3277777778
49 8 46	0.3571428571
49 54 52	0.0273556231
49 49 14	0.1914893617
49 42 46	0.2750000000
0 15 52	0.0195121951
73 31 49	0.0940170940
63 52 60	0.1578947368
49 88 46	0.3000000000
59 53 20	0.1724137931
5 50 15	0.1818181818
49 46 60	0.2337662338
2 5 49	0.1071428571
59 49 47	0.0913865546
63 52 47	0.1831395349
59 6 6	0.0492012780
49 47 4	0.1209302326
63 53 22	0.4000000000
49 6 7	0.2731829574
49 10 7	0.0540037244
49 69 1	0.1087533156
0 20 15	0.3500000000
63 52 46	0.2305389222
49 46 46	0.2876106195
49 50 22	0.1475409836
2 49 52	0.0411764706
63 60 7	0.4301075269
49 32 47	0.0732394366
63 1 6	0.0661070304
0 51 20	0.0656370656
49 53	0.0252365931
59 47	0.0975609756
46 63	0.2142857143
20 46	0.2666666667
20 2 7	0.2727272727
20 52	0.0434782609
20 7	0.2105263158
46 17 49	0.0702479339
49 7 7	0.3295454545
59 3 46	0.3336079077
0 56 46	0.2781065089
49 7	0.2428571429
46 6	0.0238095238
20 32 46	0.3137254902
46 17	0.0363636364
20 52 14	0.0952380952
46 2	0.2105263158
63 0 22	0.1834862385
46 7 46	0.2500000000
20 6	0.0277777778
49 7 6	0.0544918999
59 78 52	0.0466760962
46 7	0.1000000000
73 50 52	0.0923076923
59 49 20	0.1228813559
46 53	0.0714285714
63 53 2	0.0264550265
63 52 7	0.4793388430
46 60 46	0.2702702703
59 53 56	0.1449511401
59 1 46	0.2853982301
49 66 56	0.1425364759
20 78 46	0.2692307692
20 53 46	0.2238805970
49 60	0.0735294118
5 59 47	0.0756457565
20 52 2	0.0485436893
46 39 56	0.1153846154
59 7	0.1875000000
50 5 15	0.1311475410
50 56	0.0277777778
50 20	0.0869565217
50 7 49	0.0135135135
49 32 46	0.3298969072
46 66 85	0.1176470588
51 46	0.3076923077
0 56	0.0689655172
51 63 2	0.1455696203
46 46	0.0952380952
59 59 46	0.2979976443
50 56 63	0.1176470588
46 3 63	0.3750000000
59 52 7	0.2610966057
50 15	0.0666666667
59 59 6	0.0343222804
59 49 15	0.1772805508
49 61 20	0.1830238727
59 3 6	0.0398517146
50 56 49	0.0146520147
49 69 4	0.1775147929
49 49 46	0.2517799353
50 20 46	0.1566265060
49 68 46	0.2566371681
5 5 63	0.4133333333
49 13 63	0.4319391635
63 3 46	0.2903225806
59 47 4	0.0905923345
50 56 47	0.1111111111
59 48 46	0.3434782609
5 59 46	0.2854291417
50 7	0.0645161290
50 15 46	0.2439024390
0 20 46	0.2570093458
0 20	0.0566037736
63 6 47	0.1157270030
50 3 46	0.2337662338
5 49 46	0.2936746988
49 6 2	0.0098591549
50 51 56	0.0925925926
49 78 7	0.1486486486
59 6 4	0.0921052632
49 52 46	0.3020176545
50 7 2	0.0740740741
63 89 85	0.3103448276
46 66 15	0.1492537313
49 75 24	0.1176470588
49 1 46	0.3071528752
63 0 47	0.1202303816
59 47 47	0.1204819277
59 60 46	0.3533834586
59 46 43	0.6060606061
20 65 15	0.0666666667
46 6 46	0.2222222222
20 57 46	0.2882882883
49 46 43	0.5747126437
59 66 15	0.2005649718
49 46 63	0.3807106599
73 6 46	0.2500000000
59 66 63	0.4525139665
20 49 15	0.1473684211
49 46 17	0.0369458128
20 46 2	0.2156862745
0 7 15	0.2500000000
59 46 17	0.0449438202
49 64 4	0.0961538462
59 32 47	0.0634328358
73 31 46	0.1538461538
63 61 7	0.0519480519
49 53 15	0.2090981644
63 1 49	0.0303249097
59 6 7	0.2774566474
48 49 60	0.1315789474
49 6 47	0.0935960591
73 50	0.0208333333
59 49 2	0.0102848101
49 49 56	0.1992481203
59 64 4	0.0932642487
5 49 7	0.2605633803
59 65 4	0.2173913043
49 14 47	0.1034482759
63 10 85	0.2622950820
63 63 20	0.2000000000
25 4	0.0857142857
49 0 47	0.1578947368
51 49 52	0.0459981601
59 59 47	0.0941860465
59 49 56	0.2112879884
49 49 7	0.0967184801
49 49 6	0.0519598906
49 52 52	0.0480106101
59 4 52	0.0169491525
49 14 7	0.2842105263
49 6 6	0.0509587602
59 68 20	0.1684210526
59 3 7	0.1722488038
59 1 7	0.1182795699
2 49 47	0.1183431953
63 1 52	0.0508474576
49 1 7	0.1939393939
63 46 43	0.5531914894
59 10 7	0.0584112150
20 52 47	0.1329479769
20 47	0.0555555556
20 14	0.2727272727
59 11 47	0.1592356688
49 4 47	0.1855670103
49 49 47	0.0871559633
20 13 47	0.1031746032
59 14	0.1020408163
63 53 20	0.2196969697
20 52 52	0.0552884615
49 50 46	0.2299651568
59 65 20	0.1951219512
20 49 46	0.2187500000
59 50 24	0.1803278689
49 46 7	0.4528301887
5 63 2	0.1806451613
49 59 52	0.0446247465
59 78 47	0.1124121780
49 13 52	0.0575805600
49 54 7	0.2717391304
59 57 46	0.3412073491
59 14 47	0.1413612565
20 1 6	0.0387596899
20 69 1	0.1000000000
5 49 47	0.0813953488
20 6 6	0.0677966102
46 10 15	0.1604938272
46 48	0.2000000000
20 53 20	0.2075471698
49 57 52	0.0281690141
59 61 20	0.1355421687
59 11 46	0.3095238095
20 13 49	0.0485436893
20 13 63	0.5000000000
20 78 47	0.1538461538
46 50 1	0.0769230769
20 13 52	0.0830324910
0 20 2	0.0465116279
20 1 46	0.2205882353
5 25 52	0.0196078431
63 7 60	0.3695652174
49 2	0.0079365079
49 53 46	0.2019801980
46 50 52	0.0454545455
59 7 7	0.3382352941
49 10 20	0.1645299145
49 59 49	0.0214485546
51 0 56	0.0921052632
48 49 53	0.0306748466
63 70 52	0.0461538462
49 0 6	0.0240240240
59 42 46	0.3090909091
59 1 10	0.0189573460
49 1 6	0.0477815700
59 8 6	0.0262664165
48 49 52	0.0783582090
49 1 52	0.0416339356
51 59 46	0.2853828306
59 59 49	0.0210413695
48 63	0.4642857143
59 10	0.0156250000
63 46 63	0.3452380952
59 7 46	0.2266666667
63 61 56	0.1113105925
49 60 46	0.3582677165
51 20 7	0.2142857143
59 47 14	0.2969696970
59 46 46	0.2544378698
2 51 49	0.1231884058
51 59 6	0.0634408602
51 49 6	0.0497607656
49 59 46	0.3143507973
2 59 47	0.1222222222
63 53 52	0.0463821892
2 63 46	0.1666666667
51 63 6	0.0638297872
63 53 6	0.0765171504
63 6 53	0.0601503759
49 61 22	0.2941176471
63 68 46	0.2105263158
59 78 6	0.0522875817
59 52 15	0.3687500000
25 4 46	0.2571428571
48 59 46	0.3333333333
0 7 46	0.2691029900
48 63 2	0.0769230769
49 66 15	0.1969949917
59 53 46	0.1965811966
63 10 15	0.1802325581
0 15 43	0.2857142857
59 64 46	0.1132075472
5 2 63	0.4285714286
63 46 46	0.4523809524
49 49 49	0.0200235571
59 57 6	0.0342717258
59 65 22	0.1456953642
48 49	0.0681818182
63 56 46	0.2857142857
49 49 20	0.1195577056
63 6 6	0.0796074155
59 50 47	0.2032520325
63 66 7	0.0672853828
49 78 47	0.0989847716
63 10 20	0.1471103327
63 68 20	0.1568627451
73 1 49	0.0689655172
51 63 63	0.3417721519
49 7 14	0.3207547170
59 32 52	0.0422535211
59 54 6	0.0501672241
59 1 52	0.0434782609
20 53 56	0.1739130435
46 61 20	0.1428571429
46 89 2	0.0714285714
46 52	0.0800000000
20 3 46	0.2580645161
73 1 6	0.0600000000
20 47 46	0.2792792793
20 64 46	0.2000000000
63 6 49	0.0247208931
46 60 47	0.1034482759
46 53 14	0.2500000000
59 78 46	0.2707317073
20 52 15	0.2000000000
63 0 14	0.1573333333
49 66 63	0.4736842105
49 8 6	0.0303030303
49 57 46	0.3282208589
49 60 7	0.1975308642
5 48 63	0.3561643836
59 50 6	0.0185873606
48 49 10	0.0384615385
59 32 14	0.0769230769
49 8 47	0.1370558376
63 0 52	0.0410294666
63 6 46	0.2902374670
59 7 6	0.0623655914
59 3 52	0.0473563218
49 46 53	0.1072961373
49 57 14	0.1944444444
49 67 4	0.2077922078
63 38	0.0625000000
59 57 14	0.2118644068
49 53 6	0.0422077922
51 49 53	0.0158172232
51 46 60	0.1600000000
49 66 7	0.0621301775
49 11 46	0.3175000000
59 1 6	0.0399529965
49 52 14	0.1455399061
63 14 7	0.5641025641
59 59 14	0.1614349776
51 51 63	0.3583815029
59 60 47	0.1118881119
49 49 60	0.0430107527
49 46 84	0.3797468354
49 7 15	0.3600000000
59 14 53	0.0162162162
20 2 52	0.0918367347
46 60	0.1666666667
20 13 46	0.2661870504
20 52 7	0.2500000000
20 47 52	0.0500000000
20 49 52	0.0693069307
49 32 49	0.0297029703
0 7 52	0.0163265306
59 46 52	0.0844155844
73 6 49	0.0244186047
63 7 14	0.3125000000
0 20 7	0.0989010989
0 20 6	0.0157480315
73 31 47	0.0833333333
49 7 52	0.0478723404
67 51 56	0.1311475410
46 53 46	0.1940298507
49 78 49	0.0263157895
49 52 15	0.3743589744
59 48 47	0.0808823529
63 3 47	0.1409395973
49 64 24	0.1543624161
63 43	0.1818181818
51 59 7	0.1304347826
25 52	0.0625000000
63 3 52	0.0531732419
59 57 7	0.2040816327
49 54 14	0.3387096774
49 10	0.0134228188
67 56 47	0.1176470588
0 5 7	0.0306122449
46 52 46	0.1886792453
49 11 47	0.1026392962
50 56 52	0.0163043478
67 46 63	0.3513513514
49 47 47	0.1103789127
49 11 7	0.2177419355
46 6 7	0.1875000000
46 61 7	0.0666666667
67 7 46	0.2857142857
63 66 22	0.1600000000
50 51 20	0.1320754717
5 63 63	0.5581395349
50 51 7	0.0392156863
51 49 46	0.3351063830
49 6 14	0.1975683891
49 59 7	0.2227272727
59 52 60	0.1074626866
51 20 47	0.1400000000
63 68 4	0.3714285714
63 50 46	0.1346153846
49 70 22	0.2105263158
2 51 63	0.2600000000
63 0 6	0.0268292683
49 2 47	0.0728155340
63 60 6	0.0754716981
63 53 47	0.1167512690
63 10 79	0.1071428571
59 52 49	0.0182400789
25 1 46	0.3913043478
51 46 14	0.2222222222
51 63 52	0.0758293839
49 60 6	0.0290102389
25 49 46	0.3913043478
59 66 56	0.1421052632
49 53 20	0.1673469388
63 89	0.0571428571
48 49 49	0.0306603774
51 49 7	0.1916666667
48 51 63	0.5400000000
48 49 46	0.3726708075
49 2 7	0.3829787234
48 59 10	0.0468750000
63 66 56	0.1603053435
49 1 14	0.1407407407
49 13 47	0.0978384528
48 63 52	0.0468750000
63 66 43	0.1818181818
49 47 21	0.0571428571
2 63 38	0.2727272727
59 11 14	0.2500000000
49 47 14	0.2885572139
59 4 14	0.5714285714
63 52 53	0.0411522634
59 54 14	0.2765957447
51 63 53	0.0730593607
49 69 24	0.2000000000
59 64 24	0.1481481481
49 49 15	0.2036516854
59 47 7	0.2464285714
51 59 52	0.0355029586
59 47 53	0.0277108434
49 66 85	0.2823529412
49 49 17	0.0405063291
5 63 14	0.2916666667
59 70 54	0.2470588235
48 51 49	0.1203703704
49 17 46	0.3777777778
49 13 7	0.2031250000
5 20 47	0.1052631579
59 32 6	0.0323232323
51 2 63	0.2954545455
63 14 46	0.2619047619
51 20 10	0.0175438596
63 66 15	0.1763157895
0 3 47	0.0200000000
46 52 14	0.1904761905
5 63 6	0.0519480519
49 53 60	0.1296296296
5 63 52	0.0695364238
49 6 10	0.0073439412
49 66 43	0.2800000000
0 56 49	0.0261569416
48 63 46	0.3529411765
59 32 46	0.3292181070
49 4 46	0.2400000000
63 10 43	0.2105263158
63 63 2	0.1090909091
20 11 6	0.0295857988
51 20 46	0.2380952381
63 3 6	0.0851926978
20 6 22	0.2307692308
49 46 52	0.1077586207
59 2 47	0.0902777778
20 50 46	0.1911764706
20 49 47	0.1165048544
63 6 7	0.4098360656
20 52 46	0.2316384181
0 21 63	0.3513513514
0 15 2	0.0845070423
0 15 46	0.2567567568
0 5 15	0.2234042553
49 48 49	0.0080106809
49 6 49	0.0188719254
0 4 46	0.2631578947
0 7 49	0.0124309392
0 15 49	0.0547112462
59 66 46	0.2268907563
49 10 15	0.1749049430
51 49 49	0.0220883534
59 6 49	0.0182144690
51 63 46	0.2236024845
25 4 14	0.2222222222
2 51 46	0.3200000000
2 49 46	0.2250000000
5 49 60	0.0465116279
59 60 49	0.0249433107
63 14 53	0.1259259259
63 14 52	0.1349206349
5 63 0	0.0413793103
63 48 46	0.1555555556
59 47 6	0.0296586458
63 50 1	0.1205673759
73 6 47	0.1538461538
63 50 24	0.1052631579
49 60 49	0.0214105793
59 10 20	0.1267942584
59 69 24	0.1351351351
59 48 52	0.0392156863
63 6 60	0.2537313433
59 50 22	0.2444444444
49 54 46	0.3413461538
5 50 20	0.2439024390
49 78 14	0.1166666667
49 11 6	0.0300653595
63 14 15	0.3250000000
49 2 14	0.4166666667
2 49 6	0.0610687023
59 60 6	0.0184501845
51 46 43	0.3333333333
63 68 7	0.1250000000
2 49 49	0.0165137615
49 52 53	0.0189415042
59 32 49	0.0257731959
5 59 49	0.0220311660
59 61 56	0.0961538462
59 49 60	0.0518518519
59 46 2	0.0918367347
0 20 60	0.0943396226
63 7 52	0.1804511278
49 2 52	0.0641547862
0 56 6	0.0217391304
2 59 46	0.2837837838
49 2 49	0.0200573066
59 46 89	0.0847457627
59 52 10	0.0128824477
51 63 89	0.1406250000
49 6 15	0.3846153846
51 49 10	0.0085106383
49 10 85	0.2839506173
49 47 10	0.0298013245
59 14 52	0.0189274448
59 78 49	0.0170807453
49 57 49	0.0087431694
49 0 7	0.1733333333
5 63 53	0.0871369295
59 50 46	0.2344827586
49 17 49	0.0763358779
0 10	0.0512820513
0 49	0.0042194093
84 39	0.1666666667
10 51 79	0.1428571429
0 8 46	0.1046511628
0 53 15	0.1037735849
0 52 10	0.0467289720
10 79	0.2000000000
33 56 63	0.3000000000
10 20 10	0.1126760563
0 63	0.1200000000
61 66	0.0263157895
10 15	0.0526315789
61 24 66	0.0149253731
0 53 56	0.0753768844
10 51 15	0.0781250000
10 20 46	0.1012658228
0 11 46	0.1048387097
0 32 49	0.0120967742
17 51 63	0.2553191489
0 3 10	0.0437956204
10 7 66	0.0149812734
10 3 10	0.0818181818
10 15 10	0.0733944954
0 6 36	0.0677966102
0 49 49	0.0130000000
61 75 46	0.1538461538
63 85 0	0.0526315789
0 49 10	0.0518134715
10 46 63	0.1250000000
0 13 46	0.1040000000
0 59 10	0.0710382514
61 21 63	0.0769230769
0 59 46	0.1222222222
10 75 18	0.0106382979
61 5 15	0.1228070175
63 85 89	0.1666666667
10 5 56	0.0509554140
0 6 10	0.0555555556
0 75 36	0.0491803279
63 0 10	0.0249221184
5 59 52	0.0563636364
59 2 52	0.0691823899
49 70 54	0.2666666667
5 49 52	0.0517110266
59 42 6	0.1230769231
73 64 4	0.1454545455
49 6 60	0.0809968847
59 46 60	0.1454545455
89 0	0.0370370370
17 59 46	0.1940298507
0 50 15	0.1333333333
17 46	0.2105263158
10 7 49	0.0137614679
10 85	0.1538461538
17 49 46	0.1662049861
10 7 46	0.1190476190
0 13 63	0.1211180124
61 3 46	0.1036269430
61 46 63	0.2127659574
0 60 46	0.0845070423
0 52 46	0.1066666667
0 6 46	0.1139534884
0 52 49	0.0093930636
0 0 15	0.0714285714
61 51 15	0.0909090909
61 56	0.0731707317
0 59 49	0.0161453078
0 48 46	0.1617647059
0 49 56	0.0724637681
61 20 46	0.1085714286
10 46 46	0.1333333333
61 53 46	0.0937500000
0 66 56	0.0786885246
17 48 63	0.1428571429
0 49 46	0.1116173121
0 13 49	0.0062001771
0 8 15	0.1600000000
0 14 46	0.0919540230
0 39 43	0.1666666667
61 60 46	0.0857142857
10 5 15	0.1065989848
10 43	0.1428571429
0 52 15	0.2363636364
0 43 63	0.3750000000
63 84	0.1111111111
2 49 7	0.1750000000
59 47 52	0.0357710652
49 8 60	0.1014492754
59 11 7	0.1721311475
49 10 0	0.0888888889
49 11 14	0.2183908046
49 60 47	0.1147540984
59 53 52	0.0372340426
49 49 24	0.0969162996
49 65 4	0.3157894737
49 53 56	0.1424903723
20 46 43	0.3750000000
46 66 56	0.1111111111
20 57 47	0.1630434783
49 50 1	0.0779816514
59 47 21	0.0609137056
5 49 53	0.0192307692
59 7 15	0.3142857143
5 5 49	0.0493273543
20 10 20	0.1733333333
20 10 7	0.0923076923
63 48 6	0.0526315789
46 1 6	0.0246913580
46 1 14	0.0740740741
20 49 6	0.0709677419
10 15 46	0.1176470588
17 5 63	0.1956521739
17 0 56	0.0689655172
10 51 56	0.0851063830
61 56 49	0.0224358974
0 1 46	0.1204379562
0 3 63	0.1546391753
61 7 46	0.1295180723
10 3 46	0.1125541126
17 43 63	0.3750000000
0 0	0.0217391304
0 63 46	0.0714285714
0 0 85	0.2222222222
0 66 63	0.1272727273
0 51 46	0.0476190476
0 2 46	0.1159420290
0 1 49	0.0106635071
61 6 46	0.1121495327
61 24 46	0.0909090909
17 51 46	0.1639344262
63 38 63	0.2222222222
0 63 63	0.5333333333
0 66 15	0.1099476440
46 6 2	0.0714285714
73 6 15	0.3333333333
20 3 63	0.5250000000
46 17 46	0.4554455446
20 46 17	0.0234741784
2 63 43	0.3000000000
63 70 1	0.2631578947
63 53 14	0.4651162791
59 48 6	0.0156862745
49 78 52	0.0434782609
2 59 6	0.0873015873
5 63 43	0.5000000000
5 5 46	0.2500000000
0 75 46	0.2222222222
0 51 15	0.2205882353
63 39 43	0.3333333333
46 1 46	0.2666666667
73 6 7	0.2647058824
49 32 7	0.2950819672
0 21 46	0.3424657534
46 66 7	0.0389610390
51 46 48	0.2800000000
63 14 6	0.0720000000
49 14 15	0.3636363636
51 67 15	0.2692307692
63 53 56	0.0812500000
59 57 47	0.1327160494
59 78 14	0.2656250000
59 2 46	0.2142857143
59 8 47	0.1822429907
63 33 85	0.1538461538
49 0 52	0.0304347826
51 0 15	0.1906976744
63 39 20	0.1739130435
51 59 47	0.1221052632
63 48 0	0.0571428571
49 2 6	0.0526315789
49 47 53	0.0408388521
59 2 6	0.0591715976
5 49 14	0.1500000000
63 70 46	0.1600000000
46 33 56	0.0833333333
63 0 43	0.7058823529
20 14 14	0.1666666667
20 8 46	0.2658227848
20 32 47	0.0487804878
20 47 14	0.3809523810
46 10 20	0.1693548387
63 0 4	0.0332541568
63 48 63	0.4615384615
59 47 60	0.0903225806
49 65 22	0.1526717557
59 14 7	0.1090909091
49 77 21	0.0520231214
59 68 46	0.1948051948
73 6 14	0.2187500000
51 46 7	0.3888888889
49 48 14	0.0579710145
49 14 10	0.0462962963
51 2 49	0.0869565217
48 51 46	0.5000000000
49 6 24	0.1397849462
49 11 49	0.0074557316
51 50 15	0.1875000000
49 10 43	0.3571428571
48 49 6	0.0539682540
51 63 48	0.3888888889
63 53 60	0.2820512821
49 50 47	0.2000000000
63 0 49	0.0191761364
59 6 24	0.1709401709
5 63 48	0.4259259259
49 49 53	0.0089285714
49 1 49	0.0213428190
63 63 63	0.3500000000
49 46 89	0.1136363636
49 61 56	0.1017316017
73 6 6	0.0485294118
48 46 6	0.0526315789
63 46 2	0.0960000000
49 0 49	0.0100000000
59 65 7	0.0612244898
59 57 49	0.0028328612
5 59 7	0.2121212121
63 89 56	0.0677966102
49 50 24	0.1904761905
59 10 43	0.3636363636
59 64 52	0.0331125828
59 8 15	0.3384615385
49 70 7	0.0866141732
59 10 85	0.2795698925
63 7 46	0.2857142857
63 47 24	0.2000000000
59 1 49	0.0157367668
49 32 6	0.0431654676
63 52 52	0.0763598326
59 6 60	0.0509090909
49 65 15	0.1750000000
59 59 7	0.2159624413
59 46 14	0.1707317073
49 14 6	0.0448717949
56 59 46	0.1111111111
56 53 15	0.0869565217
56 13 63	0.1176470588
0 14 15	0.1500000000
0 47 46	0.1043478261
10 79 56	0.0384615385
0 49 15	0.1088082902
61 66 56	0.0652173913
0 10 15	0.0681818182
2 0 15	0.2258064516
61 51 56	0.1290322581
61 56 17	0.0263157895
0 63 43	0.1666666667
61 19 46	0.0933333333
38 63 56	0.0833333333
51 46 17	0.0286532951
59 46 48	0.3142857143
49 46 2	0.1088607595
59 2 49	0.0130331754
59 57 52	0.0266903915
49 47 60	0.1508379888
49 46 48	0.5090909091
49 68 20	0.0769230769
20 4 46	0.2142857143
46 6 49	0.0140845070
20 6 47	0.1319444444
63 89 63	0.7058823529
49 50 52	0.0414847162
51 59 49	0.0225872690
59 47 24	0.1538461538
63 6 14	0.1585365854
49 54 6	0.0458715596
59 3 10	0.0117252931
10 3 66	0.0204081633
0 66	0.0063291139
0 0 66	0.0235294118
84 89	0.1666666667
61 60 66	0.0307692308
0 49 18	0.0232558140
0 57 49	0.0033898305
10 82 46	0.2631578947
63 0 66	0.0003627131
10 15 63	0.2222222222
0 53 66	0.0327868852
33 56 46	0.0952380952
84 56 46	0.0833333333
17 59 49	0.0162689805
10 82 18	0.0222222222
0 7 66	0.0036101083
33 17 33	0.1666666667
51 63 14	0.2040816327
25 52 15	0.3500000000
49 68 7	0.0481927711
20 65 20	0.2058823529
20 8 47	0.2187500000
63 47 4	0.2328767123
20 3 47	0.1294117647
20 65 22	0.1714285714
51 46 53	0.0666666667
49 53 22	0.2400000000
59 69 1	0.1063829787
49 53 52	0.0300230947
63 38 0	0.0782608696
59 49 22	0.2247191011
51 46 2	0.1428571429
20 49 20	0.1542857143
20 53 22	0.2400000000
51 63 0	0.0571131880
49 49 2	0.0066568047
20 47 47	0.1369863014
59 11 6	0.0304955527
51 46 84	0.2307692308
63 48 60	0.2000000000
20 65 7	0.1038961039
0 3 52	0.0081218274
5 46 7	0.2857142857
59 6 53	0.0141196013
0 56 52	0.0318840580
20 6 46	0.2342857143
20 78 7	0.1538461538
5 49 2	0.0296052632
20 65 46	0.2352941176
59 4 46	0.2413793103
20 49 7	0.0763358779
20 11 46	0.2784810127
49 52 2	0.0247592847
5 25 4	0.0320000000
59 14 6	0.0246913580
49 50 6	0.0101010101
49 14 2	0.0273972603
59 50 54	0.0736842105
59 65 46	0.2372881356
63 46 38	0.1333333333
63 10 7	0.0293453725
51 20 14	0.3181818182
63 63 89	0.1851851852
49 47 24	0.2000000000
59 54 7	0.2253521127
63 60 47	0.1985294118
59 4 7	0.3829787234
49 48 47	0.0929203540
49 7 10	0.0677966102
49 7 47	0.1439393939
59 8 10	0.0246913580
73 1 46	0.1891891892
2 63 0	0.0538116592
59 46 63	0.3120000000
51 49 14	0.1232876712
49 70 52	0.0583941606
48 59 52	0.0434782609
63 7 2	0.1379310345
51 59 10	0.0283400810
73 6 10	0.0363636364
49 48 46	0.3262032086
61 66 85	0.1176470588
0 51 63	0.1250000000
17 46 63	0.5714285714
89 61 56	0.1052631579
17 49 49	0.0152817574
61 56 46	0.0860215054
89 0 49	0.0163934426
20 59 52	0.0454545455
46 89 63	0.2857142857
20 6 49	0.0227272727
20 3 52	0.0664739884
49 14 53	0.0313390313
20 46 52	0.1136363636
0 5 20	0.0677966102
59 70 7	0.0909090909
51 63 7	0.4285714286
59 60 52	0.0401606426
48 49 47	0.0967741935
51 20 6	0.0246305419
59 48 14	0.0617283951
59 65 15	0.1743119266
25 52 46	0.2448979592
50 15 47	0.0447761194
50 20 15	0.2666666667
46 63 0	0.0298507463
46 14 7	0.1818181818
0 57 46	0.1043478261
10 79 63	0.3333333333
89 46 63	0.3750000000
17 0 15	0.1272727273
0 17 46	0.1470588235
61 64 46	0.1250000000
0 5 63	0.1363636364
89 0 85	0.2222222222
63 0 0	0.0389344262
49 6 53	0.0176630435
63 61 60	0.1830985915
59 69 4	0.1886792453
49 50 14	0.0857142857
59 48 49	0.0100671141
59 70 46	0.1818181818
73 31 6	0.0645161290
48 63 0	0.0333333333
48 63 84	0.2727272727
49 50 10	0.0555555556
59 46 84	0.2923076923
63 46 17	0.0300000000
48 25 4	0.0487804878
63 46 89	0.1142857143
48 59 14	0.1600000000
0 56 2	0.0394736842
63 6 4	0.1029411765
73 31 52	0.0421686747
63 0 60	0.0820895522
59 53 4	0.0129870130
20 7 47	0.0769230769
20 46 6	0.0543478261
46 48 63	0.1666666667
20 48 47	0.1590909091
5 59 14	0.1142857143
59 78 7	0.2038834951
0 51 7	0.0114285714
49 8 7	0.1702127660
49 6 4	0.1019332162
63 7 7	0.6250000000
59 14 49	0.0199556541
49 46 6	0.0679886686
59 52 50	0.0063829787
63 39 56	0.1006289308
0 4 63	0.4545454545
0 5 56	0.0416666667
0 15 63	0.3846153846
0 56 43	0.2857142857
63 60 52	0.0408805031
20 53 14	0.1428571429
49 32 52	0.0424242424
5 48 49	0.0789473684
0 3 6	0.0066666667
20 6 4	0.1081081081
46 53 56	0.0714285714
59 47 2	0.0335051546
59 7 52	0.0350194553
49 1 15	0.3750000000
63 50 52	0.0600858369
59 11 52	0.0211538462
46 53 15	0.1639344262
49 54 47	0.1104651163
46 46 48	0.2857142857
67 56 49	0.0392156863
20 10	0.0416666667
50 20 14	0.1250000000
59 66 7	0.0613810742
50 7 6	0.0213675214
50 56 46	0.2197802198
63 52 2	0.0359712230
50 3 47	0.1428571429
46 70 52	0.0833333333
50 46 63	0.4054054054
50 20 47	0.1071428571
63 1 7	0.1825396825
49 7 2	0.0737704918
63 89 46	0.5217391304
20 11 14	0.3125000000
20 50 22	0.1111111111
20 7 60	0.1666666667
49 49 10	0.0114613181
63 43 63	0.3500000000
49 4 7	0.2727272727
49 14 49	0.0310880829
67 3 52	0.0181818182
46 1 49	0.0123456790
59 50 14	0.1224489796
46 48 46	0.2307692308
46 84 43	0.1666666667
46 14 6	0.0408163265
20 47 53	0.0310077519
59 70 20	0.1951219512
20 59 6	0.0625000000
5 63 84	0.2631578947
63 66 85	0.2739726027
59 78 10	0.0204918033
49 8 10	0.0160000000
51 46 63	0.2368421053
59 6 22	0.2195121951
51 63 60	0.1971830986
48 59 6	0.0424710425
48 63 53	0.0600000000
10 20 15	0.1400000000
89 63 63	0.3750000000
61 46 46	0.1764705882
0 50 46	0.0776699029
0 6 15	0.1333333333
10 15 49	0.0363636364
61 4 63	0.1600000000
61 7 15	0.2000000000
61 56 63	0.2105263158
73 49 52	0.0609756098
73 49 49	0.0895522388
59 53 6	0.0334572491
20 6 7	0.2432432432
20 7 7	0.3333333333
49 50 54	0.0454545455
59 66 22	0.0561797753
59 7 60	0.1929824561
49 48 7	0.0930232558
51 51 49	0.1071428571
25 4 7	0.1538461538
25 4 62	0.0330578512
46 68 46	0.1764705882
50 75 52	0.1000000000
33 85 0	0.0526315789
0 32 46	0.1125000000
10 46 39	0.1428571429
0 3 66	0.0067114094
61 7 49	0.0148777896
0 63 66	0.0298507463
63 20 46	0.0370370370
63 56 66	0.0114942529
0 4 10	0.0400000000
0 0 10	0.0447761194
0 49 79	0.2727272727
63 64 46	0.1250000000
0 1 10	0.0428571429
0 6 49	0.0106820049
0 48 56	0.0526315789
0 2 15	0.2000000000
59 10 63	0.3636363636
49 59 10	0.0052910053
49 57 6	0.0285714286
49 11 52	0.0301003344
59 6 2	0.0107033639
59 53 47	0.1369863014
51 46 46	0.2407407407
2 39 56	0.0833333333
0 49 17	0.0194174757
61 47 46	0.0769230769
56 53 46	0.0454545455
0 66 46	0.0673076923
56 54 46	0.0526315789
61 53 15	0.1463414634
50 7 47	0.1250000000
50 3 6	0.0149253731
25 52 47	0.0697674419
59 46 6	0.0553359684
49 59 14	0.1302521008
59 54 47	0.1605839416
20 10 85	0.1428571429
49 77 50	0.0400000000
20 50 24	0.0769230769
49 6 22	0.2459016393
51 63 38	0.1785714286
2 63 60	0.1111111111
59 68 4	0.2413793103
2 63 53	0.1052631579
49 11 10	0.0268817204
0 64 46	0.1500000000
73 50 6	0.0243902439
63 39 17	0.0740740741
63 33 56	0.1363636364
20 59 14	0.1538461538
20 6 14	0.1395348837
5 50 56	0.1044776119
0 48 15	0.2000000000
59 7 2	0.1014492754
2 63 2	0.0952380952
59 46 7	0.3414634146
0 7 60	0.0270270270
46 61 56	0.1089108911
46 46 43	0.5000000000
61 52 10	0.0526315789
0 63 10	0.0256410256
0 13 10	0.0495867769
0 57 66	0.0142857143
84 0 10	0.0882352941
0 32 10	0.0833333333
0 1 66	0.0132978723
0 0 49	0.0059523810
0 50 36	0.0625000000
49 64 46	0.1612903226
73 49 6	0.0781250000
59 46 38	0.1081081081
59 50 52	0.0248618785
59 61 7	0.0497237569
25 1 6	0.0222222222
59 42 47	0.0545454545
49 0 63	0.4347826087
49 4 6	0.0294117647
49 57 7	0.1578947368
59 48 10	0.0236220472
63 52 15	0.3272727273
59 70 52	0.0361445783
49 60 52	0.0351562500
25 52 60	0.1052631579
50 15 17	0.0487804878
51 20 52	0.0219780220
50 56 17	0.0461538462
25 1 7	0.0909090909
51 48 49	0.0259740260
20 53 4	0.0689655172
20 53 47	0.0967741935
20 1 49	0.0264317181
49 77 4	0.1914893617
0 21 49	0.0121212121
5 0 56	0.1851851852
0 3 7	0.0272727273
20 49 49	0.0172413793
67 3 47	0.0689655172
46 46 89	0.1111111111
59 70 15	0.1506849315
49 52 10	0.0134589502
67 7 47	0.1034482759
67 51 15	0.1951219512
67 20 6	0.0246913580
59 11 10	0.0363636364
59 59 10	0.0076775432
5 2 49	0.0326797386
51 51 46	0.3000000000
59 69 21	0.0497737557
49 47 50	0.0035149385
0 56 7	0.1081081081
20 7 6	0.0735294118
20 68 4	0.1111111111
20 70 54	0.2333333333
5 63 60	0.1204819277
49 66 49	0.0526315789
49 66 22	0.1160714286
63 89 79	0.0909090909
49 75 4	0.1134020619
63 89 17	0.0140845070
59 1 14	0.1126760563
49 88 52	0.1153846154
2 59 52	0.0789473684
56 6 46	0.0357142857
56 66 56	0.0384615385
10 4 63	0.0689655172
0 10 43	0.2000000000
56 3 63	0.1250000000
0 54 46	0.0983606557
56 2 46	0.1111111111
63 89 0	0.0966542751
51 73 50	0.0425531915
20 59 46	0.2555555556
20 47 2	0.0714285714
10 2 56	0.1250000000
0 5 46	0.0243902439
61 48 56	0.0833333333
17 5 46	0.1818181818
61 52 46	0.0638297872
17 2 63	0.1707317073
0 66 43	0.2500000000
20 6 24	0.1428571429
59 2 14	0.2500000000
59 49 24	0.0991379310
20 46 53	0.0833333333
20 59 7	0.2307692308
59 70 22	0.0909090909
2 63 52	0.0689655172
59 4 6	0.0255591054
63 33 43	0.1428571429
17 50 15	0.1333333333
17 46 84	0.1428571429
17 20 46	0.1388888889
63 61 6	0.0489130435
59 10 2	0.0173410405
59 4 47	0.1044776119
49 1 10	0.0220994475
20 46 46	0.1698113208
20 7 2	0.2380952381
20 46 63	0.2800000000
33 82 18	0.0256410256
0 64 36	0.0472972973
0 47 10	0.0886075949
0 49 36	0.0632911392
84 61 56	0.1052631579
0 6 66	0.0264550265
0 66 79	0.1200000000
0 59 66	0.0156250000
0 78 49	0.0067114094
0 2 10	0.0666666667
84 10 79	0.1666666667
84 0 66	0.0370370370
0 70 18	0.0051813472
50 15 0	0.0588235294
50 7 7	0.2812500000
50 20 52	0.0084033613
48 63 48	0.3333333333
0 56 17	0.0449438202
0 15 17	0.0440251572
5 0 15	0.1304347826
73 49 47	0.1836734694
25 52 7	0.2500000000
20 47 7	0.2647058824
20 57 14	0.1785714286
20 3 7	0.0555555556
20 54 14	0.1000000000
20 48 6	0.0576923077
46 7 6	0.0540540541
59 8 7	0.1764705882
48 49 2	0.0153846154
51 63 43	0.3846153846
49 42 52	0.0750000000
20 57 7	0.1282051282
59 75 24	0.1272727273
0 65 46	0.1176470588
10 15 39	0.3333333333
0 78 46	0.0700000000
0 6 18	0.0240000000
10 75 36	0.0810810811
84 63 63	0.1250000000
0 52 66	0.0118343195
10 15 33	0.1428571429
0 57 10	0.0612244898
48 59 47	0.1052631579
48 46 52	0.1250000000
49 13 14	0.0777777778
25 52 14	0.0625000000
59 46 53	0.0860927152
59 7 47	0.1111111111
59 42 52	0.0909090909
59 49 10	0.0050000000
48 49 7	0.1515151515
46 60 52	0.0357142857
20 42 46	0.2000000000
20 52 60	0.1020408163
46 52 49	0.0263157895
20 13 6	0.0625000000
49 14 52	0.0329457364
48 46 17	0.0476190476
63 56 47	0.0833333333
0 10 85	0.0952380952
0 63 48	0.0555555556
61 66 43	0.1250000000
61 54 46	0.0943396226
0 53 46	0.0700636943
49 48 52	0.0333333333
20 10 15	0.0800000000
20 57 6	0.0304568528
67 20 46	0.1851851852
67 20 60	0.0909090909
67 46 46	0.3076923077
59 49 53	0.0090805902
46 3 47	0.1290322581
20 8 7	0.1379310345
59 53 22	0.1764705882
59 49 17	0.0541516245
25 4 47	0.0526315789
59 66 85	0.1904761905
46 46 63	0.3333333333
59 52 2	0.0153609831
63 0 2	0.0088383838
50 15 63	0.2666666667
49 14 14	0.1447368421
50 7 46	0.2035398230
0 20 47	0.0434782609
0 21 52	0.0444444444
59 50 1	0.0751173709
49 53 47	0.1132075472
49 57 47	0.1263157895
59 14 14	0.1454545455
51 46 6	0.0660377358
63 10 17	0.1578947368
63 61 22	0.2631578947
46 39 20	0.2000000000
46 3 52	0.0504201681
48 63 63	0.3043478261
48 59 49	0.0293398533
20 78 14	0.1875000000
0 15 47	0.0409836066
20 11 47	0.1746031746
46 63 20	0.2000000000
20 59 49	0.0248226950
59 77 21	0.0573248408
5 20 14	0.2222222222
49 53 14	0.2386363636
51 46 89	0.1363636364
59 47 10	0.0238095238
63 48 7	0.3333333333
49 48 6	0.0238095238
20 2 14	0.2857142857
46 14 15	0.1333333333
46 39 43	0.1250000000
50 46 46	0.2352941176
46 60 7	0.1000000000
67 20 15	0.2666666667
5 20 46	0.3043478261
73 50 2	0.0259740260
61 6 49	0.0102389078
0 50 56	0.0833333333
17 0 49	0.0196078431
0 66 85	0.1818181818
20 3 6	0.0471698113
20 49 24	0.1000000000
49 10 54	0.0222222222
59 77 4	0.2093023256
59 53 14	0.1250000000
20 48 46	0.1914893617
20 70 52	0.0322580645
20 8 6	0.0204081633
20 2 47	0.0526315789
20 78 6	0.0384615385
63 14 2	0.1111111111
48 25 52	0.1052631579
63 63 43	0.1428571429
49 50 21	0.0566037736
0 2 56	0.0833333333
5 48 46	0.4615384615
51 50 20	0.1186440678
0 56 63	0.2500000000
2 0 63	0.0909090909
56 49 15	0.1304347826
38 10 15	0.0800000000
56 46 43	0.2857142857
63 68 15	0.1428571429
46 53 47	0.0681818182
20 54 7	0.1428571429
20 4 14	0.1428571429
20 52 49	0.0168918919
63 63 85	0.1538461538
10 7 10	0.0740740741
84 17 10	0.1250000000
61 3 66	0.0113207547
0 2 66	0.0307692308
84 43 63	0.1250000000
63 46 39	0.0408163265
0 49 66	0.0149572650
0 61 56	0.0294117647
0 47 66	0.0190114068
46 1 52	0.0287769784
5 20 7	0.4000000000
61 19 10	0.0487804878
17 49 10	0.0116279070
0 11 10	0.0517241379
0 48 49	0.0086956522
49 47 2	0.0247747748
50 7 14	0.0740740741
50 5 7	0.0606060606
0 15 48	0.1086956522
63 60 53	0.0561797753
59 68 15	0.1428571429
61 52 49	0.0196850394
48 0 20	0.0588235294
49 68 4	0.2439024390
48 63 60	0.0909090909
51 0 7	0.0596330275
63 50 21	0.1147540984
59 66 49	0.0566037736
63 48 17	0.0287081340
46 84 0	0.0434782609
20 50 1	0.0684931507
63 48 53	0.0571428571
63 48 52	0.0888888889
0 20 53	0.0127659574
49 70 4	0.0566037736
46 14 2	0.2500000000
46 52 52	0.0205479452
63 33 20	0.1250000000
48 5 63	0.3714285714
73 50 47	0.0701754386
73 64 24	0.0666666667
63 14 14	0.1200000000
89 0 63	0.2222222222
89 0 43	0.1666666667
49 68 15	0.1428571429
49 50 7	0.0400000000
5 49 10	0.0093750000
46 10 43	0.1250000000
5 63 7	0.3333333333
50 15 49	0.0273224044
59 8 60	0.0800000000
49 10 63	0.3333333333
2 0 7	0.0303030303
67 56 46	0.2105263158
49 69 21	0.0355329949
49 66 79	0.0508474576
20 46 14	0.1250000000
0 2 20	0.1428571429
46 84 17	0.0625000000
0 15 6	0.0300000000
46 3 6	0.0588235294
46 46 2	0.0357142857
25 80 54	0.1612903226
59 32 7	0.1764705882
20 75 4	0.1538461538
46 60 53	0.0270270270
0 56 47	0.0437500000
49 67 15	0.1714285714
67 46 49	0.0222222222
50 56 0	0.0909090909
67 56 52	0.0465116279
20 49 56	0.1111111111
61 2 15	0.1333333333
61 56 84	0.1333333333
0 68 46	0.1463414634
61 2 56	0.0526315789
20 7 14	0.2352941176
50 3 7	0.1363636364
67 3 6	0.0224719101
67 20 47	0.0800000000
50 56 2	0.0227272727
46 89 0	0.1020408163
0 20 14	0.1071428571
46 48 52	0.1538461538
20 59 47	0.1428571429
49 46 38	0.0813953488
59 52 4	0.0089686099
5 46 17	0.0327868852
20 60 52	0.0588235294
20 46 48	0.2222222222
20 60 46	0.2941176471
46 43 17	0.0588235294
59 75 4	0.1333333333
67 3 46	0.2222222222
0 53 10	0.1052631579
0 13 66	0.0166666667
63 79 10	0.0714285714
61 54 66	0.0096153846
61 7 66	0.0117878193
0 49 39	0.1428571429
10 75 46	0.1111111111
73 49 46	0.2558139535
50 7 15	0.2000000000
67 7 49	0.0533333333
50 20 2	0.1428571429
46 3 46	0.2264150943
25 49 47	0.1200000000
63 89 2	0.1016949153
63 61 46	0.0666666667
0 56 48	0.0151515152
46 38 0	0.0800000000
59 14 10	0.0389610390
20 64 24	0.1176470588
63 43 17	0.0704225352
0 70 46	0.1904761905
61 5 56	0.0259740260
10 4 46	0.0869565217
17 56 46	0.1666666667
17 50 56	0.0833333333
49 10 2	0.0096153846
59 88 46	0.2500000000
51 50 56	0.0918367347
63 50 22	0.2888888889
20 1 7	0.1600000000
46 33 20	0.2000000000
46 48 43	0.1666666667
20 7 46	0.1228070175
46 53 53	0.0158730159
20 14 46	0.2903225806
67 51 20	0.0754716981
0 7 10	0.0078125000
0 11 49	0.0030211480
0 14 66	0.0162162162
0 70 15	0.0416666667
46 14 46	0.2272727273
63 6 24	0.1200000000
59 49 0	0.0331753555
10 85 0	0.0422535211
20 46 7	0.3125000000
49 7 60	0.1839080460
46 17 0	0.0320512821
49 53 53	0.0201612903
73 50 60	0.1200000000
50 20 6	0.0264550265
0 15 84	0.1333333333
48 5 46	0.2500000000
48 0 15	0.2380952381
67 2 20	0.1176470588
46 63 56	0.0833333333
20 47 4	0.1020408163
49 0 14	0.1718750000
50 20 7	0.2647058824
0 19 46	0.1034482759
17 0 63	0.2222222222
89 10 15	0.0769230769
0 22 46	0.1282051282
20 50 47	0.1470588235
25 6 46	0.2222222222
63 67 4	0.3684210526
63 48 14	0.2000000000
49 53 2	0.0054054054
63 79 63	0.2857142857
61 7 10	0.0404624277
63 56 33	0.1666666667
46 53 20	0.1000000000
46 10 7	0.0202020202
67 20 7	0.2631578947
5 63 89	0.1020408163
46 48 53	0.1111111111
46 53 52	0.0169491525
46 7 52	0.0555555556
20 13 7	0.1578947368
20 69 4	0.1739130435
20 7 52	0.0588235294
46 6 14	0.0952380952
33 56 49	0.0142857143
63 0 18	0.0081967213
10 64 36	0.0967741935
2 63 48	0.1176470588
25 3 4	0.1250000000
49 70 1	0.2941176471
20 54 46	0.3461538462
0 0 63	0.2068965517
61 4 46	0.2000000000
17 46 46	0.1428571429
25 52 53	0.0217391304
67 64 52	0.0666666667
63 66 17	0.1363636364
43 0 63	0.1333333333
63 84 17	0.0370370370
63 63 38	0.0588235294
48 63 6	0.0526315789
5 46 46	0.1818181818
63 70 4	0.0571428571
17 61 56	0.1052631579
89 39 43	0.1666666667
63 6 2	0.0258064516
73 6 60	0.0566037736
59 10 54	0.0344827586
25 49 6	0.0222222222
49 10 17	0.0454545455
59 54 52	0.0243902439
17 10 15	0.0769230769
10 79 84	0.1111111111
20 52 50	0.0123456790
0 20 52	0.0120481928
51 46 38	0.2500000000
59 3 50	0.0027972028
46 7 14	0.2222222222
20 53 15	0.1413043478
46 53 60	0.1000000000
46 48 6	0.0434782609
20 52 53	0.0150000000
59 57 10	0.0175438596
20 1 52	0.0474308300
61 3 10	0.0277777778
61 47 66	0.0285714286
33 56 66	0.0312500000
50 51 15	0.0731707317
46 89 46	0.2500000000
20 10 43	0.2000000000
63 2 0	0.0077519380
49 60 53	0.0121457490
46 48 0	0.0540540541
46 52 47	0.1320754717
20 14 52	0.0192307692
0 64 24	0.0140845070
63 46 84	0.3103448276
49 52 4	0.0111524164
48 63 89	0.2000000000
50 56 84	0.3076923077
46 6 6	0.0471204188
46 10 85	0.1764705882
59 6 10	0.0058479532
59 3 4	0.0116959064
59 10 0	0.0615384615
25 4 4	0.0400000000
49 70 46	0.2075471698
49 78 10	0.0090090090
67 15 48	0.1333333333
59 8 14	0.1230769231
59 67 4	0.2363636364
49 49 0	0.0271186441
89 56 46	0.1666666667
89 38 63	0.1428571429
0 7 14	0.0468750000
50 48 7	0.0909090909
49 13 10	0.0041493776
25 49 7	0.0909090909
59 2 7	0.1875000000
25 4 54	0.1555555556
0 7 2	0.0148148148
43 17 43	0.1666666667
56 50 46	0.0666666667
61 75 36	0.0476190476
0 60 66	0.0218978102
20 11 7	0.2068965517
63 39 79	0.0740740741
46 56 46	0.2500000000
61 64 36	0.0579710145
0 60 10	0.0285714286
51 46 52	0.0746268657
49 8 14	0.0819672131
20 4 7	0.3000000000
0 15 0	0.0270270270
49 60 60	0.0256410256
20 48 52	0.0178571429
48 63 7	0.2500000000
46 7 2	0.3000000000
2 63 63	0.2400000000
46 46 46	0.4166666667
51 50 7	0.0240963855
0 50 18	0.0087336245
61 20 10	0.0185185185
61 6 10	0.0535714286
20 53 52	0.0204081633
20 47 6	0.0476190476
49 64 52	0.0238095238
20 49 4	0.1348314607
59 50 7	0.0819672131
51 59 14	0.1304347826
50 15 52	0.0084745763
46 66 43	0.1250000000
0 3 14	0.0442477876
20 50 52	0.0392156863
20 32 6	0.0200000000
63 89 20	0.1142857143
46 89 85	0.1111111111
46 52 7	0.2173913043
46 1 7	0.1200000000
56 8 15	0.1000000000
56 65 46	0.0909090909
59 70 4	0.0285714286
20 88 46	0.2000000000
46 63 85	0.1111111111
50 48 15	0.1000000000
49 8 52	0.0131578947
0 1 15	0.2000000000
49 66 17	0.1200000000
59 70 1	0.1538461538
67 51 7	0.0612244898
50 7 52	0.0056497175
49 42 6	0.0638297872
20 8 14	0.1000000000
46 53 6	0.0382165605
33 82 46	0.1428571429
61 55 46	0.1428571429
33 20 10	0.0909090909
20 47 21	0.0540540541
46 33 85	0.1111111111
59 10 17	0.0350877193
25 4 52	0.0169491525
63 43 0	0.0689655172
56 68 46	0.0909090909
17 46 43	0.1666666667
20 48 14	0.1764705882
63 48 43	0.4615384615
20 68 46	0.1176470588
0 7 7	0.0740740741
63 63 79	0.2857142857
50 15 2	0.0256410256
61 66 15	0.0681818182
61 55 36	0.0526315789
33 64 46	0.1250000000
17 49 66	0.0061475410
0 56 0	0.0441176471
20 50 54	0.0476190476
48 20 46	0.1666666667
49 52 50	0.0040091638
46 61 6	0.0422535211
20 88 52	0.0833333333
20 54 52	0.0285714286
48 59 7	0.1200000000
10 17 84	0.1111111111
0 88 46	0.1000000000
46 17 2	0.0097087379
46 52 53	0.0129870130
63 0 24	0.0975609756
56 7 15	0.1000000000
2 17 46	0.0833333333
46 61 46	0.0681818182
46 6 60	0.0526315789
46 67 4	0.1111111111
2 63 14	0.1666666667
49 0 10	0.0135135135
46 6 47	0.0357142857
63 82 18	0.0256410256
33 46 39	0.1666666667
50 56 6	0.0125786164
50 46 49	0.0344827586
51 49 2	0.0098039216
63 84 2	0.0769230769
20 6 60	0.0344827586
63 20 10	0.0909090909
49 57 10	0.0067567568
0 56 14	0.0810810811
63 63 56	0.1578947368
20 1 14	0.0645161290
20 14 47	0.1250000000
20 2 6	0.0169491525
5 73 50	0.0327868852
56 47 46	0.0869565217
5 46 6	0.1333333333
73 50 53	0.0201342282
61 75 18	0.0061728395
63 66 79	0.0681818182
2 59 49	0.0070175439
67 15 84	0.2222222222
50 3 52	0.0211267606
49 42 47	0.0250000000
46 50 46	0.0526315789
59 47 50	0.0019607843
33 43 39	0.1666666667
50 2 7	0.1111111111
50 15 43	0.2857142857
49 1 60	0.0307692308
20 47 60	0.1578947368
25 52 52	0.0107526882
5 46 63	0.1818181818
5 20 6	0.0588235294
46 63 2	0.0714285714
63 56 63	0.3000000000
49 4 52	0.0046511628
20 57 52	0.0243902439
20 48 7	0.1304347826
20 14 7	0.0769230769
20 70 1	0.1818181818
2 63 6	0.0625000000
84 10 15	0.0769230769
0 70 36	0.0235294118
0 4 66	0.0075187970
63 56 49	0.0068965517
61 66 79	0.0909090909
59 48 7	0.0555555556
20 69 21	0.0444444444
59 11 49	0.0028790787
63 84 0	0.0487804878
59 67 15	0.2857142857
20 32 7	0.1176470588
0 56 84	0.2000000000
59 50 10	0.0129870130
50 2 15	0.1000000000
20 54 6	0.0217391304
0 21 47	0.0612244898
20 2 46	0.1851851852
2 49 53	0.0176470588
49 70 20	0.0810810811
56 66 15	0.1111111111
56 32 46	0.0588235294
59 32 10	0.0070921986
48 46 53	0.0909090909
20 14 53	0.0312500000
20 68 7	0.0769230769
20 6 53	0.0144927536
20 11 52	0.0094339623
46 14 14	0.1428571429
61 6 66	0.0164835165
67 3 7	0.2000000000
61 46 39	0.1250000000
0 14 49	0.0144927536
10 64 46	0.1153846154
0 54 66	0.0074626866
63 64 36	0.0833333333
2 0 56	0.0357142857
43 17 46	0.1176470588
0 65 15	0.0425531915
49 48 10	0.0185185185
46 52 2	0.0434782609
46 48 17	0.0263157895
20 50 7	0.0625000000
48 49 14	0.0555555556
0 78 66	0.0061349693
46 84 2	0.1111111111
46 46 17	0.0410958904
59 10 38	0.0909090909
59 10 79	0.0740740741
46 70 1	0.1111111111
73 50 14	0.0937500000
46 63 89	0.1111111111
20 42 6	0.0909090909
20 70 46	0.1538461538
5 0 20	0.1176470588
10 17 33	0.1428571429
48 20 14	0.1666666667
61 20 15	0.0666666667
49 60 2	0.0092592593
17 59 10	0.0135135135
0 50 66	0.0185185185
20 78 52	0.0253164557
49 32 10	0.0053475936
49 4 10	0.0434782609
20 54 47	0.0869565217
84 61 66	0.0740740741
61 24 10	0.0666666667
10 48 56	0.0666666667
33 20 46	0.0370370370
0 8 66	0.0186335404
10 17 10	0.0434782609
0 11 66	0.0081632653
63 1 10	0.0144404332
63 33 17	0.2857142857
20 3 14	0.0588235294
46 70 4	0.1000000000
49 10 79	0.0833333333
10 85 48	0.1111111111
56 46 17	0.0500000000
56 13 46	0.0500000000
20 46 60	0.2000000000
50 56 43	0.1666666667
20 70 7	0.1052631579
61 48 15	0.1000000000
0 21 6	0.0129870130
56 46 46	0.0909090909
46 47 4	0.1176470588
0 63 39	0.1111111111
61 46 48	0.0666666667
50 64 24	0.1538461538
20 8 15	0.2000000000
50 64 52	0.0714285714
46 63 63	0.2500000000
0 10 63	0.1666666667
0 78 10	0.0350877193
46 2 2	0.0769230769
0 82 46	0.1428571429
63 60 2	0.0491803279
46 48 60	0.2500000000
20 13 14	0.0312500000
5 46 53	0.1538461538
33 56 33	0.1666666667
67 64 46	0.1111111111
67 3 14	0.0769230769
59 77 50	0.0476190476
49 53 4	0.0119760479
46 61 60	0.2352941176
48 46 7	0.1428571429
48 63 14	0.1250000000
46 43 63	0.2500000000
2 49 60	0.0222222222
56 49 46	0.0357142857
61 56 66	0.0101010101
20 64 4	0.0588235294
2 63 7	0.2500000000
61 53 56	0.0769230769
17 38 63	0.1428571429
51 49 60	0.0181818182
20 32 52	0.0410958904
67 15 0	0.0731707317
67 15 63	0.1111111111
20 50 6	0.0129870130
84 63 10	0.1250000000
63 3 10	0.0044444444
0 20 10	0.0142857143
61 54 10	0.0434782609
49 10 38	0.1111111111
46 14 53	0.0322580645
5 46 52	0.0869565217
84 2 39	0.1666666667
50 56 7	0.0869565217
20 70 15	0.0769230769
63 84 63	0.1428571429
63 84 43	0.1428571429
67 15 49	0.0869565217
56 60 46	0.0588235294
46 52 15	0.2000000000
20 69 24	0.1538461538
59 60 7	0.0344827586
84 43 10	0.1250000000
63 60 60	0.0833333333
17 48 46	0.1111111111
5 67 15	0.1818181818
33 85 89	0.1666666667
61 19 66	0.0057803468
5 46 14	0.2857142857
59 7 10	0.0256410256
0 4 49	0.0109890110
46 46 84	0.0909090909
46 38 63	0.1111111111
61 22 46	0.0476190476
46 50 22	0.1111111111
59 50 21	0.0270270270
46 17 43	0.2857142857
63 48 38	0.0769230769
20 65 4	0.1111111111
20 14 6	0.0204081633
56 52 15	0.1000000000
56 57 46	0.0526315789
10 79 10	0.0434782609
59 68 7	0.0285714286
56 11 46	0.0588235294
56 46 63	0.1666666667
5 59 10	0.0033898305
84 0 49	0.0150000000
61 22 66	0.0212765957
63 82 46	0.1428571429
33 64 36	0.0833333333
20 42 52	0.1000000000
61 52 66	0.0140845070
48 46 46	0.1111111111
67 15 2	0.0769230769
48 20 7	0.1250000000
67 7 52	0.0392156863
20 50 21	0.0344827586
38 0 63	0.0909090909
43 0 43	0.1666666667
20 4 6	0.0200000000
20 32 14	0.0526315789
5 20 52	0.0222222222
46 84 63	0.1666666667
46 60 6	0.0131578947
0 0 43	0.1666666667
20 8 60	0.0416666667
33 17 10	0.0714285714
73 50 10	0.0697674419
20 7 15	0.2000000000
17 46 48	0.1000000000
38 33 56	0.0833333333
73 50 7	0.0270270270
20 67 4	0.1111111111
46 6 4	0.0476190476
84 0 63	0.0769230769
50 15 84	0.1428571429
20 6 2	0.0109890110
46 66 22	0.0909090909
46 89 56	0.0714285714
46 53 2	0.0263157895
20 49 14	0.0555555556
46 7 7	0.2222222222
20 53 6	0.0188679245
20 68 20	0.0370370370
20 50 14	0.0588235294
20 70 20	0.1111111111
51 25 4	0.0243902439
50 82 24	0.1428571429
20 67 15	0.1250000000
20 70 4	0.0476190476
46 50 21	0.0476190476
10 43 39	0.1428571429
61 55 18	0.0322580645
20 6 15	0.1000000