0	0.0000000000
1	0.2500000000
2	0.0000000000
3	0.0000000000
4	0.1818181818
5	0.0000000000
6	0.0000000000
7	0.0000000000
8	0.0000000000
9	0.0000000000
10	0.0000000000
11	0.0000000000
12	0.0000000000
13	0.0000000000
14	0.0000000000
15	0.0000000000
16	0.0000000000
17	0.0000000000
18	0.0000000000
19	0.0000000000
20	0.0000000000
21	0.1538461538
22	0.0000000000
24	0.1428571429
25	0.0000000000
26	0.0000000000
27	0.0000000000
28	0.0000000000
29	0.0000000000
30	0.0000000000
31	0.0000000000
32	0.0000000000
33	0.0000000000
34	0.0000000000
35	0.0000000000
36	0.0000000000
37	0.0000000000
38	0.0000000000
39	0.0000000000
40	0.0000000000
41	0.0000000000
42	0.0000000000
43	0.0000000000
44	0.0000000000
45	0.0000000000
46	0.0000000000
47	0.0000000000
48	0.0000000000
49	0.0000000000
50	0.0000000000
51	0.0000000000
52	0.0000000000
53	0.0000000000
54	0.0000000000
55	0.0000000000
56	0.0000000000
57	0.0000000000
58	0.0000000000
59	0.0000000000
60	0.0000000000
61	0.0000000000
62	0.0000000000
63	0.0000000000
64	0.0000000000
65	0.0000000000
66	0.0000000000
67	0.0000000000
68	0.0000000000
69	0.0000000000
70	0.0000000000
71	0.0000000000
72	0.0000000000
73	0.0000000000
74	0.0000000000
75	0.0000000000
76	0.0000000000
77	0.0000000000
78	0.0000000000
79	0.0000000000
80	0.0000000000
81	0.0000000000
82	0.0000000000
83	0.0000000000
84	0.0000000000
85	0.0000000000
86	0.0000000000
87	0.0000000000
88	0.0000000000
89	0.0000000000
90	0.0000000000
91	0.0000000000
92	0.0000000000
4 13	0.1219512195
1 52	0.1626016260
23 14	0.1764705882
1 42 32	0.2500000000
4 49	0.0930232558
23 59	0.3148148148
23 32	0.1818181818
23 49	0.0842105263
4 1	0.2571428571
4 6	0.2063492063
23 13	0.1360000000
1 0	0.2352941176
4 52	0.1836734694
23 7	0.1500000000
23 6	0.1592920354
23 52	0.1451612903
23 54	0.1538461538
23 50	0.0363636364
4 0	0.2000000000
1 3 20	0.4062500000
4 4 49	0.1000000000
1 60	0.2941176471
23 47	0.1612903226
1 57	0.4210526316
23 3 59	0.3306930693
4 69 31	0.0975609756
1 6 0	0.2954545455
23 11	0.2916666667
23 13 52	0.1897810219
1 57 1	0.2909090909
1 0 49	0.1360000000
48 21 48	0.2500000000
1 53 13	0.1904761905
1 11 59	0.2352941176
4 3 59	0.4020100503
1 60 3	0.1065573770
23 13 49	0.1670000000
1 49 4	0.2500000000
4 8 3	0.0392156863
1 54	0.4444444444
4 0 1	0.2727272727
1 6 13	0.1449541284
23 11 50	0.0467289720
4 0 50	0.0727272727
4 59	0.1666666667
23 11 3	0.1215469613
1 66 3	0.3323442136
1 1	0.2653061224
23 57	0.2916666667
1 54 1	0.3174603175
23 57 6	0.1650943396
23 8	0.0540540541
1 8	0.1351351351
1 49	0.1161290323
1 3 6	0.2320987654
4 17 49	0.2912621359
1 50 52	0.3272727273
23 52 1	0.2827004219
4 3	0.1228070175
1 6 49	0.1186252772
4 47 78	0.1818181818
48 21	0.2307692308
48 31	0.1176470588
48 23 48	0.3076923077
4 32	0.2857142857
23 47 60	0.2894736842
23 54 54	0.4166666667
1 59 32	0.4912280702
1 1 53	0.0520231214
1 13	0.1136363636
23 3 47	0.1839080460
23 60 57	0.2727272727
4 11	0.3333333333
4 78 49	0.1250000000
23 49 20	0.2516339869
4 3 60	0.2173913043
23 47 23	0.4800000000
23 50 18	0.0635838150
1 59	0.3043478261
4 6 48	0.3548387097
1 59 11	0.4166666667
4 14 13	0.1250000000
1 78 49	0.1025641026
23 4 60	0.1818181818
48 1	0.2500000000
1 6	0.2000000000
48 1 60	0.4000000000
23 32 59	0.3492063492
4 1 3	0.1161971831
23 59 11	0.3636363636
48 21 59	0.2000000000
1 75 18	0.0818181818
1 52 1	0.3125000000
1 61 7	0.2105263158
23 1	0.2500000000
23 1 3	0.1193181818
4 13 49	0.1741741742
23 49 6	0.2235294118
23 78	0.1538461538
4 60	0.1000000000
23 4	0.0769230769
4 59 11	0.3181818182
4 11 60	0.5000000000
4 4 13	0.1333333333
1 52 52	0.1827160494
1 66 7	0.2865853659
1 50	0.0344827586
4 52 48	0.3255813953
48 23	0.1000000000
1 3 59	0.3653444676
23 47 6	0.1749347258
1 11	0.3809523810
4 14 1	0.3055555556
1 3	0.0882352941
1 52 49	0.1217887726
23 60	0.3000000000
4 57 1	0.2894736842
23 11 49	0.1298245614
23 47 52	0.1512915129
23 1 60	0.1724137931
23 59 52	0.1629629630
4 8	0.1200000000
23 3	0.1088435374
23 13 13	0.1240506329
1 59 50	0.0877192982
23 59 1	0.3050847458
23 2 52	0.2303370787
23 13 6	0.2148997135
1 7 1	0.3666666667
1 78	0.2631578947
1 53 3	0.2645914397
23 52 8	0.0800000000
23 54 6	0.1538461538
1 3 32	0.5076923077
4 47	0.0952380952
23 47 13	0.1706161137
1 6 3	0.1696891192
23 52 53	0.0706521739
1 3 1	0.3409090909
1 13 49	0.1931330472
4 47 13	0.1666666667
1 1 60	0.2105263158
1 1 52	0.1757188498
4 3 3	0.1354581673
23 8 6	0.1794871795
1 14	0.1428571429
4 0 8	0.1739130435
1 48	0.1764705882
4 53 50	0.0845070423
4 0 59	0.2909090909
4 1 59	0.2777777778
4 53 6	0.1777777778
4 14 54	0.2352941176
23 3 14	0.0862068966
1 49 59	0.3609467456
48 1 13	0.1136363636
4 11 8	0.2000000000
4 68 52	0.1250000000
1 49 7	0.2576419214
1 1 78	0.3333333333
1 59 52	0.1958456973
23 78 52	0.1428571429
23 3 88	0.4000000000
23 59 32	0.4333333333
23 6 50	0.0502512563
1 4 6	0.1949152542
4 53 59	0.1875000000
23 52 60	0.2441860465
4 52 49	0.1199040767
1 3 3	0.1431767338
1 53 20	0.2196969697
4 3 6	0.2286995516
23 13 48	0.1896551724
4 53	0.0967741935
1 52 48	0.3333333333
1 8 57	0.5000000000
48 21 6	0.1511627907
1 70 52	0.3181818182
4 49 52	0.2566371681
23 6 3	0.1712707182
23 8 3	0.0707070707
23 66 7	0.2285714286
4 8 11	0.2777777778
23 53 19	0.4375000000
23 49 49	0.1036339166
4 47 3	0.1538461538
23 6 59	0.3466666667
24 6 59	0.1568627451
23 59 78	0.3478260870
23 3 3	0.1289782245
23 78 49	0.1224489796
24 3	0.1363636364
24 52	0.1428571429
23 3 6	0.2010771993
1 6 1	0.2831325301
23 6 7	0.1250000000
23 68 7	0.3076923077
24 52 60	0.1333333333
23 59 4	0.1612903226
23 6 49	0.1157635468
24 0	0.1818181818
68 20	0.1250000000
24 59	0.2222222222
24 78 49	0.1515151515
23 2	0.1153846154
24 49 52	0.1190476190
24 53	0.0769230769
23 78 2	0.2127659574
24 3 6	0.1511627907
23 57 2	0.3541666667
23 47 0	0.3220338983
24 13	0.2000000000
1 6 11	0.4285714286
23 6 78	0.3466666667
68 20 57	0.1111111111
24 57	0.1250000000
24 6 2	0.2142857143
23 57 13	0.1472392638
1 10 3	0.3750000000
23 3 78	0.2878787879
1 60 13	0.1300000000
24 6	0.1111111111
23 48	0.1363636364
24 6 1	0.3043478261
23 1 2	0.2187500000
24 3 13	0.1208791209
24 59 32	0.0769230769
24 7	0.1000000000
24 1	0.1250000000
1 14 6	0.1839080460
4 52 47	0.1083333333
48 4 78	0.2857142857
23 57 54	0.5312500000
1 59 59	0.3450704225
1 52 60	0.2750000000
23 11 60	0.4444444444
4 57	0.2307692308
4 6 32	0.4500000000
1 6 6	0.2109038737
4 1 49	0.1071428571
1 13 6	0.2379032258
4 1 88	0.4444444444
4 14	0.1538461538
23 47 50	0.0669642857
4 66 59	0.3870967742
1 14 49	0.1111111111
1 4	0.2000000000
4 6 3	0.1569620253
23 78 13	0.1595092025
23 60 32	0.2222222222
1 6 59	0.3373015873
1 2 13	0.1222222222
23 1 59	0.2769230769
4 49 49	0.1061946903
4 11 49	0.1196581197
48 31 32	0.1818181818
1 14 0	0.2894736842
23 6 6	0.2131410256
1 11 8	0.1525423729
1 7 0	0.3035714286
1 46 52	0.1492537313
4 78	0.2307692308
4 13 3	0.1403508772
24 8 47	0.0625000000
23 49 1	0.2881355932
23 7 52	0.1935483871
24 47	0.0909090909
23 46 1	0.3275862069
23 59 2	0.2771084337
24 52 11	0.2941176471
23 3 52	0.1763602251
23 47 53	0.0990099010
24 13 2	0.2352941176
23 52 57	0.4318181818
23 52 59	0.2884615385
1 13 13	0.1176470588
23 59 49	0.1114503817
23 6 54	0.4848484848
23 50 1	0.2698412698
23 52 0	0.2394366197
1 1 2	0.1518987342
24 52 49	0.1006289308
23 52 52	0.1694267516
23 47 57	0.4310344828
24 1 2	0.3636363636
23 48 3	0.0709677419
24 6 6	0.2735849057
23 53	0.0526315789
23 49 24	0.4150943396
23 8 35	0.1428571429
1 2	0.1481481481
1 0 78	0.3125000000
1 32	0.4117647059
31 5 56	0.3510638298
4 6 49	0.1041666667
21 11	0.3333333333
31 20 32	0.7500000000
23 47 49	0.1152737752
31 3	0.2151898734
21 2	0.2000000000
21 3	0.0869565217
21 6 6	0.2587991718
21 52	0.1851851852
31 15	0.0800000000
21 10 20	0.2500000000
31 5 20	0.2129629630
21 1	0.2272727273
4 47 11	0.4117647059
21 13	0.1224489796
21 54	0.4285714286
21 32 59	0.3333333333
21 78	0.0833333333
21 6	0.2093023256
1 11 52	0.1640625000
4 52 3	0.1232394366
1 64 52	0.3571428571
21 6 59	0.3750000000
31 6	0.2068965517
31 3 57	0.5507246377
21 10 15	0.0652173913
2 1	0.1818181818
21 60 2	0.4400000000
21 52 13	0.1381818182
31 57 6	0.3076923077
4 59 52	0.1782178218
31 52 49	0.1283185841
31 3 2	0.2966101695
4 6 2	0.0704225352
21 49	0.1162790698
31 7 32	0.5625000000
23 53 3	0.2654867257
31 49	0.1400000000
1 60 2	0.2916666667
23 13 47	0.1904761905
6 24	0.2222222222
6 47 47	0.0625000000
6 47 50	0.1500000000
6 3 47	0.1944444444
6 6	0.0769230769
16 50	0.1428571429
6 3	0.2105263158
23 52 3	0.1297814208
6 59 50	0.0952380952
6 6 6	0.0144927536
6 13 25	0.1428571429
23 49 52	0.2070116861
23 4 76	0.1428571429
23 30 50	0.1666666667
23 4 34	0.1111111111
6 49 50	0.1176470588
23 71 50	0.1428571429
6 6 50	0.0625000000
6 47 3	0.0357142857
23 80 50	0.1818181818
23 4 47	0.1190476190
6 10 25	0.1666666667
6 77 50	0.1000000000
1 57 57	0.4687500000
23 13 3	0.1478260870
4 6 50	0.0384615385
1 54 6	0.1788079470
1 0 54	0.2105263158
23 66 3	0.2769784173
1 59 8	0.1379310345
1 67 7	0.1818181818
1 78 8	0.1891891892
1 1 59	0.3026315789
4 47 23	0.5750000000
1 54 54	0.4375000000
1 69 1	0.3246753247
48 4 52	0.1904761905
1 6 48	0.3263157895
1 1 49	0.1075268817
23 13 32	0.3148148148
4 57 6	0.1521739130
1 0 4	0.1428571429
23 49 13	0.1159420290
23 49 32	0.3918918919
23 14 13	0.1538461538
4 1 1	0.2745098039
23 3 1	0.3030303030
23 3 48	0.1703703704
23 49 18	0.0754716981
23 49 15	0.1019108280
1 6 78	0.3139534884
1 1 13	0.1142857143
24 3 59	0.2222222222
23 6 60	0.2678571429
24 6 78	0.2608695652
23 49 78	0.3333333333
23 78 57	0.4615384615
24 57 1	0.1176470588
1 52 3	0.1387054161
24 3 60	0.0833333333
24 8 11	0.4000000000
23 49 59	0.3162790698
23 57 32	0.5357142857
24 65 22	0.1428571429
1 49 1	0.3396226415
24 13 49	0.1018518519
24 48 54	0.1250000000
23 70 23	0.4615384615
23 59 3	0.1204301075
24 6 49	0.0987654321
23 13 20	0.4375000000
24 0 3	0.0888888889
23 53 22	0.1739130435
1 17 49	0.2971014493
23 10 20	0.2222222222
24 49 24	0.1250000000
23 49 19	0.3877551020
31 20	0.2500000000
31 59	0.3181818182
31 53 3	0.3076923077
31 52 1	0.2131147541
21 59 57	0.2222222222
21 1 2	0.3103448276
21 32	0.3846153846
21 59	0.2500000000
31 59 3	0.1183431953
31 49 20	0.3076923077
2 23	0.1000000000
1 60 54	0.4705882353
31 5 7	0.2946428571
21 3 59	0.4262295082
31 7 57	0.4814814815
31 47 54	0.5882352941
4 2 3	0.1111111111
31 2 6	0.2000000000
23 1 6	0.2122302158
31 3 32	0.6393442623
31 3 47	0.2146341463
21 61 7	0.2804878049
1 4 60	0.3333333333
31 49 2	0.0921052632
1 49 52	0.2229299363
31 7	0.0740740741
31 3 3	0.1219512195
4 11 52	0.1224489796
21 53 3	0.2335329341
31 49 52	0.2213740458
21 57	0.5454545455
21 6 48	0.2659574468
4 47 57	0.4285714286
4 53 54	0.3529411765
4 7 13	0.1000000000
4 14 47	0.0833333333
1 0 14	0.2105263158
1 52 59	0.3319502075
4 6 78	0.3653846154
1 17 59	0.4040404040
4 1 54	0.2727272727
4 6 8	0.1632653061
1 60 32	0.3333333333
4 1 4	0.1538461538
4 52 57	0.4444444444
4 52 0	0.3103448276
4 49 4	0.2619047619
23 6 24	0.3600000000
4 4 6	0.1724137931
23 3 50	0.0594594595
1 11 32	0.5714285714
1 7 49	0.1391304348
1 49 19	0.3673469388
1 1 6	0.2252747253
1 53 24	0.4090909091
1 7	0.0800000000
23 65 20	0.2051282051
1 14 53	0.1139240506
24 78 11	0.4000000000
23 52 13	0.1245791246
24 49	0.0555555556
23 32 3	0.1526315789
23 48 78	0.3684210526
23 6 1	0.2546583851
23 47 3	0.1062500000
24 1 49	0.1188811189
23 6 4	0.2240000000
1 61 20	0.1578947368
23 48 47	0.1728395062
23 48 11	0.4722222222
1 66 19	0.3636363636
24 57 53	0.0909090909
24 48	0.1250000000
24 48 6	0.1315789474
23 52 11	0.3888888889
24 14 52	0.1111111111
24 0 47	0.1153846154
1 6 42	0.1000000000
24 0 52	0.1176470588
68 55 7	0.1666666667
24 6 13	0.0943396226
1 53	0.0166666667
1 49 78	0.3142857143
23 11 59	0.3269230769
1 52 54	0.4333333333
4 3 52	0.2171945701
1 11 47	0.2567567568
48 21 78	0.2500000000
23 59 6	0.1766109785
4 53 53	0.1454545455
23 49 47	0.1794871795
1 13 52	0.1900000000
23 2 3	0.1769911504
1 3 52	0.2053789731
1 3 13	0.1347150259
23 59 14	0.1320754717
1 2 11	0.2222222222
1 1 3	0.1338199513
48 1 3	0.1111111111
23 6 48	0.2808219178
23 3 53	0.0532786885
48 23 3	0.1454545455
1 52 32	0.5157894737
4 6 13	0.1282051282
23 11 11	0.4090909091
23 50 29	0.1379310345
1 49 47	0.2234042553
23 50 3	0.2268907563
4 52 1	0.3258426966
4 6 53	0.0437956204
23 50 13	0.0980392157
1 48 47	0.2068965517
21 6 3	0.1866666667
21 53 6	0.2083333333
21 60	0.1333333333
23 57 57	0.4285714286
1 52 57	0.4588235294
21 6 49	0.1200657895
31 3 6	0.2367816092
23 78 88	0.4444444444
1 52 13	0.1442786070
21 6 2	0.2038834951
21 8 6	0.2361111111
1 8 4	0.2857142857
21 2 6	0.2837837838
21 47 32	0.6818181818
4 60 6	0.1320754717
31 56	0.1481481481
4 49 20	0.2465753425
21 17 59	0.3548387097
31 3 52	0.1951871658
6 4 49	0.1500000000
31 3 11	0.4927536232
21 3 57	0.2727272727
21 13 49	0.1693548387
23 52 4	0.2115384615
4 66 3	0.3723404255
31 51 3	0.3600000000
31 52 0	0.1739130435
1 1 1	0.3230769231
21 3 6	0.2666666667
31 3 13	0.1328125000
23 11 13	0.1329479769
31 20 47	0.1720430108
21 7 6	0.2065217391
21 7 32	0.3750000000
21 52 52	0.2000000000
1 14 54	0.3076923077
31 59 59	0.3235294118
21 60 1	0.0606060606
31 3 1	0.3040000000
31 47	0.1363636364
31 52	0.1470588235
1 7 11	0.4117647059
31 3 59	0.4000000000
2 1 59	0.2727272727
1 52 14	0.1000000000
1 4 32	0.5384615385
21 49 15	0.1176470588
21 66 3	0.3411764706
23 3 13	0.1414728682
31 20 52	0.1758793970
21 53	0.0769230769
31 20 13	0.1760563380
31 7 52	0.1568627451
31 56 49	0.1176470588
21 57 13	0.1097560976
31 20 11	0.5000000000
1 14 59	0.2380952381
2 4	0.2222222222
1 59 47	0.1898734177
21 52 49	0.1320754717
1 48 52	0.1976744186
21 59 6	0.2782608696
1 54 52	0.1869158879
23 59 53	0.0601092896
1 59 60	0.3200000000
21 75 4	0.3076923077
23 52 32	0.4444444444
6 24 3	0.1063829787
4 59 32	0.4642857143
21 60 7	0.2631578947
21 47	0.1428571429
21 66 7	0.2647058824
21 60 52	0.2666666667
1 4 31	0.1333333333
31 56 3	0.1228070175
23 78 59	0.2537313433
21 4	0.2000000000
31 49 4	0.2758620690
31 47 32	0.6428571429
21 47 13	0.1584158416
23 3 54	0.4390243902
21 59 49	0.1074766355
4 8 6	0.1230769231
21 0	0.0909090909
21 47 6	0.2205882353
21 50 60	0.3333333333
4 70 23	0.1904761905
21 49 1	0.2985074627
2 23 2	0.2500000000
21 1 52	0.2015503876
23 78 54	0.4347826087
21 10 7	0.2083333333
31 48 59	0.3200000000
23 48 1	0.2352941176
23 3 60	0.2564102564
23 65 3	0.3015873016
24 17 49	0.1666666667
24 57 59	0.1538461538
24 78 1	0.0714285714
23 52 49	0.1105626851
23 48 60	0.3125000000
24 1 6	0.1707317073
24 1 59	0.1555555556
24 8 6	0.1034482759
24 49 49	0.0851063830
23 11 54	0.4642857143
23 14 6	0.1779661017
24 57 49	0.1304347826
23 7 78	0.1000000000
24 52 13	0.1038961039
23 46 52	0.1612903226
1 60 6	0.1617647059
23 1 53	0.0656934307
1 0 6	0.1494252874
68 19 49	0.0434782609
23 52 47	0.1849529781
23 48 49	0.1206225681
24 48 78	0.1666666667
1 49 49	0.1118644068
23 78 1	0.3230769231
23 1 13	0.1093247588
23 3 2	0.1565656566
23 1 78	0.2692307692
24 53 6	0.1590909091
1 6 54	0.4516129032
1 3 31	0.1250000000
24 66 56	0.1666666667
23 8 32	0.5555555556
23 52 78	0.3103448276
23 14 53	0.0983606557
23 59 60	0.2424242424
23 1 11	0.3658536585
23 59 59	0.2934131737
23 8 49	0.1232876712
23 66 49	0.4255319149
23 57 49	0.1236363636
24 53 22	0.0909090909
23 48 54	0.4800000000
1 53 48	0.1764705882
1 3 2	0.1118012422
4 48 52	0.1794871795
1 53 0	0.3000000000
1 49 60	0.1935483871
1 57 13	0.1230769231
4 53 8	0.1627906977
1 11 3	0.1392405063
48 21 52	0.1481481481
23 32 8	0.1351351351
4 52 4	0.1818181818
1 42 3	0.1333333333
4 54	0.1666666667
23 50 54	0.3181818182
23 61 56	0.2500000000
48 23 52	0.2156862745
23 53 21	0.0769230769
1 14 50	0.0277777778
23 8 8	0.1162790698
23 78 47	0.1960784314
23 32 32	0.4090909091
4 6 59	0.3464566929
4 48 3	0.1186440678
1 2 52	0.2359550562
23 68 4	0.2222222222
4 47 4	0.2285714286
1 53 53	0.0943396226
4 59 8	0.2000000000
23 60 6	0.2040816327
4 13 52	0.1870967742
4 52 52	0.1861198738
23 61 7	0.3294117647
1 50 23	0.5750000000
1 49 20	0.2580645161
23 59 48	0.2692307692
4 1 11	0.2647058824
48 21 8	0.1666666667
1 60 57	0.4583333333
4 53 1	0.3200000000
23 49 7	0.2469135802
23 57 1	0.2500000000
23 54 52	0.2388059701
1 67 31	0.0674157303
1 54 4	0.2222222222
4 48 60	0.2857142857
23 1 52	0.1562500000
21 6 78	0.2068965517
31 3 60	0.3783783784
1 50 3	0.2991452991
31 48 20	0.2857142857
31 20 53	0.1240875912
23 75 4	0.3200000000
21 54 47	0.1951219512
2 23 32	0.4166666667
1 48 53	0.0634920635
1 49 11	0.3265306122
21 52 2	0.3582089552
4 65 7	0.2121212121
31 6 6	0.2485875706
21 47 0	0.2187500000
31 59 52	0.2043795620
21 54 3	0.1222222222
1 78 6	0.1846153846
23 53 20	0.1777777778
31 2 52	0.2187500000
21 49 52	0.2281368821
31 6 3	0.1476510067
4 7 52	0.1756756757
31 64 3	0.3636363636
31 52 57	0.4090909091
6 24 13	0.1176470588
21 57 50	0.0384615385
31 13	0.0833333333
4 47 49	0.1327433628
23 11 8	0.1641791045
4 59 47	0.1475409836
23 47 59	0.2295081967
1 3 14	0.1395348837
1 54 49	0.1082474227
23 53 57	0.4285714286
4 3 1	0.3600000000
1 60 52	0.2150537634
4 6 11	0.3793103448
4 1 6	0.2389380531
4 59 6	0.1545454545
23 7 49	0.1130434783
4 13 13	0.1095890411
23 8 78	0.2307692308
23 57 52	0.1897810219
1 46 6	0.1886792453
4 2 59	0.2352941176
1 52 8	0.1129943503
1 1 50	0.0412371134
1 7 6	0.1818181818
1 66 15	0.1164383562
23 54 3	0.1529411765
1 32 13	0.1363636364
1 52 47	0.2031746032
1 59 3	0.1623036649
23 46 56	0.3076923077
1 0 52	0.1551724138
23 1 57	0.3260869565
1 1 32	0.4677419355
4 7 0	0.3142857143
1 49 22	0.1724137931
4 49 18	0.1000000000
1 3 47	0.2135416667
23 42 57	0.2222222222
1 50 22	0.1176470588
4 57 57	0.5000000000
1 32 49	0.0890410959
23 7 0	0.2000000000
1 57 49	0.1083743842
23 3 8	0.1355932203
1 8 78	0.2000000000
23 78 50	0.0704225352
23 42 32	0.3636363636
48 21 3	0.0724637681
1 66 59	0.4117647059
23 8 47	0.1076923077
1 6 19	0.1111111111
24 6 3	0.1310344828
24 69 1	0.2142857143
24 11 3	0.1000000000
24 7 6	0.2051282051
24 32 59	0.1000000000
68 20 13	0.1363636364
23 6 13	0.1360824742
1 7 52	0.1440677966
23 13 11	0.3137254902
23 65 7	0.2957746479
23 11 2	0.2448979592
23 7 6	0.1656050955
31 20 1	0.3304347826
4 32 47	0.2307692308
21 50 49	0.1086956522
1 3 11	0.4074074074
21 6 53	0.0732984293
31 51 20	0.2792792793
21 32 13	0.1011235955
6 3 13	0.0845070423
21 7 0	0.2187500000
21 70 3	0.3333333333
21 52 1	0.2755102041
1 60 7	0.2000000000
1 6 47	0.1517509728
21 46 52	0.2000000000
4 0 32	0.5238095238
1 7 3	0.0888888889
1 49 48	0.1217948718
1 68 19	0.3793103448
23 52 2	0.2012195122
23 49 22	0.1379310345
31 60	0.1250000000
21 59 59	0.3442622951
21 47 53	0.1237113402
21 75 24	0.2222222222
4 78 13	0.1612903226
21 1 49	0.1132075472
1 66 56	0.1606425703
21 52 54	0.4000000000
31 20 2	0.3200000000
23 48 32	0.4166666667
31 51 7	0.3333333333
21 6 54	0.4482758621
1 6 53	0.0599250936
23 47 2	0.1348314607
31 82 52	0.3333333333
31 10 3	0.3500000000
31 13 1	0.2222222222
21 66 19	0.4285714286
21 7	0.0666666667
21 11 48	0.1818181818
21 64 3	0.3448275862
1 8 49	0.0833333333
6 18 32	0.3846153846
1 1 14	0.2000000000
21 64 52	0.3478260870
1 52 53	0.0927318296
21 54 13	0.1609195402
21 54 49	0.1014492754
21 1 6	0.2446043165
1 11 48	0.2142857143
4 66 56	0.1449275362
21 49 4	0.2156862745
21 47 2	0.2500000000
23 3 11	0.4473684211
23 64 24	0.2592592593
4 47 50	0.1111111111
1 60 59	0.3783783784
23 10 0	0.2666666667
23 1 54	0.2916666667
1 52 11	0.4642857143
4 53 20	0.2368421053
4 70 18	0.1028037383
23 64 29	0.1375000000
4 1 13	0.1134453782
1 49 29	0.0740740741
1 53 19	0.3461538462
4 32 8	0.0909090909
4 0 3	0.1308411215
1 11 53	0.1139240506
23 32 1	0.2432432432
23 50 60	0.3333333333
1 78 52	0.1509433962
4 53 56	0.2244897959
48 1 54	0.2142857143
1 13 3	0.1371951220
24 8 53	0.0625000000
24 1 3	0.0648148148
23 8 13	0.1176470588
24 1 11	0.2857142857
24 57 2	0.3076923077
23 47 11	0.3921568627
23 7 11	0.5294117647
1 49 57	0.3220338983
6 3 50	0.0285714286
23 1 50	0.0510204082
1 59 57	0.3673469388
21 52 14	0.0731707317
31 3 50	0.0238095238
1 7 57	0.4761904762
6 9 3	0.2000000000
21 13 13	0.0980392157
31 20 3	0.1165048544
21 54 1	0.3111111111
23 46 6	0.1666666667
31 7 49	0.1239316239
21 78 52	0.1551724138
1 8 8	0.1176470588
21 78 49	0.0824742268
1 57 60	0.4615384615
1 67 56	0.2222222222
31 13 49	0.1814671815
21 3 13	0.1125000000
2 4 1	0.2083333333
31 51 56	0.1600000000
21 50 52	0.3500000000
31 52 78	0.2800000000
23 7 13	0.1718750000
23 6 11	0.4193548387
21 0 49	0.1692307692
31 60 49	0.1063829787
31 49 47	0.2923076923
31 32	0.1818181818
21 52 3	0.1237458194
4 48	0.1818181818
21 66 15	0.0574712644
21 47 21	0.2162162162
31 53 24	0.3333333333
23 11 32	0.5806451613
31 47 2	0.2333333333
1 57 59	0.2857142857
31 78	0.1818181818
21 50 3	0.2777777778
31 7 6	0.2316384181
21 6 4	0.2330097087
1 2 6	0.2072072072
4 52 59	0.3750000000
1 57 47	0.2205882353
1 53 52	0.2187500000
23 11 1	0.3048780488
1 0 13	0.1250000000
23 6 57	0.3666666667
4 14 52	0.1500000000
1 32 3	0.1582733813
48 4 6	0.1481481481
4 53 49	0.1224489796
4 53 14	0.0588235294
4 7 57	0.2727272727
1 70 3	0.3768115942
23 49 53	0.0547263682
1 50 1	0.3492063492
23 1 49	0.1045751634
23 53 6	0.1886792453
4 4 78	0.2857142857
1 53 11	0.4210526316
23 32 57	0.3461538462
23 1 8	0.0781250000
1 59 1	0.2954545455
23 32 13	0.1276595745
1 13 47	0.2205882353
21 49 49	0.1150159744
21 1 3	0.1360946746
23 8 2	0.1967213115
1 6 50	0.0467289720
21 0 59	0.2000000000
21 47 23	0.5750000000
31 3 8	0.0566037736
21 47 54	0.6190476190
31 61 7	0.2790697674
2 23 49	0.1095890411
21 78 1	0.3636363636
1 10 15	0.1428571429
31 59 48	0.3125000000
31 59 6	0.2714285714
31 5 3	0.2846153846
4 32 59	0.2666666667
4 10 20	0.2368421053
4 17 59	0.3896103896
21 53 2	0.1333333333
1 54 13	0.1520000000
24 59 49	0.1200000000
24 78 52	0.1250000000
24 1 13	0.1521739130
23 49 4	0.2000000000
1 52 78	0.2873563218
24 53 48	0.1250000000
23 32 47	0.1842105263
24 52 59	0.2195121951
24 53 56	0.2666666667
23 2 47	0.1666666667
1 14 13	0.1800000000
23 48 57	0.4000000000
23 52 50	0.0458221024
23 4 25	0.1428571429
4 49 48	0.0833333333
1 59 6	0.2050473186
4 53 32	0.4545454545
1 13 7	0.1428571429
1 49 13	0.1346633416
23 49 57	0.3548387097
1 53 6	0.1610169492
23 78 6	0.2000000000
23 4 6	0.1148648649
23 64 52	0.2666666667
48 21 54	0.2142857143
23 54 78	0.3333333333
21 49 56	0.2500000000
4 47 59	0.1666666667
23 32 6	0.1914893617
21 32 3	0.1616161616
1 69 21	0.2702702703
4 1 2	0.1250000000
23 53 78	0.1818181818
21 49 32	0.4285714286
31 53 19	0.3750000000
21 48 59	0.3157894737
1 8 6	0.1864406780
31 15 78	0.1578947368
31 52 54	0.4000000000
21 59 3	0.1654135338
23 54 11	0.4782608696
31 49 49	0.1073446328
21 8	0.0555555556
1 53 1	0.2909090909
21 13 6	0.2560000000
21 53 54	0.5000000000
31 52 13	0.1319444444
1 59 78	0.3103448276
1 52 0	0.2903225806
23 3 32	0.4615384615
48 31 3	0.2405063291
23 47 8	0.0916666667
48 31 6	0.1034482759
23 13 57	0.3400000000
4 7 6	0.1818181818
4 70 52	0.3461538462
23 49 8	0.1262135922
4 3 50	0.0888888889
23 10 15	0.0984848485
1 14 32	0.3076923077
1 6 14	0.1612903226
4 59 3	0.1562500000
24 50 1	0.2647058824
24 50 3	0.1875000000
24 52 52	0.1016949153
24 0 2	0.2500000000
24 0 32	0.1666666667
24 32 52	0.0833333333
24 11 11	0.2222222222
24 68 20	0.1818181818
24 52 1	0.2571428571
23 52 54	0.4057971014
24 1 54	0.1111111111
23 4 1	0.1898734177
4 78 1	0.2926829268
4 48 49	0.1182795699
4 6 6	0.1992882562
23 6 32	0.3928571429
1 66 22	0.2083333333
1 13 14	0.0967741935
4 57 14	0.1333333333
23 47 47	0.1739130435
23 32 52	0.1857142857
1 14 52	0.1442307692
48 31 56	0.0740740741
4 59 49	0.1130952381
4 13 47	0.2428571429
4 49 56	0.1250000000
1 10 20	0.2469135802
23 78 53	0.0666666667
4 59 59	0.3125000000
1 49 6	0.2093663912
48 1 57	0.3076923077
4 60 1	0.2068965517
1 0 3	0.1011235955
1 13 48	0.2441860465
1 70 18	0.0942028986
4 8 53	0.0312500000
4 78 47	0.1363636364
4 52 13	0.1741293532
4 3 11	0.2307692308
1 3 53	0.0614525140
1 11 50	0.0989010989
23 47 32	0.5526315789
1 78 3	0.1068702290
21 13 3	0.1547619048
21 49 20	0.3071428571
1 78 4	0.1578947368
21 32 49	0.0776699029
31 52 53	0.0978260870
2 1 53	0.1071428571
1 57 2	0.2285714286
21 6 47	0.1912568306
23 3 57	0.4743589744
4 3 57	0.2962962963
21 60 4	0.2777777778
21 6 13	0.1250000000
2 23 11	0.3076923077
21 49 59	0.3333333333
31 52 52	0.2021276596
1 2 1	0.2105263158
1 11 11	0.4166666667
21 49 22	0.1428571429
24 53 13	0.1666666667
24 13 6	0.2142857143
1 68 52	0.2142857143
23 10 3	0.2680412371
24 50 13	0.0952380952
23 13 60	0.2142857143
21 7 3	0.0967741935
21 59 52	0.1879699248
1 53 56	0.2348484848
23 13 1	0.2089552239
1 49 32	0.4354838710
21 49 47	0.2285714286
23 53 15	0.1250000000
21 4 49	0.1206896552
21 8 2	0.1666666667
21 53 56	0.3235294118
31 7 47	0.2045454545
21 78 3	0.1898734177
21 49 6	0.2477064220
4 3 13	0.1125541126
31 13 52	0.1875000000
23 75 18	0.1000000000
21 57 52	0.1864406780
21 2 59	0.2682926829
4 48 11	0.4117647059
31 6 49	0.1193181818
23 6 2	0.1397058824
21 13 52	0.2097902098
1 65 3	0.2790697674
1 4 1	0.3571428571
6 4 54	0.2500000000
1 54 57	0.4848484848
31 49 13	0.1212121212
21 60 8	0.1000000000
31 3 88	0.4444444444
31 56 0	0.1904761905
6 18 19	0.2500000000
1 46 53	0.1466666667
4 10 3	0.3333333333
4 7 3	0.0930232558
4 7 2	0.0666666667
21 53 57	0.4210526316
31 78 14	0.1000000000
1 78 59	0.2553191489
23 47 31	0.0841121495
23 70 54	0.1600000000
23 59 47	0.1717171717
1 61 56	0.2000000000
24 13 47	0.1379310345
23 10 7	0.2539682540
24 52 3	0.1203703704
23 13 54	0.4090909091
24 7 13	0.1538461538
23 68 3	0.2222222222
1 0 1	0.2631578947
23 14 2	0.1724137931
23 8 11	0.5483870968
1 46 1	0.3125000000
23 2 13	0.1443298969
4 48 32	0.4666666667
1 48 6	0.2187500000
23 2 6	0.2000000000
1 2 59	0.3442622951
23 57 50	0.0576923077
1 48 1	0.2500000000
1 4 78	0.1666666667
23 4 11	0.2727272727
23 66 56	0.1502890173
4 78 11	0.3181818182
4 13 20	0.2307692308
1 4 3	0.1296296296
23 53 24	0.3333333333
31 47 57	0.4761904762
1 6 4	0.1904761905
21 65 20	0.1428571429
21 65 7	0.3214285714
21 11 54	0.2000000000
21 53 1	0.2250000000
1 50 8	0.1250000000
4 70 4	0.4000000000
23 14 1	0.2391304348
23 66 15	0.1041666667
1 32 47	0.1785714286
21 52 88	0.3750000000
21 49 2	0.0873015873
31 20 6	0.2078853047
1 64 3	0.3714285714
4 53 3	0.2045454545
4 0 14	0.1176470588
48 21 60	0.3333333333
4 48 1	0.2758620690
1 53 60	0.2500000000
1 50 18	0.0635838150
4 53 24	0.3000000000
48 31 7	0.3703703704
1 48 8	0.1500000000
23 57 3	0.1063829787
23 54 49	0.1355932203
23 8 57	0.5416666667
23 47 4	0.2048192771
1 49 2	0.0460251046
24 47 53	0.0416666667
23 1 48	0.2608695652
24 1 4	0.0909090909
23 3 20	0.5555555556
24 60 13	0.2500000000
24 13 1	0.2000000000
1 60 1	0.2280701754
24 60 32	0.1666666667
23 6 47	0.1600000000
24 66 7	0.1481481481
24 0 11	0.3846153846
24 7 47	0.0666666667
24 49 19	0.2222222222
48 23 32	0.4444444444
23 61 20	0.2272727273
1 67 23	0.5750000000
23 60 59	0.1923076923
1 54 11	0.4705882353
48 31 52	0.1764705882
4 3 47	0.1834862385
4 69 1	0.3055555556
23 2 49	0.1173469388
1 0 7	0.1428571429
4 8 32	0.3333333333
1 32 14	0.1764705882
24 49 56	0.1818181818
24 52 57	0.2500000000
23 50 59	0.3181818182
23 53 56	0.2000000000
24 14 0	0.0909090909
23 53 48	0.1111111111
23 48 6	0.1864406780
24 3 47	0.1590909091
24 59 1	0.1538461538
23 46 53	0.1029411765
21 6 57	0.3541666667
1 50 21	0.2758620690
31 15 0	0.2142857143
21 10 3	0.3333333333
21 52 0	0.1739130435
23 13 4	0.2592592593
1 65 20	0.2142857143
4 7 1	0.3454545455
4 52 54	0.3448275862
23 13 7	0.2187500000
31 52 2	0.3589743590
6 3 6	0.1764705882
21 7 1	0.3000000000
21 0 3	0.1111111111
1 3 48	0.2293577982
21 8 4	0.3333333333
2 1 6	0.2456140351
1 11 6	0.1964285714
1 1 57	0.3913043478
24 0 54	0.2727272727
24 48 13	0.2000000000
24 59 59	0.1500000000
23 77 4	0.0909090909
24 52 2	0.2500000000
24 57 3	0.0606060606
24 3 57	0.1538461538
24 6 60	0.1666666667
24 48 49	0.1020408163
23 49 56	0.1452513966
24 53 49	0.0555555556
1 6 57	0.3281250000
1 60 47	0.1346153846
24 69 24	0.1428571429
31 15 6	0.2456140351
21 70 7	0.2352941176
31 6 0	0.2000000000
21 0 52	0.1470588235
21 49 19	0.3448275862
1 6 2	0.1240875912
23 48 52	0.1557377049
4 13 6	0.2222222222
21 1 59	0.3333333333
31 20 0	0.2187500000
21 53 13	0.1451612903
31 64 24	0.4193548387
4 14 53	0.1136363636
31 59 47	0.2564102564
1 52 2	0.1898734177
4 1 32	0.4651162791
1 50 2	0.0434782609
4 53 4	0.1578947368
1 60 11	0.3870967742
31 32 52	0.2000000000
21 8 57	0.4545454545
1 48 11	0.4074074074
4 4 32	0.1666666667
4 78 52	0.1551724138
4 0 57	0.4814814815
4 0 7	0.1481481481
23 59 50	0.0621118012
1 50 49	0.0555555556
4 47 6	0.1521739130
1 32 52	0.1946902655
23 70 18	0.0625000000
4 59 78	0.3529411765
4 6 57	0.3846153846
1 75 52	0.3333333333
23 49 48	0.1169590643
4 52 60	0.4117647059
23 49 54	0.3888888889
4 11 32	0.4666666667
1 1 54	0.2812500000
23 4 78	0.1250000000
23 32 49	0.0879629630
23 47 21	0.1884057971
4 1 8	0.1800000000
4 2 52	0.1935483871
1 49 24	0.4651162791
1 59 49	0.1096654275
31 15 49	0.1160714286
21 2 32	0.2857142857
2 1 13	0.0975609756
31 64 4	0.4821428571
23 7 1	0.3076923077
31 82 4	0.3157894737
31 49 11	0.3913043478
2 23 52	0.1538461538
31 49 54	0.2000000000
6 24 6	0.2250000000
1 10 0	0.2000000000
1 46 56	0.3333333333
23 11 78	0.3214285714
23 78 8	0.1320754717
4 1 52	0.2083333333
23 4 49	0.0859375000
1 11 1	0.3676470588
1 70 20	0.2000000000
1 4 47	0.1153846154
1 3 57	0.3898305085
4 0 11	0.3461538462
23 8 60	0.3333333333
1 75 4	0.4000000000
23 70 52	0.2647058824
1 4 52	0.1568627451
1 68 3	0.2222222222
1 49 8	0.0736842105
4 78 57	0.5217391304
21 54 32	0.6250000000
21 3 3	0.1435643564
31 15 52	0.1866666667
31 64 52	0.3823529412
21 49 8	0.0175438596
1 53 57	0.4545454545
31 47 6	0.2323943662
2 1 52	0.2244897959
1 59 4	0.2173913043
23 4 48	0.1176470588
21 48 78	0.2000000000
23 61 19	0.3125000000
23 11 52	0.1496598639
1 48 54	0.5000000000
31 49 59	0.2653061224
1 8 11	0.3333333333
1 65 22	0.2727272727
23 78 78	0.3461538462
23 78 3	0.1407766990
23 13 78	0.3606557377
23 54 57	0.5238095238
4 13 14	0.1666666667
4 0 20	0.3571428571
24 50 24	0.1428571429
23 50 31	0.0344827586
24 1 52	0.0987654321
1 17 20	0.3157894737
24 57 54	0.2727272727
23 32 42	0.2000000000
23 59 57	0.3333333333
21 54 57	0.4400000000
31 52 3	0.1176470588
21 61 19	0.4000000000
6 18 24	0.1428571429
31 3 54	0.6808510638
31 10 54	0.3333333333
31 15 13	0.1200000000
31 48 3	0.2500000000
31 48 56	0.1176470588
21 47 3	0.1162790698
1 57 54	0.3478260870
31 7 60	0.3333333333
6 24 52	0.2307692308
21 6 11	0.4130434783
24 17 59	0.1612903226
24 52 32	0.1052631579
23 66 59	0.3111111111
24 52 54	0.2142857143
68 20 6	0.1351351351
4 52 50	0.0796460177
23 2 59	0.3384615385
4 66 49	0.3793103448
1 48 49	0.1250000000
23 42 1	0.2727272727
1 4 8	0.1600000000
23 54 59	0.2500000000
1 78 13	0.1904761905
1 48 3	0.0990990991
23 70 15	0.1428571429
23 11 53	0.0625000000
1 10 7	0.2435897436
23 11 7	0.1621621622
1 70 29	0.0625000000
1 8 1	0.2187500000
4 6 47	0.1908396947
1 77 21	0.2413793103
4 42 57	0.2857142857
23 14 54	0.3478260870
23 52 14	0.1063829787
1 53 59	0.3600000000
1 7 88	0.2857142857
23 75 3	0.2500000000
21 61 24	0.4000000000
6 3 3	0.0897435897
31 6 59	0.2978723404
21 69 1	0.2702702703
23 49 11	0.3703703704
21 49 7	0.2338709677
23 78 48	0.1666666667
2 23 57	0.4545454545
31 6 1	0.2777777778
31 47 49	0.1284403670
1 14 2	0.0606060606
31 59 2	0.3939393939
21 52 32	0.5483870968
21 1 13	0.1164383562
21 53 15	0.0977443609
23 78 11	0.4545454545
21 7 49	0.1315789474
21 77 6	0.2173913043
4 48 8	0.1724137931
4 11 59	0.1818181818
48 1 6	0.1147540984
1 2 49	0.1358695652
48 23 59	0.2000000000
1 60 48	0.1818181818
1 4 11	0.3529411765
4 59 1	0.2777777778
1 13 8	0.0769230769
23 60 52	0.1428571429
23 47 88	0.3333333333
21 52 59	0.3627450980
2 1 2	0.2307692308
1 57 53	0.0714285714
21 14 3	0.1363636364
31 53 56	0.2400000000
1 13 57	0.2820512821
23 49 2	0.0379310345
6 29 3	0.3571428571
31 47 3	0.0967741935
1 52 7	0.1122448980
4 47 21	0.2380952381
31 7 59	0.4193548387
4 0 6	0.1683168317
24 59 52	0.0645161290
24 65 3	0.1875000000
68 19 6	0.1000000000
24 1 57	0.0833333333
24 11 2	0.1818181818
1 1 11	0.3191489362
68 19 78	0.1666666667
1 68 7	0.2500000000
24 3 54	0.2222222222
24 66 3	0.1764705882
24 14 6	0.2000000000
23 8 59	0.3103448276
24 1 1	0.2000000000
24 59 6	0.1764705882
21 14 53	0.1052631579
21 59 8	0.0344827586
21 47 49	0.1085714286
23 8 1	0.1458333333
23 57 4	0.1470588235
23 7 2	0.1379310345
1 4 4	0.1111111111
31 4 59	0.4000000000
21 6 1	0.2720000000
21 3 48	0.1710526316
21 60 6	0.2427184466
23 70 7	0.2121212121
21 59 47	0.1929824561
48 31 47	0.1818181818
1 65 7	0.2600000000
1 78 47	0.1764705882
1 78 60	0.4117647059
23 70 3	0.3492063492
4 6 54	0.2500000000
1 49 15	0.1324503311
4 47 53	0.1578947368
4 57 60	0.5000000000
23 4 13	0.1351351351
23 2 57	0.2142857143
1 8 52	0.1571428571
1 48 57	0.5217391304
1 52 50	0.0542168675
23 11 6	0.1784037559
1 49 18	0.0714285714
4 66 22	0.3636363636
4 13 48	0.3333333333
4 0 49	0.1562500000
1 3 78	0.2653061224
48 31 20	0.1875000000
48 1 1	0.2380952381
4 57 7	0.2000000000
1 8 7	0.1666666667
23 57 48	0.1818181818
1 0 57	0.4000000000
1 75 3	0.2500000000
31 11 49	0.0869565217
23 32 60	0.0714285714
21 53 53	0.0666666667
31 49 19	0.3333333333
23 50 47	0.1333333333
21 52 53	0.0933333333
31 14 49	0.0869565217
31 56 6	0.2448979592
1 57 6	0.2026143791
6 18 3	0.2207792208
21 78 88	0.2857142857
21 57 6	0.2575757576
31 49 6	0.2428571429
21 13 78	0.3000000000
1 59 7	0.1395348837
23 53 4	0.1000000000
21 48 6	0.3333333333
21 50 54	0.4444444444
21 66 56	0.2028985507
31 20 4	0.2608695652
23 57 53	0.0957446809
2 1 4	0.2000000000
21 6 60	0.3829787234
23 11 47	0.1724137931
4 52 11	0.3157894737
4 52 32	0.4761904762
1 8 47	0.1276595745
1 4 57	0.5500000000
23 32 14	0.1904761905
4 0 47	0.1379310345
1 42 49	0.1666666667
4 53 47	0.1315789474
4 48 47	0.1935483871
23 6 8	0.1240310078
24 3 52	0.0909090909
23 32 4	0.2352941176
24 67 1	0.2500000000
24 2 52	0.0833333333
1 0 2	0.1250000000
23 70 29	0.0370370370
24 0 49	0.1538461538
24 3 3	0.1100000000
24 13 52	0.0925925926
23 7 59	0.2000000000
24 50 18	0.0185185185
24 32 13	0.0952380952
24 46 6	0.1304347826
23 32 2	0.2500000000
24 8 2	0.1764705882
24 0 1	0.1250000000
23 42 47	0.3333333333
4 57 52	0.1428571429
23 11 48	0.2142857143
1 53 8	0.1707317073
4 52 8	0.1343283582
4 7 32	0.4166666667
6 29 20	0.3333333333
31 5 15	0.0816326531
23 57 7	0.1000000000
31 3 48	0.2467532468
31 7 3	0.1405405405
31 13 47	0.2173913043
21 11 32	0.5333333333
23 14 4	0.1764705882
6 9 24	0.1428571429
2 4 52	0.1515151515
21 52 11	0.4090909091
21 4 6	0.2238805970
21 3 52	0.1968085106
4 60 2	0.1666666667
31 47 4	0.3478260870
21 1 7	0.1578947368
1 59 48	0.3200000000
4 53 52	0.2129629630
21 59 11	0.3157894737
31 6 13	0.1495327103
21 14 6	0.2238805970
1 66 49	0.3157894737
4 49 47	0.1315789474
21 2 3	0.2089552239
31 13 6	0.3108108108
21 11 11	0.3684210526
21 49 13	0.1308411215
24 7 52	0.1666666667
23 66 22	0.2400000000
24 52 53	0.0333333333
23 50 2	0.0714285714
23 59 7	0.0909090909
24 13 13	0.1090909091
23 47 7	0.0508474576
68 19 1	0.2222222222
24 6 47	0.2000000000
24 0 78	0.1250000000
24 14 1	0.2500000000
24 59 54	0.1250000000
24 32 6	0.1333333333
1 61 3	0.3260869565
24 50 23	0.1600000000
24 53 57	0.2000000000
21 4 1	0.2857142857
31 47 60	0.4705882353
31 78 59	0.2857142857
4 32 49	0.0689655172
21 8 3	0.0571428571
31 49 1	0.3076923077
31 20 49	0.1158301158
6 18 56	0.2500000000
1 10 54	0.3333333333
4 78 54	0.3000000000
21 49 54	0.3846153846
31 11 6	0.3076923077
1 2 3	0.1851851852
21 13 2	0.1698113208
1 75 24	0.2000000000
21 60 59	0.3684210526
21 54 6	0.1981132075
21 32 6	0.2931034483
31 20 57	0.5454545455
21 3 4	0.1333333333
31 52 4	0.2631578947
4 8 4	0.2380952381
31 61 3	0.3275862069
21 2 49	0.1333333333
1 32 1	0.2187500000
1 50 11	0.3571428571
6 9 19	0.2500000000
1 57 3	0.1063829787
2 23 6	0.2340425532
4 49 29	0.1176470588
21 54 4	0.2307692308
4 11 2	0.0769230769
1 7 13	0.1562500000
1 78 57	0.4285714286
23 6 29	0.0816326531
4 47 52	0.1692307692
4 1 78	0.3055555556
1 14 1	0.3148148148
23 6 18	0.0808080808
4 6 14	0.2812500000
21 52 47	0.2290076336
21 53 78	0.1538461538
21 59 78	0.1904761905
6 18 47	0.2800000000
31 47 11	0.4285714286
6 18 2	0.0967741935
21 1 57	0.2380952381
1 48 60	0.3333333333
21 14 0	0.1764705882
21 65 52	0.1250000000
21 61 3	0.3166666667
21 47 59	0.2439024390
1 48 13	0.1458333333
1 53 15	0.1296296296
68 56 54	0.2307692308
23 53 49	0.1014492754
24 47 4	0.1764705882
24 8 78	0.1666666667
4 59 7	0.1578947368
23 52 48	0.2875000000
4 13 57	0.2105263158
1 54 50	0.0568181818
1 60 50	0.0370370370
23 6 53	0.0725806452
23 7 47	0.2250000000
4 49 50	0.0769230769
4 46 6	0.1739130435
4 66 7	0.3230769231
1 54 59	0.2631578947
4 69 4	0.1333333333
1 14 57	0.3750000000
48 23 13	0.1698113208
23 53 8	0.1111111111
1 53 50	0.0588235294
4 3 48	0.2549019608
48 23 6	0.1304347826
1 60 49	0.0915492958
23 6 22	0.1176470588
4 57 13	0.1272727273
4 53 11	0.4444444444
1 8 13	0.0967741935
23 3 7	0.1206896552
4 11 1	0.3823529412
4 49 7	0.2500000000
21 47 7	0.1081081081
23 52 88	0.4000000000
31 15 59	0.3243243243
31 60 13	0.1428571429
21 53 11	0.4285714286
4 13 4	0.0909090909
4 2 6	0.1578947368
31 49 78	0.1851851852
21 57 78	0.2727272727
21 47 60	0.4583333333
31 20 88	0.3750000000
1 49 56	0.1582278481
1 13 11	0.3142857143
31 61 56	0.2923076923
21 32 4	0.2222222222
24 60 1	0.1333333333
23 57 47	0.1630434783
24 59 3	0.0909090909
68 20 1	0.2500000000
31 48 49	0.1014492754
31 32 49	0.1014492754
31 13 20	0.3846153846
23 60 49	0.0724637681
21 49 11	0.3870967742
1 7 54	0.2142857143
21 78 6	0.2619047619
21 54 52	0.1600000000
21 54 53	0.0851063830
4 57 32	0.4736842105
1 11 13	0.1503267974
21 11 59	0.2812500000
31 3 4	0.3404255319
31 59 49	0.0969162996
21 47 50	0.0438596491
23 1 7	0.1612903226
21 13 20	0.4285714286
21 11 4	0.2307692308
1 67 1	0.3148148148
1 48 59	0.3095238095
23 60 13	0.1272727273
21 2 52	0.1946902655
21 78 13	0.1147540984
4 0 13	0.1447368421
1 50 57	0.3000000000
1 8 2	0.0816326531
21 49 78	0.1764705882
23 77 23	0.2000000000
1 0 11	0.2800000000
1 14 3	0.0594059406
24 8 1	0.0714285714
24 11 54	0.2500000000
23 50 78	0.2857142857
24 11 49	0.0789473684
23 7 54	0.2857142857
23 88 6	0.1333333333
24 53 60	0.1111111111
24 3 1	0.0909090909
24 47 2	0.1333333333
31 20 7	0.0392156863
23 48 4	0.1851851852
21 77 23	0.6666666667
21 0 13	0.1470588235
1 54 32	0.6315789474
6 3 53	0.0256410256
23 78 7	0.1034482759
48 1 78	0.2000000000
1 7 47	0.2045454545
1 54 3	0.1297709924
4 3 32	0.4062500000
4 14 11	0.1000000000
1 32 32	0.3888888889
48 21 32	0.3846153846
1 78 48	0.1111111111
1 1 7	0.2000000000
21 78 47	0.2702702703
1 13 1	0.2888888889
21 13 53	0.0178571429
31 52 59	0.3870967742
4 78 59	0.2272727273
21 48 14	0.1428571429
21 47 4	0.3207547170
21 57 4	0.2727272727
1 11 54	0.2105263158
23 53 11	0.2352941176
31 59 50	0.0317460317
24 6 4	0.1538461538
24 48 11	0.2727272727
24 50 29	0.0588235294
23 6 0	0.2439024390
24 49 18	0.0384615385
23 77 1	0.3000000000
24 7 60	0.1666666667
68 20 11	0.1250000000
24 6 11	0.1538461538
23 1 88	0.4545454545
4 57 50	0.0789473684
4 69 21	0.2758620690
4 7 11	0.3333333333
23 47 78	0.2727272727
4 60 52	0.1944444444
4 59 57	0.3636363636
1 50 19	0.2727272727
1 3 50	0.0625000000
1 13 32	0.3777777778
4 8 14	0.1428571429
1 0 50	0.0344827586
1 6 60	0.2181818182
4 67 31	0.0689655172
4 49 59	0.4166666667
4 65 24	0.3636363636
24 49 13	0.0370370370
24 50 31	0.0689655172
24 48 1	0.2352941176
23 81 54	0.1111111111
24 53 47	0.0625000000
68 19 3	0.0833333333
23 14 57	0.4705882353
1 52 4	0.1666666667
1 6 32	0.5000000000
48 23 57	0.3333333333
1 14 7	0.0370370370
23 14 50	0.0444444444
48 23 53	0.0869565217
4 59 48	0.1000000000
48 23 8	0.2777777778
4 11 6	0.1224489796
31 32 6	0.1750000000
23 49 60	0.2368421053
4 14 6	0.1594202899
31 10 20	0.1562500000
21 7 54	0.2727272727
21 57 32	0.3750000000
1 54 7	0.0937500000
21 8 11	0.3076923077
21 64 4	0.3928571429
21 0 60	0.2500000000
4 66 15	0.1500000000
4 53 2	0.0217391304
21 0 32	0.5000000000
21 8 32	0.3750000000
31 53 15	0.1052631579
21 59 48	0.3478260870
21 32 47	0.2195121951
31 2 20	0.2916666667
6 18 60	0.1250000000
31 3 7	0.1578947368
31 48 13	0.1351351351
31 14 13	0.1538461538
1 60 4	0.2500000000
21 1 11	0.3636363636
21 57 59	0.3214285714
21 61 56	0.3333333333
6 36 3	0.2580645161
1 46 3	0.0792079208
21 50 29	0.0652173913
31 59 32	0.4400000000
1 69 24	0.2307692308
31 82 24	0.3684210526
31 7 7	0.1600000000
23 59 54	0.2962962963
4 3 53	0.0439560440
23 54 53	0.1000000000
4 1 60	0.3181818182
4 78 6	0.1489361702
4 49 78	0.3000000000
48 31 59	0.3181818182
23 70 20	0.1538461538
4 78 3	0.1153846154
23 32 11	0.2857142857
23 11 14	0.1250000000
1 6 8	0.0839694656
1 59 54	0.3684210526
4 1 48	0.2857142857
4 65 20	0.1875000000
1 66 24	0.3333333333
23 4 8	0.1276595745
1 13 78	0.2926829268
23 3 4	0.1521739130
24 7 0	0.1500000000
24 53 3	0.1304347826
23 67 56	0.1111111111
23 65 52	0.1818181818
24 7 1	0.2500000000
23 1 1	0.3030303030
23 48 59	0.2542372881
24 53 52	0.1111111111
68 55 56	0.1666666667
4 14 4	0.0833333333
4 52 78	0.2592592593
48 23 78	0.3571428571
4 47 47	0.2580645161
23 2 78	0.3076923077
4 57 8	0.1875000000
24 78 3	0.0434782609
24 78 54	0.2727272727
68 55 19	0.1428571429
24 46 1	0.2666666667
31 7 2	0.3125000000
31 7 88	0.3750000000
31 47 48	0.1666666667
1 59 2	0.1967213115
21 11 2	0.3333333333
2 4 3	0.1000000000
31 7 11	0.4642857143
6 24 4	0.2000000000
21 4 13	0.1612903226
21 52 4	0.2800000000
2 1 78	0.2307692308
31 26 20	0.1428571429
21 53 48	0.1000000000
31 13 48	0.1621621622
31 56 47	0.1836734694
21 11 13	0.1111111111
31 57 13	0.1538461538
1 50 47	0.1578947368
2 23 59	0.4090909091
31 64 29	0.0673076923
31 78 3	0.1093750000
31 15 3	0.1442307692
21 60 3	0.0851063830
21 57 1	0.2068965517
24 47 6	0.1290322581
68 55 54	0.2222222222
24 78 57	0.1111111111
24 3 20	0.3636363636
1 2 8	0.1176470588
4 6 4	0.1685393258
1 78 50	0.1086956522
4 32 11	0.2727272727
4 48 57	0.4666666667
23 53 32	0.2727272727
23 54 14	0.1764705882
21 32 2	0.1428571429
21 3 47	0.2298850575
21 11 50	0.0425531915
21 3 11	0.3500000000
21 46 53	0.2142857143
6 18 1	0.3333333333
31 47 47	0.0909090909
21 52 57	0.4634146341
2 23 78	0.2666666667
31 20 59	0.2307692308
21 77 21	0.1904761905
6 24 11	0.3076923077
4 78 53	0.0851063830
4 78 7	0.1500000000
48 21 13	0.1428571429
4 70 54	0.1333333333
4 53 13	0.1818181818
23 70 19	0.2631578947
4 75 3	0.1250000000
24 78 53	0.0625000000
24 48 59	0.0833333333
24 49 59	0.1176470588
24 60 2	0.2500000000
24 78 6	0.1034482759
24 6 53	0.0357142857
23 13 2	0.1041666667
24 65 7	0.2105263158
24 47 78	0.1666666667
23 68 20	0.2000000000
23 50 6	0.1692307692
31 67 1	0.2105263158
21 1 78	0.2500000000
31 52 7	0.1785714286
21 50 59	0.2500000000
6 3 4	0.0952380952
2 1 3	0.1093750000
31 13 54	0.3750000000
23 64 4	0.3666666667
1 78 54	0.3000000000
23 67 1	0.3250000000
21 53 4	0.1290322581
2 4 6	0.2439024390
31 56 57	0.3157894737
21 7 52	0.1147540984
1 32 11	0.3500000000
1 4 13	0.1896551724
1 11 2	0.1621621622
21 0 54	0.4545454545
21 47 47	0.1805555556
31 56 32	0.3684210526
21 47 11	0.4838709677
1 3 60	0.3000000000
21 3 2	0.1111111111
21 54 59	0.2307692308
21 57 3	0.1111111111
1 7 60	0.2258064516
4 59 54	0.2857142857
21 46 1	0.2083333333
4 8 2	0.0810810811
4 8 24	0.3500000000
4 8 57	0.5000000000
4 57 54	0.3500000000
4 7 50	0.0370370370
48 23 14	0.3000000000
4 4 59	0.2222222222
23 32 48	0.2857142857
4 57 49	0.1186440678
4 59 50	0.1052631579
48 1 49	0.1058823529
4 11 13	0.1864406780
23 64 3	0.3157894737
1 6 88	0.1428571429
4 42 6	0.2727272727
4 4 8	0.1818181818
2 23 3	0.1355932203
31 32 3	0.1492537313
6 24 59	0.2352941176
21 7 11	0.2222222222
31 78 47	0.1666666667
4 3 20	0.3913043478
31 60 6	0.2500000000
31 59 54	0.4705882353
23 10 54	0.2222222222
24 2 6	0.2000000000
24 32 3	0.0588235294
23 50 23	0.4000000000
24 49 6	0.2941176471
24 60 6	0.1818181818
24 6 0	0.0909090909
24 53 59	0.2222222222
24 53 53	0.0500000000
23 53 52	0.1956521739
24 11 53	0.0588235294
4 32 2	0.1428571429
31 7 13	0.1230769231
21 8 1	0.1250000000
6 24 49	0.0697674419
21 8 49	0.1020408163
21 4 57	0.5833333333
23 57 8	0.1506849315
4 11 3	0.0833333333
6 4 57	0.3750000000
1 57 88	0.2857142857
21 65 4	0.1428571429
6 18 20	0.3103448276
4 0 52	0.1851851852
23 75 52	0.2666666667
23 65 22	0.2564102564
23 78 14	0.1000000000
48 21 1	0.2727272727
4 70 3	0.3684210526
1 57 50	0.0519480519
4 59 60	0.3846153846
23 67 31	0.0923076923
4 6 1	0.3103448276
48 6 18	0.1111111111
4 49 24	0.3333333333
1 2 78	0.2727272727
48 4 57	0.2500000000
4 53 78	0.1666666667
4 48 6	0.1549295775
1 78 1	0.3181818182
23 1 32	0.3846153846
24 78 13	0.1250000000
24 46 3	0.0952380952
24 60 11	0.2500000000
23 49 29	0.0657894737
31 52 11	0.3571428571
31 52 32	0.3888888889
21 13 32	0.3684210526
21 59 2	0.3214285714
31 56 54	0.4545454545
21 60 11	0.3636363636
23 13 88	0.1428571429
31 51 19	0.4210526316
21 54 2	0.3636363636
23 60 54	0.3000000000
4 13 88	0.2857142857
1 32 6	0.2247191011
23 54 4	0.1428571429
23 67 3	0.0769230769
23 57 14	0.1515151515
1 54 14	0.1363636364
1 0 47	0.1086956522
24 8 52	0.1250000000
23 14 49	0.0952380952
23 50 52	0.2800000000
1 8 24	0.3461538462
4 54 54	0.1250000000
4 14 0	0.2941176471
4 32 13	0.0540540541
23 13 50	0.0161290323
1 69 4	0.2972972973
1 78 14	0.1500000000
1 50 24	0.1764705882
21 47 48	0.1764705882
31 13 3	0.1489361702
21 48 52	0.1250000000
1 64 24	0.3600000000
1 32 50	0.0566037736
21 57 48	0.1818181818
31 7 48	0.0909090909
31 69 1	0.2105263158
6 4 1	0.2222222222
21 15 0	0.2127659574
1 7 32	0.5555555556
21 68 3	0.1538461538
21 65 24	0.3333333333
31 47 52	0.1975308642
31 78 49	0.0909090909
31 6 32	0.4000000000
4 60 60	0.3846153846
4 11 47	0.1562500000
1 42 1	0.1250000000
4 6 0	0.2941176471
4 53 57	0.3888888889
4 78 50	0.1162790698
48 21 53	0.1025641026
23 60 3	0.1052631579
4 48 53	0.1025641026
24 1 32	0.0555555556
24 11 78	0.2857142857
23 46 3	0.0989010989
24 3 11	0.2307692308
24 13 57	0.0909090909
31 56 53	0.0434782609
1 57 52	0.1683168317
21 11 78	0.2222222222
21 53 49	0.0980392157
1 60 60	0.2500000000
31 47 13	0.1785714286
31 59 57	0.2857142857
21 53 19	0.4000000000
21 8 59	0.3571428571
31 82 3	0.3461538462
21 2 1	0.2105263158
31 59 78	0.2333333333
23 77 6	0.2413793103
4 49 19	0.2307692308
23 77 21	0.2068965517
4 48 4	0.1538461538
4 11 53	0.1521739130
4 0 60	0.5000000000
23 32 50	0.0277777778
4 0 54	0.3500000000
4 0 4	0.2000000000
1 0 32	0.3571428571
23 7 60	0.2608695652
23 4 32	0.3571428571
4 47 31	0.0689655172
24 11 1	0.1538461538
23 48 13	0.1654676259
23 88 3	0.0588235294
21 60 49	0.1008403361
31 56 11	0.3333333333
21 0 6	0.2093023256
21 11 52	0.1639344262
21 49 57	0.2352941176
31 3 78	0.1636363636
31 75 4	0.3870967742
1 64 4	0.3750000000
31 2 3	0.3000000000
21 57 57	0.2631578947
4 14 3	0.0588235294
31 49 32	0.5238095238
24 48 3	0.0625000000
24 0 13	0.2058823529
23 57 60	0.2941176471
24 8 49	0.1428571429
4 42 3	0.1333333333
1 11 60	0.4615384615
24 8 59	0.1111111111
24 32 1	0.1428571429
23 88 78	0.2222222222
23 8 53	0.0606060606
23 8 56	0.1428571429
21 60 60	0.3571428571
31 6 60	0.3181818182
31 7 54	0.5666666667
31 7 1	0.2950819672
21 8 52	0.1489361702
21 53 20	0.1604938272
1 7 4	0.0666666667
21 3 20	0.5000000000
68 55 52	0.1250000000
24 57 13	0.1666666667
24 57 47	0.0952380952
23 57 78	0.2962962963
23 32 54	0.2307692308
1 3 8	0.1219512195
48 23 49	0.1126760563
4 68 19	0.4117647059
23 4 52	0.1041666667
23 13 14	0.1162790698
4 8 1	0.2142857143
1 0 8	0.1666666667
4 8 13	0.1333333333
24 13 3	0.1269841270
23 59 8	0.0884955752
23 54 48	0.1818181818
48 4 32	0.1666666667
23 50 19	0.1111111111
4 49 1	0.1666666667
48 23 50	0.1071428571
4 11 7	0.0588235294
23 2 8	0.0869565217
23 8 52	0.1882352941
48 1 32	0.3076923077
48 1 48	0.2857142857
4 49 15	0.1315789474
1 50 29	0.1724137931
21 54 11	0.4166666667
2 1 0	0.1428571429
21 8 78	0.2000000000
21 7 60	0.1578947368
23 14 0	0.2000000000
23 14 52	0.1648351648
31 61 20	0.1538461538
6 3 54	0.1666666667
2 23 13	0.0833333333
21 13 4	0.2666666667
23 75 24	0.1333333333
21 6 7	0.1296296296
48 31 78	0.1818181818
23 49 14	0.1538461538
4 48 88	0.2857142857
48 21 0	0.1818181818
4 2 13	0.1764705882
23 60 11	0.3333333333
48 23 47	0.0909090909
23 52 31	0.1944444444
24 49 7	0.1304347826
68 20 2	0.2222222222
24 50 49	0.0500000000
23 10 21	0.0588235294
68 19 57	0.1428571429
24 3 78	0.2666666667
31 3 53	0.0412371134
2 1 54	0.3333333333
6 36 20	0.2916666667
21 3 14	0.1111111111
21 0 11	0.3846153846
1 59 88	0.3750000000
31 49 48	0.1363636364
21 6 32	0.5333333333
21 1 32	0.4000000000
21 66 24	0.2500000000
2 1 60	0.3000000000
31 6 11	0.2941176471
1 53 32	0.5333333333
23 14 32	0.3750000000
31 5 24	0.2222222222
1 46 60	0.1600000000
4 70 29	0.1250000000
23 54 1	0.2619047619
1 1 8	0.1142857143
23 57 59	0.2666666667
24 60 60	0.1250000000
24 52 47	0.0652173913
24 7 3	0.0476190476
24 50 59	0.1000000000
24 53 1	0.1904761905
68 20 47	0.0714285714
1 13 20	0.4347826087
24 13 20	0.1666666667
24 0 6	0.1162790698
1 53 49	0.1262135922
21 6 0	0.2500000000
1 3 54	0.4400000000
31 59 60	0.2857142857
23 49 0	0.2250000000
2 23 47	0.1666666667
1 61 24	0.2857142857
1 13 2	0.0978260870
1 32 59	0.3404255319
31 60 52	0.2000000000
23 67 23	0.4333333333
31 56 2	0.1891891892
4 54 52	0.1000000000
23 1 14	0.1000000000
1 48 50	0.0408163265
1 54 48	0.2142857143
23 8 24	0.2857142857
4 1 14	0.2058823529
1 3 7	0.1052631579
4 7 7	0.0588235294
23 88 13	0.0952380952
24 46 52	0.1538461538
24 57 32	0.1818181818
48 23 1	0.2777777778
48 31 15	0.1200000000
4 14 49	0.0606060606
1 53 47	0.1590909091
4 54 49	0.0555555556
1 77 1	0.2500000000
21 10 0	0.2000000000
31 47 31	0.0540540541
6 18 49	0.1176470588
4 69 24	0.1111111111
1 32 57	0.2500000000
21 32 52	0.1688311688
21 50 11	0.3846153846
21 11 47	0.3421052632
21 3 32	0.4000000000
31 56 59	0.2954545455
2 4 78	0.1818181818
31 56 4	0.1818181818
4 3 2	0.0540540541
31 2 59	0.1764705882
24 0 57	0.1428571429
24 11 32	0.1250000000
24 57 6	0.1142857143
24 66 49	0.2500000000
24 67 4	0.1428571429
24 59 2	0.3000000000
6 9 7	0.1818181818
21 3 1	0.3055555556
1 49 0	0.1052631579
31 57 52	0.1250000000
1 54 47	0.1724137931
24 32 2	0.1666666667
23 1 4	0.1428571429
24 11 59	0.1666666667
6 3 2	0.1379310345
4 52 53	0.0774193548
1 59 14	0.1000000000
1 1 48	0.1739130435
1 3 88	0.4444444444
23 54 13	0.1369863014
4 57 59	0.2083333333
24 57 52	0.0952380952
24 7 11	0.1666666667
1 48 7	0.2272727273
21 47 31	0.0172413793
21 68 4	0.2222222222
6 29 56	0.1250000000
4 67 1	0.2631578947
21 60 53	0.0652173913
21 66 49	0.2105263158
24 8 32	0.2500000000
1 0 88	0.1666666667
1 8 60	0.3888888889
1 11 78	0.2000000000
21 50 57	0.5000000000
21 17 49	0.1666666667
21 7 4	0.0909090909
1 70 7	0.1600000000
4 10 7	0.2424242424
4 78 8	0.2258064516
23 66 19	0.3333333333
1 57 32	0.5000000000
23 88 47	0.1111111111
24 0 53	0.0833333333
68 20 49	0.0555555556
24 47 23	0.1000000000
23 4 57	0.2000000000
23 14 59	0.2608695652
1 0 59	0.2352941176
4 75 4	0.2222222222
4 47 8	0.1944444444
4 4 52	0.2222222222
4 65 3	0.2592592593
1 4 49	0.1226415094
21 13 47	0.2285714286
4 68 20	0.1739130435
31 49 0	0.1111111111
21 11 3	0.1234567901
1 50 59	0.2777777778
23 60 2	0.0714285714
21 50 23	0.4000000000
31 49 7	0.2363636364
21 6 24	0.3529411765
21 61 20	0.1666666667
23 61 3	0.2962962963
21 50 32	0.4444444444
31 2 15	0.1000000000
1 53 2	0.0392156863
1 6 7	0.0882352941
23 47 48	0.1923076923
4 60 57	0.2857142857
1 60 53	0.0727272727
4 70 7	0.1538461538
1 64 29	0.0882352941
48 6 3	0.2727272727
1 2 50	0.0952380952
4 8 60	0.5000000000
1 50 54	0.3571428571
23 13 53	0.0212765957
23 59 42	0.2222222222
23 48 53	0.0476190476
24 3 2	0.1785714286
23 88 4	0.1428571429
23 49 42	0.1111111111
24 60 53	0.0714285714
24 8 13	0.1250000000
24 52 78	0.3076923077
1 57 7	0.2142857143
4 53 15	0.1315789474
4 57 3	0.0897435897
23 50 8	0.0909090909
4 7 49	0.1428571429
48 31 49	0.0800000000
23 60 7	0.1000000000
48 4 0	0.1818181818
24 1 78	0.2222222222
24 69 31	0.0588235294
24 6 48	0.0740740741
1 13 60	0.1500000000
31 7 8	0.0600000000
4 57 4	0.2000000000
31 7 4	0.2500000000
23 52 7	0.0990099010
31 6 4	0.1250000000
21 59 32	0.3500000000
6 24 2	0.3000000000
21 68 7	0.2857142857
21 66 22	0.1052631579
1 54 2	0.2758620690
1 52 31	0.1818181818
21 53 32	0.5714285714
21 14 57	0.3750000000
1 50 6	0.1590909091
21 66 59	0.3636363636
1 54 53	0.0952380952
31 69 4	0.3076923077
31 75 52	0.3703703704
4 6 7	0.1904761905
31 13 14	0.1333333333
1 48 32	0.5000000000
6 3 32	0.3076923077
4 6 60	0.1666666667
4 54 1	0.1000000000
23 60 1	0.2142857143
4 49 13	0.1176470588
23 50 14	0.0666666667
23 53 13	0.1111111111
4 60 3	0.0434782609
21 14 1	0.2500000000
4 60 13	0.0909090909
21 52 31	0.2105263158
4 48 54	0.3636363636
21 4 52	0.0800000000
21 13 60	0.2727272727
21 75 3	0.1818181818
31 6 54	0.2857142857
21 52 50	0.0181818182
31 56 1	0.2857142857
21 54 78	0.1176470588
31 47 23	0.5500000000
4 60 49	0.0645161290
2 1 7	0.1333333333
21 52 7	0.1333333333
24 0 59	0.2400000000
24 2 49	0.0555555556
23 50 42	0.1428571429
31 32 13	0.1090909091
31 11 47	0.1111111111
21 11 1	0.3030303030
4 14 8	0.0434782609
1 68 20	0.1935483871
23 2 1	0.1923076923
23 49 50	0.0512820513
1 54 78	0.2083333333
4 4 57	0.2500000000
4 13 1	0.2666666667
1 11 49	0.1139240506
1 7 8	0.1063829787
23 42 3	0.1600000000
4 78 78	0.1818181818
24 52 31	0.1250000000
24 59 11	0.3000000000
23 88 59	0.1000000000
23 7 32	0.3888888889
24 32 49	0.0588235294
24 53 19	0.3000000000
23 47 42	0.1428571429
24 49 4	0.1052631579
31 15 14	0.0909090909
6 18 11	0.2222222222
6 80 4	0.2500000000
31 32 59	0.2857142857
4 7 47	0.2222222222
1 49 50	0.0620689655
4 3 4	0.1333333333
21 1 1	0.2580645161
31 75 3	0.3428571429
23 4 3	0.0808080808
4 65 15	0.1428571429
21 50 18	0.0400000000
4 57 53	0.0800000000
1 8 3	0.0666666667
4 11 14	0.0909090909
31 49 24	0.4000000000
31 59 1	0.2222222222
24 78 2	0.2500000000
2 4 53	0.1304347826
2 23 54	0.4166666667
31 52 60	0.2173913043
31 2 49	0.1666666667
21 60 78	0.2857142857
21 0 1	0.2500000000
4 46 52	0.1000000000
4 3 78	0.2647058824
4 3 8	0.1200000000
48 4 59	0.2222222222
48 1 52	0.1904761905
23 68 19	0.3846153846
21 8 24	0.3636363636
21 78 59	0.3125000000
31 13 13	0.1447368421
31 47 21	0.1904761905
31 75 24	0.4000000000
31 14 47	0.1111111111
4 7 60	0.2631578947
23 65 15	0.1190476190
21 68 19	0.3333333333
31 82 29	0.0588235294
4 59 88	0.2857142857
6 18 88	0.1666666667
4 47 32	0.5294117647
4 52 31	0.0909090909
48 1 7	0.0714285714
4 54 60	0.1666666667
4 78 60	0.5384615385
23 42 6	0.2352941176
24 10 20	0.1428571429
24 2 59	0.1111111111
4 32 6	0.2000000000
4 13 32	0.3846153846
6 24 78	0.1818181818
31 49 56	0.0967741935
31 6 47	0.1147540984
1 70 19	0.2000000000
4 8 47	0.0606060606
4 54 11	0.1250000000
6 24 57	0.1818181818
31 20 54	0.5312500000
1 65 15	0.1612903226
23 3 42	0.1250000000
23 61 24	0.3333333333
23 60 78	0.2666666667
4 32 14	0.2222222222
23 78 60	0.3157894737
31 20 50	0.0214285714
31 13 32	0.4000000000
31 15 47	0.1666666667
21 69 4	0.3809523810
68 20 3	0.0909090909
24 66 59	0.1250000000
24 48 52	0.0454545455
24 78 47	0.0625000000
21 1 88	0.2857142857
21 2 50	0.0952380952
21 11 49	0.0937500000
31 13 2	0.1428571429
21 53 59	0.2800000000
1 67 4	0.2105263158
4 48 59	0.1578947368
48 6 24	0.2222222222
23 8 4	0.2121212121
23 7 50	0.0617283951
31 56 52	0.1894736842
6 3 78	0.2142857143
4 8 49	0.0886075949
4 0 2	0.1250000000
24 50 47	0.1111111111
21 2 13	0.0847457627
1 53 78	0.3076923077
4 46 1	0.3000000000
4 1 50	0.0491803279
23 6 19	0.1818181818
1 57 4	0.2307692308
4 14 32	0.1250000000
4 59 53	0.0634920635
24 8 24	0.1818181818
24 13 42	0.1666666667
24 50 52	0.1000000000
1 70 15	0.1250000000
4 78 4	0.1666666667
4 6 18	0.1290322581
21 17 20	0.2222222222
4 4 1	0.2777777778
4 1 7	0.2800000000
1 15 0	0.2127659574
31 52 14	0.0645161290
1 77 23	0.5500000000
6 18 57	0.2727272727
31 75 18	0.0382165605
21 3 78	0.1500000000
6 3 59	0.2115384615
6 24 47	0.1363636364
6 3 52	0.1304347826
23 14 3	0.0918367347
21 14 49	0.1290322581
31 47 8	0.0555555556
24 17 20	0.2222222222
48 4 49	0.1111111111
4 53 60	0.3333333333
21 47 52	0.2000000000
21 49 24	0.4583333333
31 14 6	0.3076923077
21 60 57	0.3571428571
21 6 50	0.0320512821
31 52 50	0.0210526316
24 47 49	0.0555555556
2 4 49	0.0666666667
2 1 49	0.0833333333
31 15 32	0.1666666667
31 59 11	0.4000000000
31 61 24	0.2857142857
21 77 4	0.2222222222
4 46 3	0.0980392157
23 2 32	0.2500000000
48 4 11	0.1428571429
21 60 13	0.1428571429
4 67 23	0.4000000000
6 4 6	0.1764705882
31 56 13	0.1609195402
23 54 32	0.5000000000
1 6 24	0.3333333333
31 6 48	0.2500000000
31 48 6	0.3793103448
31 10 7	0.2222222222
21 49 48	0.1230769231
21 49 60	0.2400000000
24 6 57	0.0833333333
31 46 49	0.3888888889
21 13 48	0.1621621622
1 3 4	0.1515151515
6 24 8	0.0500000000
48 4 1	0.1875000000
24 47 13	0.1363636364
23 13 42	0.1000000000
24 47 31	0.0588235294
4 13 78	0.2857142857
21 54 48	0.1818181818
6 24 54	0.3333333333
1 32 60	0.2000000000
1 57 14	0.2000000000
1 0 48	0.1250000000
24 7 2	0.1111111111
23 1 42	0.1111111111
24 7 59	0.1111111111
23 50 32	0.3333333333
4 46 53	0.1142857143
21 50 7	0.1666666667
21 6 8	0.0208333333
6 4 60	0.1428571429
21 77 1	0.2000000000
21 60 47	0.1521739130
21 64 24	0.3809523810
4 32 52	0.1578947368
23 14 14	0.0555555556
1 59 53	0.0592105263
6 24 50	0.0357142857
31 48 7	0.0909090909
21 49 0	0.1612903226
23 53 1	0.1111111111
4 54 57	0.1666666667
21 53 24	0.4000000000
21 14 32	0.3333333333
31 56 8	0.0370370370
23 66 21	0.0769230769
1 8 59	0.3076923077
4 78 14	0.0769230769
4 49 11	0.1428571429
4 1 57	0.4545454545
4 60 54	0.3636363636
23 50 49	0.0921052632
24 50 42	0.1666666667
21 4 47	0.0714285714
21 11 60	0.1428571429
1 11 88	0.3750000000
23 68 52	0.1818181818
21 32 32	0.3333333333
6 18 6	0.2941176471
1 50 7	0.2307692308
21 53 88	0.1666666667
31 78 13	0.1250000000
1 49 53	0.0606060606
4 53 0	0.2941176471
48 4 13	0.1333333333
31 78 6	0.2857142857
23 47 14	0.0810810811
23 60 8	0.1764705882
23 54 7	0.1304347826
1 11 14	0.2000000000
21 13 7	0.2666666667
1 1 88	0.5000000000
21 8 47	0.1153846154
4 46 56	0.2500000000
31 51 15	0.0847457627
21 64 29	0.0634920635
31 60 47	0.1764705882
21 77 49	0.1428571429
23 88 1	0.1428571429
24 0 7	0.0769230769
24 50 78	0.2222222222
24 69 4	0.1428571429
31 59 14	0.0769230769
4 13 2	0.0638297872
31 48 47	0.1739130435
21 68 20	0.2352941176
21 53 50	0.0200000000
23 2 11	0.1818181818
23 53 2	0.0303030303
4 3 54	0.1875000000
6 18 14	0.1428571429
21 0 57	0.2857142857
31 20 48	0.2142857143
4 7 8	0.1111111111
1 78 53	0.0694444444
1 42 47	0.2000000000
21 32 57	0.1333333333
31 47 50	0.0547945205
21 8 7	0.1250000000
23 7 88	0.1428571429
31 2 56	0.1538461538
21 60 32	0.3000000000
4 42 49	0.1666666667
24 13 11	0.1818181818
24 32 4	0.1428571429
21 52 60	0.1666666667
1 2 47	0.1212121212
24 32 47	0.1111111111
24 0 20	0.3333333333
4 11 54	0.1764705882
23 54 47	0.1250000000
23 7 57	0.2857142857
23 53 60	0.2857142857
31 32 2	0.0833333333
23 7 3	0.1047619048
1 11 7	0.0967741935
21 78 2	0.2000000000
1 60 8	0.1568627451
21 32 11	0.2666666667
31 6 57	0.2380952381
48 1 8	0.1500000000
6 18 13	0.1111111111
4 2 49	0.1333333333
4 47 7	0.0588235294
1 65 24	0.4615384615
1 52 88	0.5384615385
24 60 49	0.1666666667
31 3 20	0.2222222222
21 52 48	0.1666666667
4 4 48	0.1250000000
23 8 14	0.1363636364
24 48 53	0.0454545455
31 6 2	0.1379310345
21 53 47	0.1666666667
4 3 14	0.1666666667
23 32 7	0.1052631579
31 5 19	0.3636363636
4 10 15	0.1500000000
1 78 11	0.3076923077
21 8 60	0.1428571429
4 49 60	0.1250000000
23 53 59	0.2916666667
48 1 59	0.2592592593
23 88 49	0.0588235294
23 14 47	0.1020408163
21 14 78	0.1111111111
23 50 21	0.0952380952
21 14 59	0.3333333333
48 21 47	0.1714285714
21 0 47	0.1923076923
21 47 57	0.3870967742
1 77 6	0.2222222222
21 59 1	0.2307692308
24 48 47	0.0555555556
24 47 11	0.1250000000
48 31 48	0.1428571429
4 49 8	0.1818181818
4 14 7	0.0666666667
24 60 52	0.1578947368
16 76 4	0.1111111111
21 52 78	0.2250000000
2 1 48	0.1250000000
23 53 88	0.1666666667
4 49 32	0.2500000000
48 23 11	0.4166666667
23 4 53	0.1063829787
31 48 32	0.1818181818
21 48 47	0.1578947368
23 88 52	0.0833333333
24 59 47	0.0434782609
21 6 14	0.0888888889
31 14 59	0.1818181818
23 7 8	0.1052631579
4 49 57	0.2500000000
23 66 24	0.2222222222
1 7 2	0.0857142857
1 32 48	0.2142857143
24 2 3	0.1428571429
23 48 42	0.1428571429
31 6 53	0.0800000000
31 48 78	0.2000000000
23 54 50	0.1111111111
24 49 20	0.1851851852
24 11 47	0.0833333333
31 59 4	0.2857142857
21 54 54	0.4166666667
31 13 60	0.1250000000
21 48 32	0.2000000000
48 21 57	0.2727272727
24 6 42	0.2857142857
24 13 78	0.1818181818
4 8 52	0.1250000000
24 67 23	0.2000000000
24 57 78	0.1666666667
23 47 54	0.2800000000
21 4 59	0.1666666667
31 13 4	0.1111111111
31 7 0	0.2142857143
1 50 78	0.2307692308
23 14 11	0.2777777778
4 60 4	0.1818181818
21 50 2	0.1162790698
21 77 50	0.0769230769
21 32 48	0.1818181818
4 6 88	0.2857142857
4 78 48	0.1250000000
1 4 59	0.2727272727
6 4 47	0.1000000000
6 24 60	0.3750000000
4 3 7	0.0833333333
4 11 4	0.1428571429
2 4 11	0.2000000000
1 60 78	0.3478260870
6 3 57	0.3750000000
21 46 3	0.0833333333
24 13 53	0.0400000000
4 60 0	0.2941176471
48 4 8	0.1666666667
23 42 53	0.0588235294
31 48 52	0.1395348837
23 8 7	0.1290322581
1 0 60	0.4000000000
1 14 47	0.1458333333
23 50 24	0.2352941176
2 1 11	0.3076923077
24 50 6	0.1111111111
21 57 47	0.2758620690
21 70 52	0.2000000000
21 14 54	0.2857142857
48 4 48	0.1250000000
1 49 88	0.3333333333
1 78 88	0.2857142857
21 48 60	0.1428571429
6 29 7	0.1428571429
21 14 52	0.1320754717
31 52 48	0.2105263158
1 2 32	0.2857142857
1 8 14	0.2222222222
23 48 7	0.1111111111
4 13 7	0.2222222222
2 4 59	0.2142857143
24 11 6	0.0937500000
68 55 3	0.1111111111
1 48 4	0.2500000000
24 47 57	0.1111111111
24 11 52	0.0555555556
31 52 47	0.1917808219
31 59 7	0.2173913043
21 32 7	0.1538461538
48 21 49	0.0697674419
1 69 31	0.0754716981
23 11 88	0.2857142857
4 53 19	0.2105263158
48 4 3	0.1363636364
4 6 24	0.3076923077
24 13 4	0.1250000000
24 49 78	0.1000000000
1 13 54	0.2727272727
48 1 50	0.0800000000
21 0 4	0.1818181818
31 67 23	0.6666666667
21 78 53	0.0555555556
1 50 60	0.1666666667
6 9 20	0.2500000000
31 13 50	0.0526315789
23 50 7	0.2500000000
24 3 4	0.1111111111
21 50 24	0.3333333333
21 3 8	0.0322580645
21 3 88	0.2857142857
1 53 22	0.1304347826
31 20 60	0.4117647059
24 48 32	0.1000000000
4 65 22	0.1666666667
4 42 7	0.1666666667
23 65 4	0.1111111111
4 0 53	0.0400000000
1 4 53	0.1351351351
1 53 4	0.1176470588
21 13 1	0.1538461538
31 49 57	0.2592592593
21 11 6	0.2615384615
21 4 3	0.0740740741
31 11 13	0.1538461538
24 49 29	0.0588235294
1 32 4	0.1818181818
31 46 20	0.1666666667
6 24 53	0.0526315789
23 14 78	0.0909090909
23 13 8	0.0958904110
1 7 50	0.0462962963
6 18 59	0.2857142857
4 57 47	0.1777777778
4 52 7	0.0789473684
21 50 13	0.1578947368
1 70 4	0.4000000000
23 6 14	0.0869565217
21 60 54	0.5625000000
23 11 4	0.2222222222
1 67 20	0.1818181818
6 29 19	0.2500000000
23 50 57	0.4285714286
24 47 59	0.1111111111
31 2 47	0.1538461538
21 4 53	0.0869565217
2 1 1	0.1428571429
4 57 88	0.2857142857
21 0 20	0.3333333333
23 2 7	0.0714285714
23 50 22	0.1538461538
6 3 1	0.1600000000
2 1 57	0.1818181818
4 47 2	0.0588235294
21 49 50	0.0357142857
4 0 48	0.2142857143
23 46 60	0.1666666667
21 46 6	0.1904761905
68 20 53	0.0500000000
4 75 18	0.1153846154
21 60 0	0.1428571429
4 52 14	0.1052631579
31 78 60	0.1111111111
4 0 78	0.3076923077
4 8 8	0.1363636364
24 3 42	0.1666666667
21 47 8	0.0468750000
21 32 1	0.1739130435
6 4 59	0.1666666667
23 53 47	0.1612903226
4 48 14	0.0769230769
23 65 24	0.2777777778
24 1 53	0.0217391304
23 14 7	0.0952380952
4 47 88	0.2857142857
23 60 60	0.1250000000
4 8 59	0.2500000000
21 3 53	0.0416666667
4 48 13	0.1333333333
24 46 53	0.0555555556
21 7 59	0.1666666667
23 54 2	0.1052631579
31 13 8	0.0370370370
21 13 54	0.2727272727
24 13 60	0.1666666667
1 0 42	0.1428571429
48 4 60	0.1428571429
21 70 23	0.2222222222
21 11 88	0.2857142857
21 57 49	0.0823529412
21 53 52	0.2000000000
24 3 32	0.0714285714
1 49 42	0.1250000000
21 1 4	0.2142857143
31 15 2	0.0714285714
4 59 14	0.1111111111
31 57 47	0.1111111111
1 70 54	0.1500000000
21 49 88	0.3750000000
1 49 54	0.1428571429
21 2 11	0.2222222222
2 4 0	0.1428571429
48 23 54	0.1666666667
4 47 60	0.2222222222
4 75 52	0.1428571429
24 32 42	0.1666666667
4 60 8	0.1111111111
1 57 48	0.1250000000
6 18 54	0.2500000000
21 48 49	0.0980392157
1 0 20	0.1111111111
1 42 57	0.2857142857
1 50 31	0.0975609756
2 4 4	0.1250000000
48 21 11	0.2500000000
23 14 8	0.0800000000
1 78 7	0.1428571429
21 1 54	0.3076923077
31 52 31	0.1000000000
31 47 7	0.0800000000
21 50 47	0.0454545455
21 1 50	0.0200000000
31 78 52	0.1698113208
24 7 49	0.0555555556
24 59 78	0.1250000000
31 6 50	0.0454545455
4 11 11	0.3500000000
31 32 47	0.1379310345
4 11 50	0.1428571429
2 4 13	0.0967741935
23 2 50	0.0689655172
21 47 78	0.1111111111
24 47 52	0.0454545455
24 49 47	0.0588235294
23 53 54	0.3333333333
4 14 14	0.1000000000
21 3 50	0.0425531915
31 60 2	0.1818181818
68 19 13	0.0714285714
23 42 11	0.1428571429
2 4 47	0.2000000000
21 70 15	0.1818181818
48 31 13	0.0555555556
1 57 78	0.2173913043
31 51 24	0.3636363636
1 13 4	0.1875000000
21 59 14	0.1500000000
4 4 11	0.1428571429
23 42 8	0.0909090909
24 10 3	0.1333333333
31 3 14	0.0416666667
2 1 50	0.0285714286
24 8 56	0.1428571429
31 49 53	0.1076923077
24 50 2	0.0454545455
31 49 50	0.0394736842
21 59 60	0.2500000000
1 32 8	0.0937500000
21 0 7	0.0769230769
31 82 18	0.0319148936
1 11 4	0.1428571429
1 61 19	0.2307692308
21 49 53	0.0776699029
31 56 48	0.1052631579
4 48 7	0.1764705882
4 54 59	0.1250000000
23 67 7	0.0909090909
1 14 8	0.0344827586
21 13 8	0.0333333333
21 48 13	0.1034482759
21 53 60	0.3846153846
4 32 3	0.1034482759
48 1 11	0.1538461538
1 4 48	0.1250000000
1 14 4	0.1333333333
1 60 0	0.2142857143
21 11 53	0.0606060606
2 23 60	0.3333333333
21 78 11	0.2500000000
1 4 2	0.1304347826
21 70 54	0.1333333333
31 7 78	0.2380952381
31 13 11	0.3333333333
21 6 18	0.0273972603
48 21 50	0.0967741935
21 6 29	0.0512820513
4 49 6	0.1190476190
1 14 14	0.1000000000
23 52 42	0.1666666667
1 53 54	0.5000000000
1 14 11	0.1333333333
21 78 78	0.2000000000
21 1 48	0.0666666667
31 48 14	0.2222222222
21 48 3	0.1891891892
1 48 14	0.1304347826
23 32 53	0.0153846154
4 70 15	0.1000000000
4 32 57	0.2222222222
1 70 23	0.1176470588
24 3 53	0.0312500000
21 14 13	0.0909090909
21 0 8	0.0500000000
31 53 20	0.0555555556
4 46 60	0.0769230769
1 53 21	0.1111111111
68 19 2	0.1428571429
21 4 54	0.2500000000
6 3 7	0.0714285714
23 67 20	0.0909090909
21 65 3	0.2692307692
4 7 88	0.2857142857
31 78 78	0.1428571429
23 42 49	0.1290322581
4 54 4	0.1250000000
1 42 8	0.1250000000
21 57 2	0.3333333333
21 1 53	0.0468750000
23 42 52	0.0666666667
31 49 88	0.2857142857
21 7 57	0.5000000000
1 78 2	0.1388888889
24 47 3	0.0714285714
24 53 78	0.1250000000
31 47 53	0.0980392157
21 59 54	0.3333333333
6 4 4	0.1428571429
24 47 0	0.1250000000
31 49 18	0.0256410256
1 13 88	0.2500000000
1 1 4	0.1290322581
4 59 4	0.1333333333
23 60 47	0.1111111111
1 8 32	0.3333333333
24 52 0	0.0909090909
23 42 7	0.1428571429
1 50 13	0.0750000000
6 18 52	0.1176470588
1 77 4	0.1818181818
24 59 53	0.0434782609
1 50 14	0.1666666667
4 53 48	0.1666666667
21 54 50	0.0327868852
21 14 47	0.0476190476
4 8 7	0.1875000000
4 13 11	0.2105263158
4 67 4	0.1111111111
1 68 24	0.1111111111
1 6 18	0.0576923077
4 13 54	0.1428571429
21 32 60	0.2500000000
4 78 2	0.1111111111
21 50 6	0.1666666667
24 14 53	0.0526315789
1 42 7	0.1666666667
6 29 15	0.0625000000
21 13 57	0.2105263158
21 4 11	0.2727272727
21 11 7	0.1250000000
2 4 2	0.1000000000
23 70 4	0.2222222222
4 60 11	0.2727272727
24 8 57	0.1111111111
48 1 53	0.0689655172
31 56 7	0.0666666667
21 32 50	0.0540540541
21 50 8	0.1250000000
21 13 11	0.3181818182
4 57 2	0.1538461538
23 67 4	0.1333333333
1 32 54	0.1250000000
23 78 4	0.1304347826
24 0 48	0.1250000000
21 69 21	0.1904761905
23 49 88	0.4000000000
1 48 88	0.2857142857
21 0 2	0.2500000000
21 57 7	0.1875000000
24 8 3	0.0434782609
1 66 21	0.0588235294
21 3 54	0.4545454545
1 2 57	0.1818181818
24 67 31	0.0588235294
31 56 14	0.1250000000
48 21 14	0.1666666667
4 14 59	0.1111111111
4 0 88	0.2857142857
4 4 3	0.1764705882
23 4 59	0.0800000000
4 54 6	0.0588235294
4 17 20	0.2666666667
1 4 54	0.1818181818
1 32 2	0.1666666667
31 32 32	0.1538461538
31 13 53	0.0285714286
31 49 15	0.1153846154
21 13 14	0.0500000000
4 54 7	0.1250000000
31 32 60	0.1818181818
6 3 11	0.1666666667
21 70 19	0.3636363636
24 3 48	0.0400000000
24 52 48	0.0588235294
1 57 8	0.1346153846
1 53 88	0.1666666667
23 6 42	0.1111111111
21 49 14	0.0740740741
31 67 4	0.2222222222
4 60 7	0.1333333333
1 78 78	0.2666666667
31 56 60	0.1538461538
4 59 2	0.1153846154
21 68 52	0.1818181818
31 59 88	0.2857142857
24 1 60	0.0909090909
24 11 13	0.0454545455
4 42 32	0.2500000000
1 65 4	0.1428571429
4 1 53	0.0241935484
6 24 1	0.1250000000
4 68 4	0.1428571429
31 7 14	0.0500000000
31 56 50	0.0322580645
21 59 4	0.1818181818
31 4 49	0.1333333333
6 24 48	0.1250000000
1 54 60	0.3333333333
4 52 2	0.0895522388
4 78 88	0.1666666667
1 7 59	0.1333333333
31 59 8	0.0444444444
31 14 3	0.0769230769
68 20 59	0.1111111111
31 57 3	0.0769230769
21 14 4	0.1250000000
24 48 57	0.1000000000
23 50 11	0.2631578947
4 42 1	0.1250000000
2 23 1	0.1250000000
21 2 47	0.1304347826
24 53 2	0.0555555556
24 1 42	0.1666666667
2 1 8	0.0476190476
23 88 2	0.1666666667
4 70 20	0.1250000000
31 57 49	0.0869565217
31 47 0	0.1764705882
21 75 52	0.2222222222
31 59 53	0.0285714286
21 59 53	0.0363636364
6 9 15	0.1250000000
21 1 14	0.0526315789
4 68 3	0.2222222222
2 23 4	0.2500000000
1 13 53	0.0186915888
24 60 54	0.1250000000
4 14 57	0.2222222222
21 52 8	0.0246913580
2 4 48	0.1250000000
21 78 60	0.2222222222
48 1 14	0.1000000000
1 13 50	0.0370370370
21 0 88	0.1666666667
21 3 7	0.0625000000
4 60 32	0.1428571429
4 13 53	0.0175438596
68 20 78	0.1666666667
23 48 8	0.0400000000
4 32 54	0.1428571429
6 24 0	0.1250000000
31 79 20	0.1000000000
1 42 6	0.2727272727
21 4 2	0.2000000000
31 20 8	0.0246913580
24 78 59	0.1111111111
6 24 32	0.2857142857
31 6 14	0.0555555556
23 49 21	0.0769230769
21 14 11	0.1428571429
31 6 78	0.0909090909
31 2 13	0.0714285714
21 0 53	0.0416666667
1 68 4	0.1818181818
21 54 60	0.2500000000
21 54 88	0.1666666667
6 3 48	0.0666666667
4 14 50	0.0270270270
1 8 50	0.0125000000
23 60 4	0.0833333333
21 4 31	0.1818181818
21 78 14	0.1250000000
21 6 22	0.1538461538
21 4 32	0.4444444444
4 60 59	0.1818181818
4 42 8	0.1250000000
1 48 78	0.1538461538
21 8 8	0.0500000000
23 48 14	0.0322580645
21 50 1	0.1875000000
1 7 7	0.0333333333
31 52 88	0.1666666667
4 32 1	0.1111111111
23 57 88	0.1428571429
1 8 53	0.0425531915
2 4 57	0.1000000000
21 3 60	0.1333333333
1 6 22	0.1538461538
6 46 3	0.1250000000
6 4 32	0.2857142857
31 69 24	0.1428571429
24 78 78	0.1666666667
2 1 32	0.3333333333
4 47 0	0.1818181818
31 47 59	0.1904761905
1 67 3	0.1538461538
4 48 50	0.0606060606
31 15 60	0.1666666667
31 13 78	0.0833333333
21 53 8	0.0571428571
31 14 2	0.1250000000
21 13 88	0.1666666667
21 53 0	0.1250000000
4 53 22	0.1176470588
21 65 22	0.1739130435
6 36 56	0.1000000000
24 65 20	0.1111111111
4 66 19	0.3636363636
21 46 60	0.1666666667
31 11 3	0.0769230769
48 1 4	0.1000000000
23 6 88	0.1666666667
31 14 14	0.1428571429
4 32 4	0.1111111111
23 48 88	0.1428571429
4 8 50	0.0232558140
21 4 60	0.1428571429
31 10 15	0.0400000000
21 54 7	0.0869565217
6 4 13	0.0769230769
31 61 19	0.3076923077
4 13 8	0.0869565217
6 76 18	0.0500000000
21 65 15	0.1666666667
24 47 47	0.0833333333
31 49 22	0.0909090909
21 6 88	0.2857142857
21 57 53	0.0416666667
21 7 13	0.1363636364
21 7 47	0.0555555556
31 46 59	0.0555555556
21 47 88	0.2857142857
2 4 7	0.0909090909
31 79 56	0.1666666667
31 60 59	0.2000000000
31 11 59	0.1818181818
1 49 21	0.0769230769
23 53 14	0.0714285714
48 21 4	0.1000000000
6 18 7	0.1500000000
4 7 59	0.0769230769
1 32 7	0.1176470588
48 21 7	0.0666666667
21 59 7	0.1333333333
21 7 2	0.0909090909
21 14 2	0.0666666667
4 47 48	0.0769230769
23 54 88	0.1666666667
31 57 59	0.1818181818
23 42 2	0.1428571429
31 13 88	0.1666666667
31 52 8	0.0416666667
31 11 52	0.1250000000
31 48 60	0.1250000000
31 57 2	0.1250000000
31 49 29	0.0454545455
21 4 4	0.1428571429
21 50 21	0.1538461538
4 32 7	0.1428571429
6 3 60	0.1111111111
21 75 18	0.0425531915
23 42 13	0.0476190476
21 8 13	0.0937500000
4 70 19	0.1111111111
2 23 7	0.2000000000
48 6 4	0.1666666667
6 2 4	0.1250000000
6 24 7	0.1538461538
1 50 32	0.1666666667
23 59 88	0.1250000000
6 18 15	0.1250000000
24 57 57	0.0909090909
1 54 88	0.1666666667
6 18 4	0.1111111111
21 1 60	0.1333333333
6 4 2	0.1111111111
31 49 60	0.0714285714
21 0 48	0.1250000000
1 49 14	0.0312500000
31 56 88	0.1666666667
6 29 24	0.1428571429
6 76 4	0.1428571429
31 14 52	0.1250000000
4 42 47	0.2000000000
1 6 29	0.0370370370
21 0 50	0.0416666667
2 4 32	0.1666666667
23 54 60	0.2857142857
31 11 2	0.1250000000
31 57 14	0.142857