0	0.0000000000
1	0.0000000000
2	0.0000000000
3	0.0000000000
4	0.0000000000
5	0.0000000000
6	0.0000000000
7	0.0000000000
8	0.0000000000
9	0.0000000000
10	0.0000000000
11	0.0000000000
12	0.0000000000
13	0.0000000000
14	0.0000000000
15	0.0000000000
16	0.0000000000
17	0.0000000000
18	0.0000000000
19	0.0000000000
20	0.0000000000
21	0.0000000000
22	0.0000000000
23	0.0000000000
24	0.0000000000
25	0.0000000000
26	0.0000000000
27	0.0000000000
28	0.0000000000
29	0.0000000000
30	0.0000000000
31	0.0000000000
32	0.0000000000
33	0.0000000000
34	0.0000000000
35	0.0000000000
36	0.0000000000
37	0.0000000000
38	0.0000000000
39	0.0000000000
40	0.0000000000
41	0.0000000000
42	0.0000000000
43	0.0000000000
44	0.0000000000
45	0.0000000000
46	0.0000000000
47	0.0000000000
48	0.0000000000
49	0.0000000000
50	0.0000000000
51	0.0000000000
52	0.0000000000
53	0.0000000000
54	0.0000000000
55	0.0000000000
56	0.0000000000
57	0.0000000000
58	0.0000000000
59	0.0000000000
60	0.0000000000
61	0.0000000000
62	0.0000000000
63	0.0000000000
64	0.0000000000
65	0.0000000000
66	0.0000000000
67	0.0000000000
68	0.0000000000
69	0.0000000000
70	0.0000000000
71	0.0000000000
72	0.0000000000
74	0.0000000000
75	0.0000000000
76	0.0000000000
77	0.0000000000
78	0.0000000000
79	0.0000000000
80	0.0000000000
81	0.0000000000
82	0.0000000000
83	0.0000000000
84	0.0000000000
85	0.0000000000
86	0.0000000000
87	0.0000000000
88	0.0000000000
89	0.0000000000
90	0.0000000000
91	0.0000000000
92	0.0000000000
59 4	0.2692307692
59 48 47	0.0637254902
49 47	0.0552486188
49 4	0.3125000000
59 77	0.2000000000
49 13 73	0.6168224299
59 47	0.0479452055
49 13 47	0.0734693878
0 56 3	0.0149253731
49 14 52	0.0716981132
51 59 52	0.0932475884
59 3 4	0.2626262626
49 59 47	0.1000000000
59 3 52	0.0582822086
63 0 4	0.2348178138
59 3 73	0.5546218487
51 59 47	0.0552486188
0 3 52	0.0431372549
59 11 52	0.1016393443
59 59 52	0.0523138833
49 7 52	0.1024390244
2 59 52	0.0666666667
59 59 47	0.0562015504
63 3 73	0.5510204082
63 1 3	0.0168855535
59 57 52	0.0759878419
49 57 52	0.0642570281
49 60 47	0.0303030303
49 54 52	0.0786516854
49 78 47	0.0776255708
59 59 77	0.2985074627
49 8 52	0.0714285714
63 0 73	0.6101694915
59 14 52	0.0534759358
59 49 47	0.0595903166
63 1 52	0.0843091335
0 7 47	0.0860215054
49 6 77	0.2252252252
59 60 47	0.0416666667
49 8 4	0.1492537313
51 49 52	0.0384615385
63 6 4	0.1565217391
49 49 77	0.1193181818
2 5 73	0.4166666667
49 42 4	0.2500000000
49 13 77	0.2871287129
51 48 73	0.4545454545
59 52 52	0.0577753780
49 32 4	0.2800000000
49 6 47	0.0636132316
49 49 47	0.0736497545
59 3 47	0.0560747664
73 1 3	0.0159151194
49 6 4	0.1250000000
59 49 52	0.0522827688
0 56 47	0.0641025641
0 15 77	0.2083333333
49 49 52	0.0606826802
59 52 47	0.0503225806
49 52 52	0.0686184812
49 47 4	0.1529411765
59 66 73	0.3409090909
49 13 52	0.0536912752
49 47 52	0.0560509554
49 1 4	0.3095238095
49 32 47	0.1094527363
73 49 47	0.1224489796
59 78 52	0.0940594059
0 7 52	0.0601092896
59 47 52	0.0686813187
0 3 77	0.1538461538
2 59 47	0.0588235294
59 52 4	0.2919708029
49 52 4	0.3081761006
59 32 47	0.0681818182
0 15 47	0.1186440678
49 78 52	0.0795755968
59 78 47	0.0522088353
59 6 47	0.0587392550
63 60 52	0.0358974359
49 52 47	0.0513418903
2 59 4	0.1250000000
63 3 77	0.2894736842
59 48 52	0.0502958580
5 49 4	0.3030303030
49 4 52	0.1545454545
49 11 52	0.0786885246
0 15 3	0.0134228188
49 49 4	0.0919881306
59 52	0.0528169014
49 52	0.0372492837
5 49 52	0.0588235294
49 17 73	0.5510204082
63 56 52	0.2068965517
49 77	0.2222222222
49 59 52	0.0670897552
59 59 4	0.2413793103
49 57 4	0.2500000000
49 53 52	0.0449438202
49 50 18	0.0309859155
48 49 52	0.0555555556
49 59 4	0.2545454545
49 2 52	0.0615384615
59 6 3	0.0077002053
51 20 52	0.0519480519
5 49 47	0.0757575758
48 59 3	0.0075757576
59 4 52	0.0630630631
49 1 52	0.0737500000
63 6 3	0.0066137566
59 2 52	0.0616740088
59 52 3	0.0091690544
5 59 77	0.2363636364
59 6 77	0.2452830189
63 52 47	0.0641711230
63 52 52	0.0632183908
63 53 52	0.0509915014
3 66 73	0.2222222222
20 49 73	0.2222222222
56 48 73	0.1666666667
5 15 73	0.3750000000
49 0 52	0.0202702703
59 1 77	0.2727272727
59 49 18	0.0109589041
51 73	0.2500000000
59 6 4	0.1018518519
59 3 3	0.0068917988
59 52 77	0.2888888889
59 11 4	0.2181818182
59 2 47	0.0298507463
49 48 47	0.0550458716
59 14 47	0.0608695652
9 56 73	0.4444444444
34 4	0.0156250000
68 73	0.1666666667
10 55 73	0.4444444444
34 71 73	0.2222222222
5 34 4	0.0333333333
9 3 73	0.3750000000
5 48 73	0.3333333333
51 51 73	0.3333333333
51 22 73	0.1666666667
54 70 73	0.4444444444
20 52	0.0344827586
49 59 3	0.0132013201
59 47 4	0.2000000000
20 4	0.2000000000
46 4	0.1666666667
49 14 77	0.2962962963
49 32 52	0.0752688172
46 3 73	0.4545454545
59 3 77	0.2673267327
59 3	0.0112994350
59 32 52	0.0445344130
20 3 47	0.0379146919
67 20 52	0.1200000000
49 2 77	0.2727272727
20 53 4	0.0476190476
59 57 4	0.2343750000
73 31 47	0.0714285714
5 59 52	0.0623100304
49 1 3	0.0068426197
46 1 3	0.0238095238
63 4	0.1428571429
59 1 52	0.0670859539
48 49 47	0.0632911392
59 50 52	0.0093457944
49 2 47	0.0625000000
49 14 47	0.0729927007
59 53 4	0.0843373494
49 60 52	0.0387323944
49 0 4	0.2000000000
5 49 77	0.2597402597
49 1 77	0.2272727273
49 52 3	0.0106847984
63 3 52	0.0583333333
49 54 4	0.2916666667
63 3 47	0.1639344262
5 73	0.2500000000
20 3 3	0.0042105263
49 48 4	0.2592592593
59 7 52	0.0769230769
49 13 4	0.3090909091
20 52 52	0.0284090909
20 3 4	0.1153846154
46 53 52	0.0686274510
20 3 52	0.0262529833
0 20 4	0.1538461538
0 3 4	0.1428571429
2 49 52	0.0612244898
46 6 47	0.0769230769
20 59 47	0.0416666667
20 57 4	0.1000000000
0 20 52	0.0598802395
20 59 77	0.0833333333
59 54 52	0.0666666667
46 3 52	0.0535714286
59 60 4	0.2000000000
63 50 18	0.0372093023
73 6 4	0.2812500000
63 52 3	0.0098814229
49 75 18	0.0311284047
49 60 4	0.2307692308
63 3 3	0.0262582057
59 7 4	0.3846153846
25 4	0.0434782609
49 52 77	0.2727272727
59 54 4	0.1851851852
59 6 18	0.0139372822
20 88 4	0.1428571429
20 6 3	0.0066555740
5 59 4	0.4634146341
20 57 52	0.0493827160
20 1 77	0.1333333333
59 42 4	0.4545454545
20 49 47	0.0546875000
59 78 4	0.3265306122
20 7 52	0.0400000000
20 32 52	0.0322580645
73 1 52	0.0598591549
5 59 3	0.0061804697
20 13 52	0.0289855072
20 6 47	0.0251256281
20 4 52	0.0444444444
5 25 4	0.0930232558
59 14 4	0.1142857143
20 75 18	0.0112359551
49 59 77	0.2674418605
67 3 4	0.1250000000
20 1 52	0.0234604106
67 46 73	0.4444444444
61 51 73	0.3750000000
63 0 52	0.0398625430
63 1 4	0.1333333333
63 14 52	0.0306122449
59 49 77	0.0864197531
73 49 77	0.1818181818
50 80 73	0.4444444444
2 34 4	0.0769230769
2 25 4	0.0909090909
2 51 73	0.3000000000
25 49 4	0.0588235294
22 73	0.1666666667
54 6 4	0.0289855072
24 8 73	0.4444444444
25 80 73	0.2500000000
22 51 73	0.1666666667
34 4 73	0.4444444444
50 49 4	0.0500000000
5 68 73	0.1666666667
49 55 73	0.3750000000
24 6 4	0.0175438596
46 17 73	0.5454545455
0 7 3	0.0277777778
46 3 47	0.1034482759
63 0 3	0.0061043285
46 1 52	0.0666666667
20 78 4	0.1379310345
49 0 73	0.3846153846
63 6 77	0.1489361702
73 31 52	0.0421686747
0 49 73	0.1666666667
48 49 4	0.2777777778
63 6 47	0.0987654321
49 53 4	0.0693069307
51 59 4	0.3235294118
51 49 47	0.0470588235
20 47 52	0.0330188679
20 78 52	0.0434782609
20 13 77	0.1025641026
73 6 47	0.0726495726
20 7 4	0.0909090909
20 49 52	0.0265957447
5 59 47	0.0759493671
20 48 52	0.0535714286
20 3 77	0.1190476190
20 6 77	0.1000000000
20 11 52	0.0563380282
59 2 77	0.2000000000
59 32 3	0.0088757396
49 13 3	0.0075630252
49 78 3	0.0105263158
50 71 73	0.3000000000
34 49 4	0.0588235294
63 0 77	0.2222222222
59 46 4	0.3333333333
49 60 3	0.0062893082
20 53 52	0.0121951220
67 3 52	0.1000000000
49 7 4	0.3461538462
67 7 47	0.1764705882
67 7 52	0.1071428571
67 7 3	0.0606060606
0 21 73	0.3636363636
49 11 4	0.3260869565
46 1 4	0.2352941176
49 46 4	0.3636363636
73 1 77	0.1090909091
73 50 52	0.0441176471
20 52 77	0.0810810811
20 13 73	0.3191489362
46 1 77	0.1818181818
2 49 47	0.0408163265
20 52 4	0.1111111111
49 60 77	0.3333333333
49 78 77	0.2727272727
59 78 77	0.1562500000
59 49 4	0.0811808118
59 75 18	0.0200668896
49 32 77	0.1395348837
25 4 73	0.3333333333
25 4 62	0.0158730159
63 0 47	0.0182291667
49 78 4	0.3214285714
59 59 3	0.0101010101
20 13 4	0.1304347826
20 42 4	0.1428571429
20 52 3	0.0061349693
63 52 77	0.2173913043
59 1 4	0.2941176471
59 48 4	0.2142857143
59 57 77	0.2222222222
3 46 73	0.1666666667
5 5 73	0.3333333333
22 34 4	0.0217391304
63 1 77	0.1627906977
20 6 18	0.0068493151
49 6 3	0.0054176072
49 66 73	0.3000000000
20 59 52	0.0301724138
2 49 4	0.2142857143
2 59 77	0.0833333333
63 61 52	0.0800000000
2 49 77	0.1538461538
46 6 77	0.1250000000
49 48 3	0.0091324201
0 56 52	0.0441988950
0 21 52	0.0571428571
59 1 3	0.0072780204
20 60 4	0.1333333333
59 42 52	0.0571428571
68 5 73	0.1666666667
34 4 62	0.0158730159
51 49 77	0.1250000000
59 8 4	0.2363636364
49 49 18	0.0129533679
59 48 77	0.2000000000
48 59 47	0.0892857143
59 50 18	0.0278481013
48 59 4	0.1818181818
49 14 4	0.2413793103
46 3 3	0.0217391304
20 13 47	0.0397350993
59 57 47	0.0049751244
46 50 18	0.0266666667
20 8 52	0.0449438202
0 56 4	0.2307692308
20 3 73	0.2647058824
5 20 52	0.0157068063
48 59 52	0.0697674419
73 6 77	0.1590909091
63 60 4	0.1304347826
46 52 77	0.1818181818
51 49 4	0.2580645161
2 10 73	0.1666666667
59 32 4	0.2068965517
0 21 4	0.2352941176
49 70 18	0.0102739726
0 15 52	0.0319148936
0 7 77	0.1250000000
59 60 3	0.0265957447
59 60 77	0.4285714286
59 8 52	0.0774193548
59 70 18	0.0136986301
49 32 3	0.0118811881
48 51 73	0.2727272727
48 49 77	0.1000000000
49 57 77	0.3333333333
67 15 47	0.1111111111
20 50 18	0.0111731844
49 48 52	0.0454545455
46 6 4	0.0952380952
20 6 4	0.0275862069
20 52 47	0.0361990950
49 14 3	0.0031250000
20 47 4	0.0983606557
46 3 77	0.2307692308
46 52 52	0.0722891566
5 2 73	0.3000000000
63 14 4	0.2727272727
48 59 77	0.1250000000
73 31 3	0.0099009901
20 54 52	0.0615384615
46 56 4	0.1428571429
63 56 4	0.2307692308
67 56 52	0.0833333333
46 60 4	0.0909090909
49 6 18	0.0091324201
5 63 4	0.3076923077
51 63 4	0.2222222222
20 1 4	0.1142857143
59 11 77	0.2222222222
59 53 52	0.0319148936
0 7 4	0.1052631579
67 15 77	0.1428571429
0 3 47	0.0245901639
51 59 77	0.1333333333
20 1 3	0.0064102564
46 14 4	0.1428571429
59 14 77	0.1666666667
73 6 3	0.0035650624
46 70 18	0.0384615385
67 20 4	0.1250000000
49 88 4	0.2222222222
20 2 52	0.0291970803
49 11 77	0.3333333333
0 56 77	0.2142857143
73 49 52	0.0243902439
25 52 52	0.0327868852
49 57 47	0.0065789474
59 48 3	0.0023752969
63 52 4	0.3750000000
20 32 4	0.1428571429
63 7 4	0.2727272727
59 11 47	0.0054054054
49 48 77	0.2500000000
48 25 4	0.0588235294
49 50 52	0.0073529412
20 46 4	0.1250000000
20 14 52	0.0158730159
63 70 18	0.0089285714
63 53 4	0.0370370370
20 11 4	0.0740740741
51 59 3	0.0049261084
67 3 77	0.1428571429
49 42 52	0.1000000000
20 48 4	0.1176470588
46 6 3	0.0044052863
20 59 3	0.0037313433
49 4 4	0.2307692308
20 8 4	0.0555555556
20 49 77	0.0350877193
0 82 18	0.0384615385
59 78 3	0.0037807183
46 53 4	0.0714285714
67 7 77	0.1250000000
59 32 77	0.0909090909
67 56 3	0.0416666667
46 56 52	0.1818181818
67 56 47	0.0909090909
46 14 52	0.0322580645
46 61 52	0.0270270270
67 56 77	0.1666666667
49 11 47	0.0057142857
67 3 47	0.0588235294
20 70 18	0.0064935065
