0	0.0000000000
1	0.0000000000
2	0.0000000000
3	0.0000000000
4	0.0000000000
5	0.0000000000
6	0.0000000000
7	0.0000000000
8	0.0000000000
9	0.0000000000
10	0.0000000000
11	0.0000000000
12	0.0000000000
13	0.0000000000
14	0.0000000000
15	0.0000000000
16	0.0000000000
17	0.0000000000
18	0.0000000000
19	0.0000000000
20	0.0000000000
21	0.0000000000
22	0.0000000000
23	0.0000000000
24	0.0000000000
25	0.0000000000
26	0.0000000000
27	0.0000000000
28	0.0000000000
29	0.0000000000
30	0.0000000000
31	0.0000000000
32	0.0000000000
33	0.0000000000
34	0.0000000000
35	0.0000000000
36	0.0000000000
37	0.0000000000
38	0.0000000000
39	0.0000000000
40	0.0000000000
41	0.0000000000
42	0.0000000000
43	0.0000000000
44	0.0000000000
45	0.0000000000
46	0.0000000000
47	0.0666666667
48	0.0000000000
49	0.0000000000
50	0.0000000000
51	0.0000000000
52	0.0192307692
53	0.0000000000
54	0.0000000000
55	0.0000000000
56	0.0000000000
57	0.0000000000
58	0.0000000000
59	0.0000000000
60	0.0000000000
61	0.0000000000
62	0.0000000000
63	0.0000000000
64	0.0000000000
65	0.0000000000
66	0.0000000000
67	0.2500000000
68	0.0000000000
69	0.0000000000
70	0.0000000000
71	0.0000000000
72	0.0000000000
73	0.0000000000
74	0.0000000000
75	0.0000000000
76	0.0000000000
78	0.0000000000
79	0.0000000000
80	0.0000000000
81	0.0000000000
82	0.0000000000
83	0.0000000000
84	0.0000000000
85	0.0000000000
86	0.0000000000
87	0.0000000000
88	0.0000000000
89	0.0000000000
90	0.0000000000
91	0.0000000000
92	0.0000000000
20 67	0.6153846154
3 47	0.1216216216
20 52 69	0.3571428571
20 47	0.1290322581
3 69	0.2982456140
3 2 47	0.2356687898
20 13 47	0.1266375546
20 6 69	0.3790849673
3 77	0.2916666667
5 5 77	0.8809523810
3 67	0.4901960784
20 69	0.3200000000
20 53 69	0.3207547170
20 3 77	0.4375000000
20 48 47	0.0681818182
3 6 50	0.0361944157
51 20 47	0.1314984709
3 46 67	0.7241379310
3 1 77	0.4343434343
77 4 47	0.1558441558
3 50 47	0.1127819549
2 77	0.3750000000
3 6 47	0.1138570168
20 52 47	0.0974155070
20 50	0.0357142857
64 29 77	0.7246376812
20 1 69	0.3304347826
3 59 69	0.3290322581
3 2 50	0.1052631579
3 11 47	0.1015384615
20 7 67	0.7647058824
3 50 67	0.4054054054
3 66 77	0.8400000000
56 0 47	0.1000000000
20 46 67	0.7058823529
64 29 47	0.1476510067
3 3 47	0.0964912281
3 47 69	0.3358778626
3 32 47	0.1015037594
51 3 77	0.4459459459
20 60 50	0.0437158470
82 4 69	0.3157894737
77 21 47	0.1397260274
2 3 47	0.0909090909
3 13 69	0.2698412698
82 18 77	0.5869565217
64 29 67	0.6666666667
5 7 67	0.6666666667
51 3 50	0.0294906166
3 4 69	0.4571428571
20 3 47	0.1014925373
56 0 67	0.6122448980
5 77	0.6153846154
51 20 69	0.3604651163
5 3 47	0.0984682713
64 24 47	0.1150442478
5 3 67	0.6805555556
20 52 67	0.7864077670
2 3 67	0.3877551020
20 54 67	0.5555555556
3 2 69	0.4117647059
20 3 67	0.5806451613
77 4 67	0.7058823529
3 52 47	0.0972222222
3 6 67	0.7152777778
3 3 69	0.3005464481
3 8 47	0.1904761905
3 8 67	0.6451612903
3 48 77	0.3428571429
3 57 69	0.3551401869
56 0 77	0.3428571429
51 48 77	0.7058823529
82 18 69	0.1153846154
20 6 67	0.7857142857
51 20 50	0.0419580420
20 8 47	0.2173913043
5 56 69	0.4647887324
82 29 77	0.7333333333
82 3 69	0.3214285714
20 49 47	0.1233333333
51 3 47	0.1026548673
5 7 69	0.3402061856
3 52 69	0.3395348837
64 4 67	0.6153846154
3 47 67	0.5714285714
82 29 69	0.1500000000
20 0 69	0.2333333333
3 3 67	0.5063291139
3 3 77	0.4741379310
20 6 50	0.0510638298
20 52 77	0.3888888889
64 36 77	0.7297297297
20 59 47	0.1000000000
3 6 77	0.4333333333
2 20 67	0.6500000000
3 6 69	0.3665480427
56 0 69	0.3076923077
20 47 67	0.5135135135
77 1 67	0.7285714286
3 78 77	0.3888888889
5 56 67	0.6250000000
3 1 67	0.6344086022
51 3 67	0.7536231884
20 46 50	0.1000000000
3 47 47	0.0925110132
77 1 50	0.0489795918
3 1 69	0.2992125984
20 7 50	0.0614754098
3 46 50	0.0744680851
3 7 47	0.1278195489
77 21 69	0.3692307692
82 24 50	0.0555555556
3 57 47	0.1038961039
82 29 47	0.1525423729
3 32 69	0.3939393939
20 59 77	0.3666666667
20 48 67	0.3529411765
20 49 77	0.6942148760
20 53 67	0.5581395349
82 18 67	0.6956521739
3 52	0.0098280098
60 77	0.2000000000
13 47	0.0919540230
13 52	0.0303030303
59 3	0.0125523013
13 3	0.0051546392
59 2 77	0.3333333333
52 47	0.0891089109
6 14 4	0.3125000000
14 52	0.0526315789
32 47 4	0.1351351351
78 59 47	0.0555555556
6 59 77	0.5098039216
52 52 4	0.1736111111
6 11 52	0.0742857143
3 4	0.0819672131
69 21 47	0.0285714286
14 47	0.0952380952
32 52	0.0273972603
49 4	0.0588235294
78 47	0.1000000000
14 47 52	0.0705882353
13 73	0.2631578947
47 52	0.0327868852
59 6 47	0.1094339623
3 73	0.2307692308
60 13 52	0.0320512821
32 3 73	0.3000000000
59 77	0.1250000000
59 59 47	0.0765171504
52 50 18	0.0243902439
67 31 52	0.0326086957
52 48 52	0.0562913907
6 59 52	0.0409165303
52 52	0.0324909747
61 7 52	0.0355828221
13 32 52	0.0613496933
49 47	0.0833333333
32 47	0.0444444444
49 52	0.0276497696
53 3 52	0.0339622642
6 3 52	0.0417112299
78 52	0.0289855072
49 1 52	0.0396975425
13 20 52	0.0500000000
78 2 47	0.1333333333
13 13 52	0.0288000000
6 14 52	0.0310559006
13 75 18	0.0454545455
5 3 69	0.3394495413
5 7 77	0.3448275862
20 6 47	0.1321739130
3 59 67	0.6291390728
82 3 47	0.1000000000
20 60 67	0.5483870968
56 61 47	0.3809523810
20 54 69	0.4250000000
3 48 69	0.2835820896
20 1 77	0.4459459459
20 1 67	0.6933333333
82 52	0.0952380952
3 13 47	0.1124828532
75 18 47	0.1126760563
20 57 47	0.1147540984
20 8 69	0.0714285714
79 20 50	0.0645161290
3 10 77	0.8125000000
20 57 67	0.5333333333
3 50 52	0.0211267606
20 8 67	0.6976744186
2 52	0.0156250000
59 49 52	0.0464646465
6 1 52	0.0531309298
11 77	0.2500000000
59 59 52	0.0443548387
49 13 73	0.3103448276
59 47	0.0747663551
47 4	0.0666666667
52 4	0.0937500000
2 47 4	0.1200000000
59 52 52	0.0430894309
13 6 77	0.4259259259
57 6 4	0.1176470588
49 15 77	0.4285714286
10 3 52	0.0535117057
49 0 4	0.1929824561
49 4 52	0.0334728033
59 3 47	0.0974358974
2 47	0.0454545455
57 77	0.2500000000
13 77	0.1333333333
6 47	0.1359223301
49 49 52	0.0450000000
6 6 77	0.4950495050
3 7 4	0.1162790698
52 52 77	0.4854368932
49 8 4	0.1333333333
3 59 52	0.0230357877
47 50 18	0.0156250000
13 48 52	0.0439560440
59 11 4	0.2105263158
13 3 47	0.0835913313
13 13 73	0.3389830508
49 7 52	0.0373983740
6 11 4	0.2812500000
52 13 73	0.3095238095
13 57 4	0.1714285714
6 13 52	0.0291777188
75 52	0.0740740741
7 1 67	0.6511627907
75 52 67	0.7619047619
7 67	0.4500000000
15 47	0.0476190476
7 59 69	0.4482758621
56 52 67	0.7441860465
7 47	0.1250000000
56 47	0.1020408163
82 4 67	0.5789473684
51 77	0.6153846154
15 77	0.2941176471
15 49 50	0.0460526316
15 2 67	0.4444444444
5 56 47	0.0963302752
7 32 50	0.0447761194
64 4 69	0.3802816901
7 3 77	0.3333333333
82 3 67	0.5454545455
51 20 67	0.6986301370
15 67	0.4444444444
7 59 50	0.0490797546
82 24 47	0.1296296296
51 51 77	0.8809523810
7 32 69	0.4390243902
7 52 50	0.0359712230
15 47 47	0.1333333333
15 47 69	0.2692307692
3 53 77	0.8589743590
7 6 50	0.0500000000
2 5 77	0.7058823529
75 36 77	0.8148148148
56 32 69	0.2916666667
3 13 77	0.4693877551
56 11 69	0.2727272727
7 14 67	0.7000000000
7 7 47	0.1764705882
7 32 67	0.7058823529
7 49 67	0.6571428571
51 3 69	0.3648648649
7 77	0.3076923077
20 10 77	0.7727272727
7 57 67	0.5500000000
7 13 47	0.1126760563
51 56 47	0.0593220339
7 59 47	0.0751173709
20 49 69	0.3125000000
7 54 67	0.5416666667
7 6 69	0.3596491228
7 6 47	0.1360381862
20 53 77	0.8780487805
7 47 47	0.1005917160
75 52 47	0.1159420290
15 0 67	0.5434782609
7 6 67	0.7678571429
20 7 47	0.1097560976
7 3 69	0.3661971831
7 69	0.0909090909
7 49 69	0.3295454545
15 0 47	0.1147540984
7 3 47	0.0886524823
3 7 67	0.7234042553
52 52 69	0.2483660131
47 6 47	0.1091811414
48 60 3	0.0344827586
77 1 77	0.5000000000
10 3 47	0.0758620690
61 77	0.3846153846
47 47	0.0909090909
6 66 77	0.6034482759
13 32 69	0.2000000000
61 51 77	0.6666666667
48 47	0.1739130435
60 47	0.0416666667
13 4	0.0714285714
60 32 67	0.2500000000
52 69	0.1851851852
52 3 52	0.0427872861
49 50	0.0505050505
52 67	0.3913043478
49 77	0.3333333333
6 6 67	0.4375000000
47 67	0.3529411765
48 77	0.4615384615
49 69	0.2592592593
48 59 4	0.1538461538
6 69	0.1935483871
48 59 69	0.3478260870
13 69	0.1304347826
52 52 52	0.0385944700
52 59 69	0.2790697674
48 52 4	0.1176470588
13 49 4	0.0845070423
59 4	0.1304347826
67 31 67	0.3636363636
13 6 47	0.0882352941
13 49 69	0.2315270936
3 63 67	0.5000000000
13 57 52	0.0673076923
61 56 47	0.1052631579
6 8 47	0.1063829787
49 6 4	0.0720338983
6 77	0.1666666667
48 52	0.0232558140
2 6 3	0.0029850746
3 52 4	0.0497512438
59 78 47	0.0941176471
78 77	0.1875000000
59 69	0.2500000000
61 20 69	0.1777777778
60 59 47	0.0786516854
61 5 77	0.6129032258
59 6 77	0.4634146341
49 82 18	0.0227272727
13 3 67	0.2463768116
52 77	0.1666666667
13 67	0.1052631579
52 52 67	0.5347222222
13 49 18	0.0186915888
13 50	0.0322580645
13 13 69	0.1617647059
52 50	0.0141843972
10 64 52	0.0833333333
3 52 77	0.4033613445
6 67	0.4000000000
47 60 69	0.3200000000
13 11 47	0.0800000000
52 3 67	0.3258426966
32 77	0.1764705882
49 51 77	0.5853658537
53 77	0.4000000000
32 60 52	0.0606060606
52 47 47	0.1004566210
49 52 69	0.2148148148
49 20 50	0.0214876033
49 59 52	0.0405904059
59 52 69	0.2393162393
3 50 48	0.1346153846
60 59 52	0.0406976744
78 67	0.3333333333
3 50	0.0215053763
13 6 69	0.2129629630
2 78 77	0.2727272727
59 67	0.3333333333
32 67	0.3000000000
60 67	0.1666666667
52 32 50	0.0227272727
49 18 69	0.0476190476
59 11 47	0.1111111111
10 20 67	0.3777777778
6 49 67	0.3695652174
32 69	0.1666666667
59 59 77	0.4677419355
47 52 67	0.5000000000
69 48	0.2857142857
52 47 69	0.2258064516
13 14 67	0.4000000000
47 69	0.1500000000
49 20 67	0.4155844156
49 60 47	0.0519480519
49 67	0.3888888889
78 59 69	0.2500000000
53 19 67	0.1851851852
49 13 77	0.5230769231
61 20 67	0.5090909091
2 67	0.2500000000
49 46 50	0.0638297872
47 57 67	0.2307692308
13 13 47	0.0800000000
47 13 47	0.0960451977
32 3 69	0.1923076923
49 53 77	0.4482758621
47 50 67	0.3636363636
59 49 69	0.2000000000
13 52 67	0.4337349398
2 49 77	0.3243243243
3 63 50	0.0439024390
52 13 47	0.1082621083
67 1 67	0.4000000000
47 49 47	0.1100917431
13 49 77	0.4670329670
47 50	0.0275229358
59 59 69	0.2500000000
49 6 50	0.0116959064
2 47 67	0.2666666667
52 47 67	0.4888888889
59 49 47	0.1108247423
47 6 69	0.2820512821
77 21 50	0.0378548896
52 8 47	0.1224489796
6 49 18	0.0192926045
5 7 47	0.0855745721
64 52	0.0731707317
48 20 47	0.1111111111
5 20 47	0.1316614420
20 54 47	0.1052631579
3 11 69	0.3207547170
75 4 67	0.6451612903
48 51 77	0.5000000000
64 3 67	0.5294117647
48 20 50	0.0531914894
5 24 67	0.3636363636
75 18 77	0.6329113924
20 13 69	0.3205128205
20 50 52	0.0119402985
5 56 77	0.2162162162
20 32 69	0.4528301887
75 18 67	0.8000000000
20 49 52	0.0106382979
2 3 69	0.2769230769
5 20 67	0.6590909091
5 15 77	0.4166666667
3 54 47	0.0816326531
5 15 67	0.8333333333
56 56 47	0.1333333333
3 59 47	0.0899159664
5 3 77	0.4210526316
77 23 67	0.8275862069
3 32 77	0.4444444444
3 3 50	0.0126315789
3 13 67	0.4339622642
5 20 69	0.3150684932
59 3 69	0.2061855670
49 11 67	0.5416666667
49 49 77	0.5392156863
49 49 67	0.3902439024
49 52 47	0.0833333333
53 24 67	0.1428571429
53 3 67	0.3829787234
48 6 69	0.3666666667
59 50	0.0253164557
59 52 50	0.0309090909
32 3	0.0097087379
3 3 73	0.1153846154
52 48 47	0.0578034682
49 8 47	0.1505376344
6 50	0.0373831776
59 14 4	0.1724137931
52 52 47	0.0891891892
6 57 47	0.0666666667
64 3 47	0.0995024876
46 61 77	0.3809523810
14 52 69	0.0909090909
64 29 69	0.1555555556
59 52	0.0196078431
57 32 47	0.1052631579
32 52 77	0.4285714286
49 78 4	0.1470588235
49 15 67	0.4347826087
6 53 77	0.5142857143
32 59 77	0.3809523810
53 15 52	0.0471380471
59 7 52	0.0785714286
49 64 52	0.0704225352
32 47 69	0.1428571429
49 6 69	0.2720000000
6 59 50	0.0123966942
59 3 73	0.3333333333
52 2 69	0.3414634146
13 52 52	0.0381143430
49 14 52	0.0245901639
6 3 69	0.1929824561
47 3 47	0.1013215859
60 3 77	0.2000000000
49 11 69	0.2647058824
48 52 77	0.3750000000
48 59 77	0.3333333333
59 6 67	0.4743589744
3 7 52	0.0229885057
47 7 52	0.0366492147
61 56 52	0.0280777538
13 52 69	0.1978021978
6 14 50	0.0289855072
59 6 50	0.0172413793
52 53 77	0.7222222222
6 78 52	0.0701754386
13 1 50	0.0138888889
13 3 73	0.2839506173
60 13 67	0.2777777778
78 2 77	0.2941176471
56 49 77	0.6500000000
15 49 77	0.6551724138
15 59 47	0.0579710145
56 50	0.0322580645
48 56 69	0.2222222222
56 1 77	0.3500000000
56 69	0.2666666667
56 67	0.4166666667
7 52 47	0.0846994536
56 59 67	0.4500000000
46 49 69	0.3333333333
3 54 69	0.4266666667
7 13 77	0.4259259259
56 2 47	0.2142857143
20 2 69	0.4324324324
56 49 50	0.0597014925
56 52 47	0.1000000000
4 49 67	0.4444444444
7 54 50	0.0370370370
56 49 52	0.0099601594
15 49 47	0.0661764706
3 57 50	0.0253456221
15 78 77	0.4000000000
20 11 69	0.3518518519
56 49 47	0.1100000000
56 6 69	0.3934426230
56 11 67	0.3000000000
56 49 67	0.6428571429
20 0 50	0.0243902439
5 82 52	0.1212121212
7 49 47	0.1070234114
56 59 50	0.0416666667
20 49 67	0.6250000000
7 11 69	0.3333333333
7 7 67	0.7500000000
56 3 67	0.5555555556
3 52 67	0.7087378641
7 52 67	0.7142857143
7 46 50	0.0947368421
3 48 67	0.6111111111
15 49 52	0.0066006601
7 13 69	0.2909090909
20 60 69	0.3684210526
15 6 77	0.3636363636
2 15 77	0.1250000000
7 2 77	0.3333333333
56 52 69	0.3529411765
56 61 77	0.8214285714
13 52 77	0.5306122449
6 50 18	0.0236486486
61 7 50	0.0141643059
3 32 67	0.7727272727
49 47 47	0.0723981900
53 51 77	0.4761904762
2 52 47	0.0752688172
60 49 67	0.2666666667
60 69	0.1428571429
49 20 47	0.0806045340
59 14 47	0.1304347826
49 18	0.0273972603
47 64 52	0.0666666667
52 52 50	0.0248447205
59 70 52	0.1250000000
52 7 47	0.0535714286
6 49 69	0.1944444444
61 3 47	0.1052631579
13 10 77	0.5294117647
49 1 69	0.2191780822
13 1 67	0.4400000000
10 20 50	0.0323886640
47 54 69	0.3571428571
49 59 67	0.3571428571
78 61 77	0.5294117647
13 47 47	0.0481283422
47 52 52	0.0431372549
49 47 4	0.1300813008
13 50 48	0.0869565217
49 6 67	0.4861111111
49 20 52	0.0381406436
6 4	0.0909090909
75 3 77	0.3333333333
59 52 77	0.4444444444
14 77	0.1818181818
47 6 77	0.4375000000
75 18	0.0063694268
59 52 47	0.0891472868
57 6 67	0.3333333333
59 78 67	0.4242424242
59 8 69	0.0952380952
59 14 77	0.3333333333
59 52 4	0.1913043478
61 56 4	0.1142857143
49 0 67	0.3000000000
49 54 4	0.0769230769
10 77	0.2000000000
6 6 47	0.1027900147
3 0 77	0.3333333333
59 57 67	0.4166666667
53 15 77	0.4262295082
32 3 4	0.0625000000
47 23 52	0.0305343511
14 2 77	0.2727272727
59 32 4	0.0952380952
10 20 52	0.0488599349
57 59 47	0.0600000000
0 50 18	0.0275862069
0 13 77	0.1200000000
0 48 52	0.0268456376
0 49 77	0.0952380952
0 78 77	0.2000000000
0 13 52	0.0109090909
0 14 77	0.1250000000
0 52 77	0.1041666667
0 59 52	0.0112359551
0 3 52	0.0161001789
0 75 18	0.0441176471
0 48 77	0.0833333333
0 6 18	0.0250000000
0 52 52	0.0085574572
0 6 77	0.1176470588
0 60 52	0.0194174757
0 82 18	0.0256410256
0 57 52	0.0075187970
0 49 52	0.0021691974
0 70 18	0.0280373832
0 18 52	0.0294117647
0 76 18	0.0487804878
0 3 77	0.0416666667
0 11 52	0.0096153846
39 46 77	0.1666666667
39 82 18	0.0256410256
0 14 52	0.0147058824
0 56 77	0.1111111111
6 54 4	0.1851851852
59 3 52	0.0421179302
59 49 77	0.5702479339
32 3 52	0.0451977401
3 11 4	0.0389610390
6 32 47	0.0873786408
47 52 77	0.4705882353
13 49 47	0.1051401869
2 52 52	0.0298507463
53 3 77	0.4848484848
77 50 52	0.0375000000
6 3 3	0.0075542965
14 52 52	0.0430107527
2 6 47	0.0851063830
49 52 52	0.0450000000
10 20 4	0.2195121951
59 6 4	0.0677966102
59 47 4	0.1259259259
6 13 73	0.3333333333
49 47 52	0.0405982906
6 49 52	0.0384615385
13 3 4	0.1142857143
13 3 77	0.3962264151
49 29 4	0.0666666667
13 13 77	0.4461538462
2 3 77	0.3333333333
49 52 4	0.1779661017
2 57 77	0.1666666667
60 3 47	0.0816326531
6 49 47	0.0877659574
6 3	0.0077821012
64 4 47	0.0821256039
13 2 77	0.2857142857
6 78 47	0.1082802548
59 52 3	0.0058333333
6 50 47	0.0612244898
52 3 73	0.2717391304
61 20 47	0.0891089109
61 7 47	0.0917431193
47 14 47	0.1111111111
59 2 47	0.2125000000
52 14 69	0.1176470588
47 14 67	0.5000000000
48 52 47	0.1304347826
3 64 52	0.1145038168
6 2 67	0.3000000000
6 14 77	0.2222222222
47 49 77	0.4886363636
60 6 47	0.1037735849
6 47 52	0.0468384075
49 13 47	0.1030927835
6 49 77	0.4752475248
60 32 47	0.1142857143
60 52 69	0.2142857143
3 59 50	0.0245398773
47 49 67	0.3333333333
10 3 67	0.2413793103
3 32 50	0.0385756677
3 53 47	0.0920245399
51 7 67	0.6078431373
7 54 69	0.4358974359
7 49 77	0.6836734694
7 32 47	0.0847457627
56 47 50	0.0444444444
15 3 47	0.1098265896
15 3 67	0.4871794872
7 1 50	0.0350877193
51 19 69	0.3478260870
56 60 69	0.1666666667
20 53 47	0.1344086022
7 46 67	0.6428571429
56 11 50	0.0454545455
51 19 50	0.0470588235
15 6 67	0.6086956522
75 4 69	0.3870967742
78 69	0.1666666667
61 56 67	0.4117647059
47 2 69	0.2800000000
3 14 67	0.7380952381
49 18 67	0.3157894737
13 3 69	0.1590909091
78 52 69	0.2727272727
47 66 77	0.6470588235
52 1 67	0.4285714286
6 59 69	0.1647058824
59 54 69	0.3478260870
13 49 67	0.5200000000
32 52 69	0.2564102564
59 47 69	0.2816901408
61 7 77	0.4727272727
60 6 69	0.1714285714
47 47 48	0.3684210526
2 47 47	0.1071428571
59 57 50	0.0072992701
59 78 69	0.1521739130
78 3 69	0.1666666667
53 56 69	0.1935483871
0 1 77	0.0937500000
0 32 77	0.2000000000
0 59 77	0.0909090909
0 1 52	0.0060790274
0 49 18	0.0178571429
16 76 18	0.0200000000
46 89 77	0.1666666667
0 85 77	0.1666666667
39 56 77	0.1111111111
3 61 77	0.7600000000
56 77	0.1666666667
56 46 67	0.4444444444
56 59 47	0.0641025641
15 69	0.1818181818
56 53 77	0.7222222222
20 53 50	0.0549019608
3 57 67	0.5800000000
7 6 77	0.4727272727
20 70 52	0.1551724138
3 60 77	0.1764705882
20 59 69	0.2571428571
15 52 67	0.7058823529
56 3 77	0.3513513514
48 3 50	0.0281690141
77 23 47	0.1196172249
7 47 69	0.3461538462
56 47 69	0.2903225806
7 78 67	0.4375000000
15 32 67	0.6153846154
20 47 69	0.3137254902
51 7 69	0.3600000000
15 49 67	0.5217391304
15 6 47	0.1062500000
7 47 67	0.5714285714
7 57 47	0.1122448980
7 7 69	0.2666666667
51 19 67	0.3529411765
7 54 47	0.1037735849
7 52 69	0.3380281690
59 52 67	0.5200000000
47 31 67	0.5333333333
52 11 52	0.0595744681
47 13 77	0.4390243902
60 52 47	0.1234567901
48 59 47	0.1428571429
59 2 50	0.1081081081
48 32 77	0.3846153846
3 3	0.0020408163
48 49 47	0.1216216216
6 8 67	0.3225806452
3 3 52	0.0113908873
59 66 77	0.7142857143
59 47 50	0.0343249428
13 63 67	0.6000000000
60 6 77	0.3333333333
49 1 77	0.4255319149
49 17 73	0.3384615385
61 3 4	0.1454545455
32 52 3	0.0048543689
49 20 4	0.1603773585
47 0 4	0.1851851852
61 19 4	0.1111111111
14 52 47	0.0632911392
53 21 73	0.1111111111
49 22 4	0.1538461538
69 31 52	0.0294117647
61 82 18	0.0136986301
3 53 4	0.0184049080
52 47 52	0.0384615385
6 1 4	0.2000000000
47 3 77	0.4081632653
47 59 52	0.0502092050
61 20 52	0.0366748166
52 78 52	0.0765765766
13 78 52	0.0738916256
2 52 77	0.3809523810
69 21 52	0.0740740741
52 59 52	0.0422960725
53 56 77	0.3500000000
20 6 77	0.4324324324
77 21 77	0.4905660377
2 82 52	0.0555555556
3 7 69	0.3000000000
2 20 47	0.1206896552
5 19 47	0.0689655172
20 11 67	0.5000000000
20 57 50	0.0360000000
20 3 69	0.3287671233
20 13 77	0.4444444444
20 4 67	0.6153846154
3 54 67	0.4705882353
75 24 50	0.0620155039
20 59 67	0.4210526316
20 57 69	0.3750000000
3 4 67	0.7037037037
5 7 50	0.0243055556
79 82 52	0.0833333333
20 50 47	0.1458333333
82 52 47	0.1041666667
3 53 67	0.2820512821
20 78 67	0.2608695652
77 4 69	0.4137931034
20 1 50	0.0272727273
20 0 47	0.1224489796
75 4 47	0.0860215054
5 2 77	0.5000000000
75 3 47	0.1007751938
3 11 67	0.4666666667
20 64 52	0.1206896552
64 3 69	0.2807017544
82 18 47	0.1007751938
48 20 69	0.3333333333
48 82 52	0.0714285714
32 13 67	0.2592592593
78 64 52	0.0625000000
49 56 77	0.3333333333
49 4 47	0.0588235294
49 7 69	0.2203389831
59 49 67	0.4130434783
47 48	0.0555555556
49 19 67	0.2400000000
64 24 50	0.0497512438
6 48 47	0.0922330097
59 48 69	0.1785714286
49 78 77	0.3500000000
32 47 50	0.0395480226
78 10 77	0.5000000000
49 47 67	0.4000000000
61 7 67	0.5238095238
77 23 50	0.0427046263
2 6 67	0.5000000000
3 50 77	0.5454545455
59 1 50	0.0168067227
52 3 69	0.2105263158
52 32 77	0.5000000000
6 47 48	0.1428571429
57 59 67	0.1111111111
48 61 77	0.5000000000
32 59 4	0.0869565217
47 52 69	0.2162162162
49 14 67	0.4375000000
11 6 69	0.2352941176
47 60 67	0.3333333333
32 52 47	0.0914285714
32 52 50	0.0295358650
32 49 67	0.2173913043
47 53 67	0.3684210526
7 66 77	0.8780487805
15 59 77	0.2000000000
56 32 67	0.5000000000
56 57 69	0.2608695652
20 14 47	0.1333333333
7 1 77	0.3750000000
56 6 47	0.1105990783
20 47 47	0.0777777778
2 56 77	0.1250000000
7 3 67	0.4477611940
7 57 69	0.3714285714
51 15 47	0.0378787879
56 49 69	0.3157894737
7 8 67	0.6250000000
56 14 67	0.5833333333
4 59 67	0.6153846154
6 13 77	0.4637681159
53 3 47	0.0772200772
14 49 47	0.0781250000
49 5 77	0.5892857143
59 64 52	0.1020408163
6 48 67	0.4772727273
52 66 77	0.6037735849
59 32 52	0.0314136126
77 21 52	0.0101180438
49 59 77	0.4375000000
6 46 50	0.0547945205
6 0 52	0.0454545455
52 32 47	0.0886075949
6 48 4	0.1346153846
47 0 67	0.2105263158
49 78 69	0.1470588235
59 57 47	0.1037037037
13 51 73	0.2708333333
57 49 77	0.2222222222
14 6 69	0.1666666667
32 49 47	0.0310077519
14 6 77	0.3333333333
59 47 52	0.0425531915
13 52 47	0.0847880299
59 47 48	0.1186440678
47 69 48	0.4000000000
59 6 69	0.2638888889
78 47 50	0.0479452055
49 20 69	0.2222222222
49 7 67	0.4285714286
52 3 47	0.0831234257
52 7 67	0.5652173913
49 78 50	0.0222222222
52 64 52	0.0566037736
52 49 77	0.5158730159
49 47 50	0.0253164557
13 11 69	0.1923076923
52 53 67	0.4333333333
47 31 52	0.0218978102
59 8 67	0.4444444444
3 53 69	0.1818181818
49 32 67	0.4615384615
13 11 67	0.2222222222
77 1 69	0.2336448598
3 59 77	0.4381443299
82 24 69	0.3333333333
20 78 47	0.0722891566
51 64 52	0.1250000000
64 52 67	0.6896551724
2 3 52	0.0192307692
49 46 4	0.2222222222
6 57 52	0.0561224490
6 3 77	0.4626865672
49 18 4	0.0952380952
49 11 52	0.0607734807
13 11 52	0.0606060606
49 60 3	0.0125786164
6 46 4	0.2222222222
52 2 52	0.0282485876
32 49 52	0.0388692580
13 14 52	0.0275229358
47 49 4	0.0341880342
61 3 52	0.0350584307
47 52 4	0.2000000000
49 14 47	0.1481481481
47 32 52	0.0215827338
2 59 52	0.0319634703
47 66 73	0.1600000000
49 18 47	0.0693069307
53 24 47	0.0222222222
11 49 47	0.0975609756
49 49 47	0.1085526316
10 20 47	0.0909090909
6 0 50	0.0229885057
6 53 47	0.1041666667
49 78 52	0.0597014925
57 3 73	0.3636363636
11 13 67	0.3333333333
59 47 67	0.4347826087
49 6 77	0.4843750000
52 49 69	0.2416666667
57 47 67	0.1250000000
11 47 47	0.1052631579
69 24 69	0.1428571429
14 49 52	0.0642857143
3 54 50	0.0403726708
59 1 77	0.5294117647
6 47 67	0.2727272727
53 15 67	0.4375000000
52 48 67	0.2580645161
6 1 67	0.4074074074
52 0 69	0.1290322581
59 50 48	0.1562500000
75 3 52	0.0066006601
52 57 67	0.3200000000
57 49 4	0.0434782609
47 3 52	0.0304259635
3 13 73	0.0875000000
52 59 67	0.4693877551
3 69 48	0.7307692308
6 6 3	0.0032258065
59 78 52	0.0516605166
10 54 50	0.0196078431
52 57 47	0.0750000000
6 49 4	0.0452488688
59 11 52	0.0606060606
6 78 77	0.4615384615
78 78 3	0.0068027211
6 6 69	0.2430939227
60 3 67	0.1904761905
61 3 69	0.2435897436
6 59 47	0.0652818991
48 59 67	0.5000000000
49 53 50	0.0294117647
49 66 73	0.1562500000
61 20 50	0.0228013029
13 14 3	0.0066666667
52 11 69	0.2222222222
59 3 67	0.3902439024
78 3 4	0.0750000000
52 49 50	0.0380952381
5 75 52	0.1136363636
3 78 69	0.1525423729
3 78 67	0.4565217391
7 64 52	0.1311475410
56 66 77	0.7727272727
64 3 77	0.3783783784
15 3 50	0.0225563910
3 60 67	0.3636363636
56 13 77	0.4193548387
3 52 50	0.0269841270
15 49 69	0.3513513514
7 50 48	0.1025641026
7 50 52	0.0220588235
7 8 47	0.2000000000
7 49 50	0.0483091787
51 56 67	0.5000000000
53 56 3	0.0042194093
14 3 4	0.1785714286
52 1 52	0.0342577488
47 3 73	0.2678571429
49 48 52	0.0408163265
52 48 77	0.3703703704
53 56 52	0.0406091371
78 47 52	0.0251572327
49 48 47	0.0491803279
47 49 52	0.0344827586
13 3 52	0.0447330447
13 6 4	0.0719424460
14 13 52	0.0434782609
52 3 3	0.0043431053
6 2 52	0.0434782609
47 78 4	0.1785714286
47 6 4	0.0511627907
3 20 52	0.0657894737
49 22 52	0.0344827586
20 11 47	0.1103896104
82 52 69	0.3684210526
52 13 52	0.0290237467
13 47 50	0.0200000000
47 11 47	0.0642201835
49 2 52	0.0398550725
3 52 52	0.0134037368
61 3 77	0.5000000000
52 54 67	0.4400000000
47 11 69	0.2307692308
47 2 47	0.1750000000
59 14 67	0.5312500000
48 6 50	0.0487804878
3 2 77	0.4736842105
59 49 4	0.0312500000
64 3 50	0.0482758621
6 32 3	0.0038461538
78 13 47	0.0756302521
59 32 47	0.0982142857
47 10 77	0.4375000000
52 14 77	0.3750000000
2 52 50	0.0095238095
6 60 47	0.0937500000
64 52 69	0.3513513514
78 13 67	0.3043478261
47 48 67	0.1904761905
52 49 47	0.0981308411
32 32 69	0.1250000000
2 49 67	0.2500000000
6 3 47	0.0877192982
2 49 47	0.0579710145
47 4 67	0.5625000000
6 13 67	0.2758620690
47 53 77	0.5217391304
51 19 47	0.0923076923
56 6 67	0.7419354839
3 8 69	0.1363636364
46 49 47	0.1063829787
7 60 67	0.5454545455
20 11 50	0.0441176471
7 2 69	0.4166666667
56 64 52	0.1081081081
20 47 48	0.4400000000
56 1 67	0.5789473684
56 2 67	0.2857142857
7 52 77	0.3461538462
3 78 47	0.1084337349
15 3 77	0.3333333333
51 7 47	0.0865051903
7 11 47	0.1071428571
51 15 77	0.4130434783
56 57 67	0.3846153846
56 13 67	0.4285714286
15 52 77	0.3214285714
7 2 47	0.2222222222
78 49 77	0.4800000000
59 60 52	0.0283018868
52 50 48	0.1200000000
13 13 50	0.0138888889
78 13 50	0.0238095238
78 47 69	0.2083333333
52 11 77	0.2000000000
49 6 47	0.0948453608
13 20 47	0.0833333333
52 11 47	0.0902777778
78 49 69	0.2258064516
59 57 69	0.2105263158
2 49 50	0.0403225806
59 60 69	0.2352941176
61 75 52	0.0750000000
6 54 67	0.3043478261
6 49 50	0.0246478873
59 8 47	0.1395348837
10 7 77	0.3181818182
15 10 77	0.8214285714
7 10 77	0.7222222222
15 32 69	0.2000000000
7 4 47	0.1081081081
51 56 69	0.3750000000
3 14 47	0.1282051282
15 0 77	0.3200000000
15 69 48	0.3750000000
43 0 77	0.1666666667
5 64 52	0.1234567901
48 48 77	0.1666666667
5 3 50	0.0170068027
20 54 50	0.0357142857
20 0 67	0.3214285714
20 60 47	0.1092436975
3 20 69	0.1250000000
6 59 67	0.2916666667
13 20 69	0.2631578947
59 32 67	0.5555555556
52 75 18	0.0381679389
53 20 47	0.0726256983
49 10 77	0.4642857143
47 7 67	0.4400000000
52 11 67	0.3793103448
52 70 52	0.1224489796
13 61 77	0.2352941176
13 6 50	0.0202702703
6 11 47	0.0588235294
78 59 67	0.3333333333
32 3 77	0.3684210526
32 49 69	0.2058823529
49 14 77	0.1818181818
49 52 67	0.4380165289
49 2 69	0.2800000000
47 53 69	0.2083333333
6 78 67	0.3333333333
2 13 47	0.0500000000
15 52 69	0.3414634146
56 59 69	0.3250000000
56 3 47	0.0995024876
56 57 77	0.2000000000
7 4 67	0.6428571429
20 14 67	0.7058823529
15 57 47	0.0833333333
2 56 50	0.0588235294
2 7 67	0.2857142857
15 13 77	0.3750000000
52 3 77	0.4366197183
49 4 69	0.2162162162
53 20 67	0.3673469388
52 49 67	0.3962264151
69 1 50	0.0454545455
32 48 67	0.1666666667
52 14 67	0.6176470588
49 47 48	0.1568627451
49 75 52	0.0526315789
47 6 67	0.5471698113
78 13 77	0.4736842105
32 32 67	0.4000000000
49 11 47	0.1067961165
49 0 47	0.0649350649
6 3 67	0.3111111111
49 78 47	0.1194029851
6 7 50	0.0476190476
14 6 4	0.0952380952
48 64 52	0.1025641026
49 59 47	0.0830449827
14 11 77	0.2857142857
14 13 67	0.1666666667
13 46 4	0.2000000000
77 6 67	0.2727272727
13 47 4	0.1061946903
57 47 4	0.1538461538
15 47 67	0.5238095238
3 11 50	0.0417690418
7 0 69	0.2142857143
48 3 67	0.5151515152
5 20 50	0.0325670498
48 20 67	0.4666666667
5 19 50	0.0487804878
56 50 48	0.0909090909
2 20 50	0.0442477876
56 57 47	0.1212121212
56 47 47	0.1078431373
15 48 77	0.2000000000
82 52 67	0.6666666667
79 56 67	0.1666666667
82 4 47	0.0925925926
20 13 67	0.4193548387
20 4 47	0.0740740741
20 32 50	0.0291262136
3 47 50	0.0382387022
56 61 67	0.6153846154
20 2 50	0.1176470588
57 48 77	0.1666666667
52 50 52	0.0148148148
13 52 3	0.0073684211
3 47 4	0.0314465409
59 48 52	0.0552147239
13 2 52	0.0269230769
52 53 52	0.0338345865
53 20 52	0.0443037975
11 6 47	0.1578947368
10 7 4	0.2653061224
47 13 73	0.3157894737
49 19 52	0.0658682635
11 32 47	0.1052631579
14 6 47	0.0731707317
49 54 52	0.0461538462
2 13 73	0.2142857143
6 59 4	0.1500000000
2 13 52	0.0324675325
13 7 52	0.0602409639
11 3 73	0.3636363636
2 78 47	0.0588235294
78 78 52	0.0347826087
3 66 73	0.0357142857
60 47 4	0.0952380952
47 8 4	0.1276595745
61 56 77	0.4285714286
47 47 52	0.0299145299
61 75 18	0.0228571429
47 11 52	0.0463917526
49 13 52	0.0321100917
49 52 77	0.4626865672
52 49 52	0.0404135338
60 52 4	0.0555555556
60 6 67	0.3684210526
6 7 67	0.3600000000
59 32 50	0.0303030303
6 69 48	0.2727272727
59 59 50	0.0290456432
48 49 77	0.6000000000
49 2 77	0.4705882353
3 13 3	0.0005611672
49 52 50	0.0175695461
10 15 47	0.0990990991
47 13 69	0.1785714286
10 15 67	0.3125000000
61 19 47	0.0563380282
49 13 67	0.2380952381
48 57 52	0.0526315789
51 75 52	0.1363636364
82 3 77	0.2777777778
3 7 50	0.0268456376
5 21 47	0.0833333333
3 1 50	0.0207253886
64 24 69	0.3170731707
47 3 67	0.3414634146
10 15 77	0.3750000000
13 52 50	0.0170940171
52 60 47	0.0630630631
47 53 50	0.0442477876
10 3 77	0.4000000000
6 54 69	0.2000000000
60 13 77	0.4000000000
49 18 52	0.0355029586
60 13 69	0.1666666667
59 60 67	0.2222222222
13 54 69	0.2500000000
49 49 69	0.2000000000
15 13 69	0.2647058824
7 59 67	0.7407407407
7 13 67	0.5714285714
15 0 69	0.3281250000
15 6 69	0.3255813953
2 3 50	0.0268817204
61 7 69	0.2400000000
47 49 69	0.2187500000
47 11 67	0.2631578947
6 6 4	0.0668789809
60 6 50	0.0089285714
13 20 67	0.1111111111
6 53 4	0.0694444444
59 7 67	0.5454545455
60 59 50	0.0166666667
13 2 47	0.1718750000
48 49 67	0.5384615385
6 53 69	0.2068965517
3 48 47	0.0979729730
49 32 52	0.0465116279
60 32 77	0.3333333333
49 1 67	0.4313725490
49 56 67	0.1250000000
52 13 77	0.5000000000
13 49 52	0.0314363144
67 4 69	0.1818181818
49 48 77	0.3043478261
52 53 47	0.0983606557
59 11 67	0.4333333333
47 13 67	0.2500000000
49 57 47	0.0939597315
49 24 47	0.0519480519
6 11 67	0.2916666667
47 46 50	0.0504201681
52 13 69	0.2087912088
49 7 47	0.0535714286
47 23 47	0.1093750000
2 13 67	0.0909090909
49 50 18	0.0190114068
32 52 67	0.4736842105
49 8 67	0.4666666667
59 53 52	0.0200000000
52 0 67	0.2222222222
48 14 47	0.0952380952
77 1 52	0.0128205128
75 18 52	0.0078740157
47 21 52	0.0388349515
13 48 73	0.1111111111
48 67	0.1666666667
48 47 47	0.1489361702
52 11 4	0.1956521739
3 2 67	0.5000000000
47 3 4	0.1590909091
52 47 50	0.0379403794
13 8 47	0.1090909091
48 47 69	0.2500000000
13 13 67	0.2916666667
77 23 52	0.0089766607
3 3 4	0.0428571429
10 7 47	0.0721649485
20 50 69	0.0789473684
69 1 67	0.3333333333
3 13 50	0.0258064516
61 24 69	0.1538461538
47 57 69	0.2564102564
47 2 50	0.0666666667
78 60 47	0.0833333333
78 6 47	0.0789473684
49 49 50	0.0290456432
59 32 77	0.4500000000
52 60 50	0.0380952381
32 13 47	0.0719424460
59 59 67	0.4400000000
11 53 77	0.1428571429
59 53 77	0.6764705882
14 13 77	0.3333333333
59 14 50	0.0263157895
52 78 69	0.1794871795
48 59 52	0.0411764706
6 47 69	0.1272727273
32 47 47	0.0833333333
48 13 77	0.4666666667
6 1 77	0.5106382979
11 2 77	0.3333333333
6 53 67	0.4800000000
59 69 48	0.5000000000
52 78 67	0.3076923077
20 32 67	0.5454545455
56 1 69	0.3076923077
20 88 69	0.2727272727
15 78 47	0.1060606061
56 50 52	0.0135135135
78 52 4	0.0833333333
59 2 52	0.0414364641
2 49 4	0.0416666667
47 47 4	0.0743801653
14 59 52	0.0416666667
52 52 3	0.0046082949
52 49 18	0.0129310345
67 31 47	0.1428571429
6 14 47	0.0526315789
81 54 52	0.0243902439
13 32 77	0.3181818182
6 10 77	0.4545454545
13 66 77	0.5789473684
13 53 77	0.4230769231
32 47 67	0.3181818182
49 4 67	0.2727272727
52 69 48	0.4615384615
52 78 47	0.0888888889
61 3 50	0.0187793427
78 3 77	0.3076923077
32 6 47	0.0800000000
20 13 50	0.0256410256
82 24 67	0.2222222222
79 56 69	0.2000000000
79 56 77	0.2222222222
15 47 50	0.0606060606
51 24 47	0.0689655172
15 52 50	0.0416666667
51 56 50	0.0333333333
15 0 50	0.0386100386
2 20 69	0.3684210526
7 1 69	0.3103448276
7 78 77	0.2941176471
20 50 48	0.1276595745
20 4 69	0.4615384615
20 32 47	0.0775862069
48 49 52	0.0476190476
48 11 52	0.0526315789
47 50 47	0.0784313725
48 3 69	0.3469387755
59 32 69	0.3055555556
49 59 4	0.1333333333
3 32 3	0.0014771049
61 19 69	0.1666666667
47 8 67	0.4074074074
78 47 67	0.3500000000
13 47 67	0.2439024390
52 14 50	0.0245901639
57 6 47	0.1578947368
49 78 67	0.4285714286
48 13 52	0.0300751880
49 19 69	0.1875000000
32 6 77	0.4444444444
47 17 73	0.2121212121
52 57 52	0.0485436893
10 82 18	0.0260869565
15 6 50	0.0387096774
2 56 47	0.1200000000
3 70 52	0.1566265060
15 32 47	0.0476190476
56 0 50	0.0347222222
7 69 48	0.6666666667
15 52 47	0.0920245399
56 2 69	0.3333333333
56 8 69	0.0833333333
15 2 77	0.3333333333
75 18 69	0.1463414634
78 52 50	0.0351758794
49 2 47	0.1951219512
13 46 77	0.1333333333
49 61 77	0.4782608696
52 59 47	0.0699708455
13 60 77	0.4166666667
13 57 67	0.2400000000
49 69 48	0.4000000000
10 7 67	0.2682926829
78 53 77	0.3846153846
2 60 77	0.1250000000
13 47 52	0.0517241379
64 3 4	0.0476190476
47 54 52	0.0294117647
64 24 52	0.0105263158
49 7 4	0.2380952381
3 1 4	0.0266666667
6 3 73	0.3296703297
7 47 48	0.1612903226
51 15 67	0.7619047619
7 49 52	0.0095367847
46 61 52	0.0430107527
49 52 3	0.0051057622
49 57 52	0.0500000000
3 52 3	0.0020721094
14 3 52	0.0559440559
78 52 52	0.0135501355
47 59 77	0.3000000000
3 63 4	0.2500000000
32 60 77	0.1818181818
49 60 52	0.0137931034
13 78 4	0.1904761905
46 56 4	0.0909090909
52 59 4	0.1228070175
61 19 52	0.0583333333
49 49 4	0.0222222222
52 7 4	0.1304347826
56 8 47	0.1904761905
56 50 47	0.1153846154
4 59 47	0.0975609756
15 59 67	0.5263157895
52 54 69	0.2758620690
13 49 50	0.0164473684
59 4 69	0.3333333333
78 52 77	0.4166666667
52 59 77	0.5000000000
13 3 50	0.0081967213
78 78 67	0.3846153846
52 4 67	0.4000000000
13 54 47	0.0357142857
60 61 77	0.3636363636
59 11 50	0.0306748466
57 52 52	0.0526315789
48 47 4	0.0714285714
49 53 67	0.2608695652
47 0 69	0.1428571429
49 24 69	0.2068965517
32 52 52	0.0328638498
14 6 67	0.2142857143
10 7 69	0.1176470588
14 49 69	0.1111111111
59 42 52	0.0800000000
57 49 52	0.0537634409
3 5 73	0.1666666667
47 0 47	0.0746268657
56 3 69	0.2978723404
15 59 50	0.0329670330
20 2 47	0.2388059701
20 14 50	0.0571428571
48 3 77	0.3636363636
52 10 77	0.5000000000
32 49 50	0.0204081633
56 46 50	0.0869565217
15 78 67	0.5833333333
7 14 77	0.1818181818
56 14 77	0.2142857143
56 59 77	0.3461538462
56 48 77	0.1818181818
56 70 52	0.1176470588
61 56 50	0.0400000000
78 6 77	0.4000000000
52 2 47	0.2266666667
6 60 77	0.2857142857
47 47 67	0.2272727273
60 59 69	0.1304347826
6 13 4	0.1785714286
3 14 69	0.0869565217
59 3 77	0.5074626866
6 13 47	0.0947368421
47 13 52	0.0244565217
59 47 47	0.0789473684
14 13 47	0.0384615385
11 49 77	0.2222222222
14 3 73	0.3750000000
14 14 47	0.1176470588
32 6 4	0.0952380952
32 32 77	0.4230769231
32 13 50	0.0227272727
59 3 4	0.1052631579
6 61 77	0.4736842105
32 13 52	0.0193050193
49 0 50	0.0285714286
11 49 52	0.0537634409
10 54 52	0.0882352941
3 1 52	0.0135658915
6 1 50	0.0100000000
49 53 69	0.2500000000
47 48 69	0.1176470588
52 7 50	0.0270270270
6 11 50	0.0081967213
10 3 3	0.0062893082
6 48 77	0.4000000000
48 6 47	0.1891891892
6 6 50	0.0296296296
48 6 67	0.5833333333
59 1 67	0.5384615385
3 2 52	0.0169109357
6 57 50	0.0149253731
49 66 77	0.5833333333
13 14 77	0.2352941176
49 13 69	0.1975308642
47 48 47	0.0350877193
47 32 69	0.2727272727
78 78 77	0.4782608696
49 22 69	0.0909090909
67 23 47	0.0892857143
53 3 69	0.1875000000
20 50 67	0.5000000000
5 48 77	0.1666666667
52 0 52	0.0397350993
53 3 3	0.0070052539
13 1 52	0.0555555556
49 48 3	0.0033670034
10 3 4	0.2413793103
49 48 4	0.1470588235
6 78 4	0.2352941176
52 66 73	0.1250000000
59 1 4	0.1470588235
60 52 52	0.0460251046
59 3 3	0.0064864865
57 59 52	0.0439560440
52 47 4	0.0718954248
14 13 73	0.4000000000
82 3 50	0.0447761194
3 88 69	0.3076923077
6 8 4	0.1956521739
47 52 47	0.0934579439
53 3 4	0.1842105263
13 52 4	0.1666666667
10 15 52	0.0339805825
61 20 4	0.1290322581
10 7 52	0.0677506775
6 47 4	0.1307692308
47 6 3	0.0041946309
3 54 52	0.0268948655
10 46 73	0.2307692308
47 57 50	0.0209790210
78 47 47	0.0864197531
52 60 67	0.3750000000
6 48 69	0.2222222222
59 3 50	0.0035587189
49 32 50	0.0074626866
75 3 50	0.0659340659
49 50 67	0.2500000000
49 11 50	0.0218978102
13 46 50	0.0673076923
6 57 69	0.1315789474
47 70 52	0.1034482759
78 52 47	0.0697674419
48 49 4	0.0517241379
13 48 47	0.0803571429
13 2 69	0.2222222222
14 10 77	0.2222222222
10 75 52	0.0500000000
53 19 52	0.0900000000
57 14 69	0.1666666667
14 2 47	0.2222222222
6 70 18	0.0176211454
6 57 4	0.2173913043
49 19 4	0.1200000000
2 59 4	0.0540540541
59 14 52	0.0378378378
2 47 52	0.0212765957
59 66 73	0.1481481481
32 59 52	0.0548523207
60 59 4	0.1333333333
14 78 52	0.0588235294
2 59 77	0.2142857143
56 14 69	0.2222222222
56 2 50	0.1034482759
7 2 50	0.1132075472
3 48 50	0.0196078431
49 54 47	0.0731707317
78 3 47	0.0916666667
49 29 47	0.0731707317
49 36 77	0.3333333333
3 70 18	0.0036900369
52 50 47	0.0681818182
13 2 50	0.0689655172
59 4 47	0.1219512195
15 13 47	0.0845070423
7 78 50	0.0277777778
7 60 47	0.0800000000
7 14 69	0.0909090909
51 2 77	0.6153846154
79 20 67	0.3333333333
6 32 4	0.1304347826
61 56 69	0.2794117647
6 48 52	0.0422960725
48 3 47	0.0967741935
78 78 47	0.0895522388
46 56 52	0.0869565217
10 3 50	0.0198019802
52 13 67	0.3389830508
6 47 47	0.0445544554
53 20 50	0.0138888889
13 57 77	0.2222222222
52 46 50	0.0410958904
3 75 18	0.0100334448
7 60 69	0.3200000000
7 11 50	0.0671641791
15 78 69	0.1666666667
56 56 67	0.2857142857
56 14 50	0.0384615385
11 49 69	0.1333333333
32 6 67	0.5000000000
48 3 4	0.1000000000
59 8 4	0.1739130435
57 2 47	0.2142857143
49 47 69	0.2753623188
14 49 77	0.1764705882
6 32 69	0.2424242424
52 14 4	0.1818181818
13 1 77	0.4285714286
57 49 47	0.0975609756
49 46 67	0.4000000000
20 48 69	0.2142857143
3 60 69	0.3043478261
20 59 50	0.0468750000
3 47 48	0.1785714286
56 6 50	0.0434782609
75 3 69	0.3243243243
48 5 77	0.6153846154
3 60 47	0.0598802395
82 29 67	0.5454545455
47 54 50	0.0363636364
47 78 67	0.2000000000
59 46 50	0.0673076923
47 7 4	0.2608695652
6 11 77	0.1000000000
48 13 47	0.1315789474
78 59 52	0.0306513410
64 52 47	0.0952380952
47 57 4	0.1956521739
49 18 77	0.4000000000
13 60 3	0.0158730159
52 8 4	0.1346153846
52 53 4	0.0389610390
57 3 52	0.0666666667
11 3 4	0.1818181818
75 52 69	0.4000000000
7 88 69	0.2727272727
15 32 77	0.3913043478
56 48 69	0.1428571429
56 52 77	0.3333333333
56 60 77	0.1818181818
48 15 77	0.1250000000
7 14 47	0.1428571429
20 47 50	0.0167224080
75 24 69	0.3703703704
2 64 52	0.1346153846
7 59 77	0.3055555556
7 70 52	0.1290322581
3 14 77	0.3750000000
13 6 67	0.3396226415
59 1 69	0.2272727273
49 48 67	0.2592592593
47 13 50	0.0175438596
13 48 50	0.0114942529
53 56 47	0.0531914894
47 59 67	0.1904761905
49 50 69	0.1111111111
46 17 73	0.2105263158
3 47 52	0.0056127222
52 3 4	0.0909090909
67 1 52	0.0335195531
3 57 52	0.0111317254
2 52 4	0.0975609756
3 51 73	0.3076923077
32 52 4	0.1578947368
78 49 50	0.0327868852
78 46 77	0.2500000000
32 59 69	0.1935483871
6 13 50	0.0140186916
47 7 50	0.0314465409
13 57 47	0.0941176471
78 3 67	0.3125000000
64 52 52	0.0382775120
52 48 4	0.2333333333
49 57 67	0.3947368421
47 21 4	0.1333333333
48 52 69	0.2857142857
11 52 52	0.0526315789
6 46 67	0.3636363636
52 1 4	0.1803278689
59 7 4	0.1666666667
14 52 67	0.2000000000
32 3 47	0.0774193548
49 11 4	0.1379310345
49 70 52	0.1000000000
48 14 67	0.4444444444
59 46 67	0.5384615385
3 25 4	0.0943396226
46 10 77	0.4137931034
11 49 18	0.0256410256
57 49 18	0.0256410256
11 61 77	0.1428571429
56 53 47	0.0967741935
15 14 67	0.3750000000
15 11 47	0.0833333333
15 3 69	0.3125000000
56 13 69	0.3043478261
52 11 50	0.0177514793
6 46 77	0.1515151515
13 78 67	0.2173913043
52 2 77	0.4000000000
13 48 67	0.4000000000
78 14 77	0.3076923077
78 2 67	0.3000000000
60 49 52	0.0324074074
48 57 77	0.3333333333
32 75 18	0.0425531915
49 56 52	0.0476190476
49 60 77	0.2222222222
53 20 4	0.1864406780
3 59 4	0.0945945946
61 7 4	0.1529411765
52 8 67	0.3750000000
47 57 47	0.0569105691
59 60 77	0.3125000000
49 29 77	0.3913043478
64 4 4	0.0746268657
59 60 3	0.0081967213
64 3 52	0.0191897655
3 50 18	0.0117252931
52 78 77	0.4210526316
57 6 77	0.1818181818
52 42 52	0.0800000000
57 13 52	0.0526315789
49 7 50	0.0246478873
59 49 18	0.0144404332
11 64 52	0.0714285714
57 14 52	0.0344827586
15 59 69	0.3529411765
47 47 69	0.1379310345
13 32 47	0.0957446809
48 11 47	0.1818181818
6 54 52	0.0531914894
77 49 69	0.1666666667
59 57 77	0.2727272727
6 32 67	0.3750000000
6 47 50	0.0168067227
49 13 4	0.1142857143
48 59 3	0.0157068063
56 11 47	0.1166666667
2 56 67	0.2857142857
15 2 69	0.2000000000
7 50 47	0.1304347826
7 78 47	0.0945945946
5 55 52	0.0952380952
79 64 52	0.1000000000
79 20 47	0.1428571429
59 59 3	0.0034285714
2 6 69	0.2058823529
13 63 50	0.0629370629
60 78 52	0.0357142857
61 7 3	0.0059880240
13 3 3	0.0065019506
47 59 47	0.1034482759
48 14 3	0.0204081633
13 11 77	0.2222222222
59 7 47	0.0793650794
53 56 67	0.3125000000
6 50 69	0.1000000000
6 57 67	0.2258064516
15 56 47	0.1333333333
20 49 50	0.0272108844
51 15 69	0.2272727273
56 4 67	0.3750000000
75 24 47	0.1449275362
51 56 77	0.2400000000
49 57 69	0.1707317073
2 52 69	0.1627906977
32 3 67	0.3333333333
2 59 47	0.0287769784
48 13 67	0.4705882353
57 14 67	0.2857142857
49 0 52	0.0405904059
32 60 69	0.2500000000
5 56 50	0.0504201681
14 49 18	0.0333333333
52 0 47	0.0818181818
57 52 67	0.4444444444
13 47 69	0.1666666667
52 14 47	0.1181818182
57 32 77	0.1250000000
3 6 4	0.0207939509
57 59 69	0.1250000000
47 3 69	0.1698113208
52 13 4	0.1914893617
32 2 69	0.1428571429
52 53 50	0.0317460317
64 24 4	0.0909090909
49 53 47	0.0879120879
6 4 52	0.0615384615
59 11 69	0.2790697674
48 13 4	0.1428571429
49 32 47	0.0744680851
60 49 77	0.4736842105
52 49 4	0.0390243902
49 57 50	0.0127388535
52 53 69	0.2500000000
47 21 77	0.3846153846
52 2 50	0.0943396226
32 49 77	0.4827586207
32 60 67	0.2500000000
11 47 50	0.0333333333
47 4 69	0.3809523810
77 6 47	0.0819672131
48 53 77	0.5000000000
52 1 77	0.4666666667
52 60 69	0.2083333333
7 13 50	0.0656934307
7 4 69	0.4375000000
2 15 69	0.1666666667
48 52 52	0.0494505495
52 57 4	0.1500000000
52 32 69	0.2413793103
60 13 4	0.2142857143
61 3 67	0.4629629630
48 32 67	0.5000000000
61 46 73	0.2941176471
13 6 3	0.0030895984
3 13 52	0.0100066711
14 13 3	0.0057471264
47 2 52	0.0273972603
52 60 3	0.0082304527
56 54 69	0.3571428571
51 7 77	0.3157894737
3 78 50	0.0211267606
59 49 50	0.0283687943
59 46 77	0.1666666667
3 48 52	0.0180000000
7 47 50	0.0361445783
15 53 77	0.6153846154
51 82 52	0.1190476190
7 60 77	0.1111111111
56 48 67	0.3846153846
56 8 67	0.5333333333
4 59 77	0.3076923077
46 20 69	0.1428571429
56 32 50	0.0312500000
56 54 67	0.2500000000
32 2 47	0.1851851852
52 4 52	0.0512820513
10 21 73	0.1428571429
60 2 52	0.0243902439
78 3 73	0.1621621622
69 4 52	0.0129870130
49 15 52	0.0344827586
32 47 52	0.0374331551
78 11 52	0.0434782609
52 32 67	0.5454545455
52 54 47	0.1011235955
13 46 67	0.5384615385
78 52 67	0.4827586207
59 78 50	0.0250000000
6 66 73	0.1071428571
6 4 4	0.0833333333
59 78 77	0.4814814815
11 48 77	0.1666666667
13 25 4	0.0847457627
52 60 4	0.1250000000
64 4 52	0.0176767677
59 59 4	0.1372549020
59 57 52	0.0540540541
7 78 69	0.2380952381
15 14 77	0.2666666667
59 2 69	0.3095238095
48 52 67	0.6666666667
49 46 73	0.2105263158
52 78 50	0.0265486726
60 11 77	0.3000000000
67 23 50	0.0270270270
60 47 67	0.2307692308
6 0 69	0.1818181818
13 53 69	0.1111111111
20 69 48	0.5454545455
51 7 50	0.0182648402
56 6 77	0.3548387097
13 48 69	0.2068965517
47 21 69	0.2666666667
61 19 50	0.0224719101
52 1 69	0.1604938272
78 6 69	0.2702702703
52 13 50	0.0265957447
47 6 50	0.0313479624
13 5 73	0.1904761905
48 52 50	0.0425531915
48 78 69	0.2222222222
59 53 50	0.0714285714
6 50 67	0.2307692308
13 53 47	0.0666666667
49 0 73	0.3157894737
53 75 18	0.0294117647
69 21 77	0.1111111111
60 49 18	0.0136986301
6 17 73	0.3030303030
61 24 52	0.0263157895
69 1 4	0.1000000000
52 0 73	0.1333333333
6 0 4	0.1724137931
3 11 52	0.0174825175
47 50 69	0.0833333333
10 5 77	0.3157894737
59 61 77	0.4500000000
32 59 67	0.3888888889
49 61 47	0.2222222222
49 7 3	0.0073529412
14 14 69	0.1428571429
69 24 52	0.0476190476
11 32 77	0.1250000000
57 3 4	0.1818181818
56 7 69	0.1111111111
56 14 47	0.0487804878
49 7 77	0.4705882353
32 61 77	0.5263157895
11 13 77	0.3333333333
3 32 52	0.0114942529
77 21 4	0.0307692308
48 75 52	0.1176470588
2 59 67	0.1304347826
78 49 67	0.4285714286
13 1 69	0.2068965517
20 52 50	0.0155339806
4 49 77	0.4000000000
2 49 69	0.1578947368
78 49 47	0.0661157025
60 13 47	0.0888888889
6 50 48	0.1136363636
75 52 52	0.0150375940
8 35 77	0.3076923077
11 52 67	0.4444444444
10 33 77	0.2857142857
64 24 67	0.2307692308
7 11 67	0.2000000000
51 55 52	0.0952380952
6 59 3	0.0025773196
6 32 52	0.0290697674
49 15 47	0.0733944954
14 52 77	0.2500000000
47 0 52	0.0689655172
47 23 67	0.5384615385
52 59 50	0.0262172285
13 50 77	0.3636363636
13 48 77	0.2142857143
47 14 50	0.0412371134
49 59 50	0.0292397661
59 50 18	0.0206611570
6 60 69	0.2692307692
13 2 67	0.2727272727
47 31 69	0.1333333333
6 60 67	0.4400000000
48 78 67	0.3750000000
15 56 67	0.2857142857
56 78 47	0.0750000000
3 8 52	0.0170454545
3 14 52	0.0187500000
59 1 52	0.0423728814
6 7 4	0.2352941176
3 6 18	0.0082304527
64 52 4	0.0816326531
53 24 52	0.0434782609
6 42 52	0.1333333333
52 8 52	0.0364963504
14 59 77	0.4166666667
13 8 4	0.1666666667
49 1 4	0.1698113208
53 64 52	0.0434782609
11 60 77	0.2857142857
6 13 69	0.1632653061
13 64 52	0.0740740741
52 57 77	0.2000000000
13 7 67	0.3333333333
13 78 47	0.0593220339
3 14 50	0.0372670807
56 48 47	0.0677966102
52 14 52	0.0313901345
47 8 52	0.0370370370
59 57 4	0.1764705882
6 53 52	0.0473684211
49 6 3	0.0037481259
77 49 67	0.1666666667
48 13 73	0.3000000000
3 48 3	0.0015974441
49 29 67	0.2222222222
48 10 77	0.4444444444
53 55 52	0.0344827586
3 14 4	0.0588235294
77 6 50	0.0106382979
14 61 77	0.0909090909
53 24 4	0.1363636364
57 49 67	0.2222222222
57 52 69	0.1538461538
14 3 67	0.1000000000
56 47 67	0.4782608696
5 15 69	0.2758620690
52 4 69	0.2500000000
13 32 50	0.0149253731
49 32 69	0.2820512821
13 14 47	0.0746268657
49 82 52	0.1071428571
47 49 50	0.0303030303
69 1 77	0.3000000000
53 46 73	0.1333333333
49 57 4	0.1428571429
60 2 77	0.3076923077
48 7 77	0.1428571429
7 60 50	0.0462962963
3 53 50	0.0261437908
51 24 69	0.3076923077
15 47 48	0.0416666667
47 4 47	0.0961538462
47 8 47	0.1235955056
47 54 67	0.3333333333
2 52 67	0.3421052632
7 32 77	0.2941176471
7 2 67	0.4444444444
48 49 18	0.0093457944
81 54 77	0.3636363636
52 54 4	0.0937500000
47 21 50	0.0350877193
6 48 3	0.0047058824
48 32 47	0.1818181818
60 52 77	0.2222222222
47 13 4	0.1153846154
52 78 4	0.2307692308
48 11 77	0.3333333333
59 6 3	0.0035385704
11 13 47	0.0606060606
49 60 67	0.2000000000
32 13 4	0.1000000000
32 2 52	0.0219780220
47 60 4	0.1481481481
53 15 3	0.0021691974
32 6 3	0.0059701493
6 75 18	0.0337078652
47 70 18	0.0097087379
7 50 67	0.2727272727
4 59 69	0.4000000000
15 14 69	0.1250000000
56 32 77	0.4166666667
11 60 47	0.1250000000
57 6 50	0.0192307692
59 8 52	0.0462962963
77 6 77	0.2727272727
47 4 52	0.0508474576
64 29 4	0.0731707317
48 49 50	0.0508474576
48 49 69	0.3181818182
5 24 47	0.0952380952
56 13 47	0.0949367089
78 11 77	0.1250000000
59 2 67	0.3000000000
53 56 50	0.0217391304
49 50 52	0.0051813472
47 23 50	0.0298507463
49 22 47	0.0270270270
53 5 77	0.4137931034
56 7 67	0.5000000000
56 78 77	0.3000000000
7 0 67	0.2142857143
14 47 4	0.2631578947
52 17 73	0.1555555556
13 4 69	0.0909090909
49 0 69	0.1000000000
69 4 69	0.2666666667
14 6 50	0.0126582278
49 1 3	0.0098870056
48 6 4	0.0740740741
13 7 50	0.0289855072
57 3 67	0.1428571429
15 13 67	0.3703703704
14 59 3	0.0137931034
2 3 4	0.0888888889
14 3 77	0.2000000000
49 56 4	0.1428571429
13 4 52	0.0454545455
14 32 77	0.1666666667
14 78 77	0.1428571429
49 56 47	0.0674157303
67 1 4	0.1000000000
5 19 67	0.2222222222
3 6 3	0.0012610340
59 4 52	0.0666666667
14 59 50	0.0208333333
32 13 77	0.5909090909
52 47 48	0.1509433962
13 32 67	0.2941176471
49 1 50	0.0157894737
61 2 77	0.1428571429
7 57 50	0.0225563910
56 69 48	0.2857142857
48 69 48	0.2857142857
49 8 52	0.0535714286
60 52 67	0.4736842105
60 47 50	0.0581395349
46 61 67	0.3750000000
77 23 3	0.0016528926
67 4 67	0.2500000000
56 60 47	0.0810810811
78 13 69	0.2142857143
47 6 18	0.0075187970
59 53 47	0.1153846154
5 24 69	0.2222222222
49 19 47	0.0582524272
11 52 69	0.1538461538
52 61 77	0.5333333333
57 3 47	0.0416666667
64 29 52	0.0180995475
13 50 69	0.1428571429
6 1 3	0.0055865922
32 59 47	0.0487804878
13 54 50	0.0277777778
78 6 50	0.0396825397
13 60 47	0.0645161290
60 78 67	0.1666666667
13 14 50	0.0238095238
52 70 18	0.0066225166
47 32 4	0.1304347826
52 48 3	0.0054347826
49 32 4	0.0967741935
3 13 4	0.0495049505
3 60 3	0.0027100271
32 32 52	0.0555555556
60 49 47	0.0568181818
47 54 4	0.1538461538
14 47 67	0.0769230769
13 8 67	0.3333333333
11 59 52	0.0439560440
47 21 47	0.1384615385
52 2 67	0.3750000000
15 60 69	0.2500000000
2 75 52	0.1290322581
67 1 77	0.3571428571
59 14 3	0.0039525692
6 14 67	0.2857142857
3 57 77	0.2000000000
75 3 67	0.5454545455
14 6 3	0.0104712042
13 7 4	0.0714285714
59 48 77	0.2307692308
60 6 4	0.1282051282
57 59 4	0.0769230769
56 7 47	0.1071428571
60 78 47	0.1111111111
47 46 67	0.4000000000
52 46 77	0.1481481481
53 21 47	0.0370370370
10 3 69	0.1750000000
69 1 3	0.0051282051
53 19 47	0.0442477876
32 13 73	0.1923076923
52 31 47	0.0769230769
52 4 47	0.1041666667
60 59 67	0.2500000000
59 1 3	0.0063291139
3 48 73	0.2000000000
32 13 3	0.0068259386
10 20 69	0.1470588235
3 54 4	0.0277777778
78 57 52	0.0434782609
2 47 50	0.0240963855
59 75 18	0.0363636364
57 49 50	0.0250000000
11 2 52	0.0333333333
6 7 52	0.0304878049
13 78 77	0.3333333333
59 78 4	0.2121212121
57 52 47	0.1379310345
3 4 52	0.0412844037
49 4 4	0.1351351351
78 59 77	0.3333333333
67 1 50	0.0307692308
47 47 47	0.0113636364
49 15 69	0.1666666667
79 20 69	0.1250000000
53 3 50	0.0177514793
46 61 47	0.2222222222
49 56 50	0.0185185185
49 56 69	0.1111111111
49 59 69	0.1969696970
11 13 52	0.0526315789
13 60 52	0.0322580645
6 0 67	0.2380952381
47 78 47	0.0625000000
48 47 67	0.3846153846
47 53 4	0.0200000000
46 59 50	0.0263157895
46 59 47	0.0769230769
56 54 47	0.0714285714
3 50 69	0.0816326531
7 14 50	0.0517241379
53 22 52	0.0638297872
6 8 52	0.0540540541
49 50 48	0.1891891892
32 3 50	0.0129032258
3 46 77	0.1153846154
47 50 52	0.0167224080
78 60 52	0.0416666667
78 47 48	0.0454545455
52 57 69	0.2195121951
13 0 77	0.4444444444
61 56 3	0.0053475936
48 78 3	0.0384615385
52 7 69	0.3333333333
59 10 77	0.5909090909
13 7 47	0.0476190476
78 78 69	0.1176470588
47 59 4	0.1428571429
57 13 77	0.3333333333
59 4 67	0.5000000000
32 53 77	0.3571428571
6 6 18	0.0068493151
6 2 77	0.3157894737
11 6 50	0.0192307692
57 59 50	0.0227272727
78 59 50	0.0357142857
6 2 47	0.1166666667
7 7 50	0.0185185185
56 0 52	0.0036697248
52 1 50	0.0204081633
49 24 67	0.2000000000
53 24 69	0.1578947368
56 50 67	0.3000000000
53 15 47	0.0742857143
53 21 52	0.0400000000
69 31 47	0.0909090909
49 76 18	0.0129870130
2 6 77	0.3571428571
49 2 50	0.0810810811
5 15 47	0.0206185567
6 13 3	0.0011173184
53 19 4	0.1250000000
3 20 4	0.1818181818
11 14 77	0.3333333333
78 48 52	0.0625000000
13 70 52	0.0882352941
6 11 69	0.1562500000
2 13 77	0.2500000000
49 50 47	0.0681818182
67 23 67	0.3636363636
47 7 69	0.1250000000
79 56 47	0.0869565217
78 47 4	0.0540540541
14 52 4	0.1428571429
13 32 4	0.1176470588
47 53 52	0.0476190476
57 49 69	0.1333333333
6 1 69	0.2000000000
11 47 52	0.0270270270
64 30 52	0.0256410256
15 60 67	0.2857142857
56 2 77	0.3076923077
46 20 50	0.0769230769
48 56 67	0.2500000000
32 6 69	0.1842105263
47 60 52	0.0169491525
6 0 47	0.1044776119
57 13 67	0.3333333333
11 6 77	0.1818181818
79 56 50	0.0500000000
32 32 47	0.0923076923
60 75 18	0.0384615385
77 6 4	0.1071428571
11 11 77	0.3750000000
10 54 4	0.1000000000
77 50 69	0.0588235294
49 21 47	0.0625000000
3 59 3	0.0020380435
78 49 52	0.0210526316
13 20 50	0.0508474576
32 10 77	0.3750000000
32 49 18	0.0212765957
10 7 3	0.0066079295
7 48 67	0.2500000000
32 13 69	0.1935483871
59 50 52	0.0081967213
49 46 77	0.0526315789
13 8 69	0.0666666667
6 4 67	0.1666666667
5 19 69	0.3076923077
11 59 67	0.1111111111
75 18 4	0.0270270270
49 14 4	0.1764705882
46 49 77	0.2500000000
60 49 4	0.0600000000
47 48 4	0.1304347826
48 78 47	0.2307692308
52 13 3	0.0023148148
59 48 47	0.0588235294
49 24 52	0.0194805195
7 0 47	0.1578947368
61 48 77	0.1428571429
59 54 4	0.1363636364
47 53 47	0.0921052632
11 59 3	0.0180180180
13 47 48	0.0769230769
14 14 52	0.0740740741
11 2 69	0.1250000000
59 54 47	0.0952380952
14 32 47	0.1034482759
10 82 52	0.0869565217
47 31 47	0.1558441558
59 48 67	0.3076923077
47 11 50	0.0270270270
52 50 69	0.0625000000
3 20 67	0.3000000000
3 4 47	0.0978260870
56 52 50	0.0272373541
15 13 50	0.0333333333
47 57 52	0.0400000000
3 31 47	0.1111111111
78 57 77	0.1250000000
49 70 18	0.0149253731
49 88 69	0.1818181818
69 1 69	0.1600000000
6 2 50	0.0344827586
7 48 47	0.0625000000
59 53 69	0.1818181818
52 31 67	0.3333333333
4 49 47	0.0930232558
6 3 4	0.1333333333
3 46 4	0.2105263158
57 47 47	0.1052631579
59 46 4	0.3000000000
69 24 67	0.1666666667
59 42 4	0.1111111111
77 1 3	0.0012269939
52 50 67	0.2500000000
20 7 69	0.1333333333
47 14 52	0.0375939850
60 13 3	0.0095238095
6 60 52	0.0329670330
11 47 4	0.1538461538
11 59 69	0.1250000000
49 48 69	0.1111111111
56 54 50	0.0434782609
49 53 52	0.0447761194
13 14 4	0.2352941176
2 51 77	0.1666666667
32 46 77	0.2500000000
49 54 67	0.2307692308
49 15 3	0.0075471698
2 32 47	0.0769230769
2 52 3	0.0024390244
52 48 69	0.1052631579
8 35 47	0.1578947368
14 49 50	0.0175438596
48 13 69	0.2631578947
48 59 50	0.0526315789
48 47 52	0.0352941176
53 20 69	0.0571428571
47 52 50	0.0061162080
7 0 50	0.0731707317
53 15 69	0.1935483871
2 47 69	0.1176470588
59 6 18	0.0109890110
49 19 50	0.0247933884
11 47 67	0.1250000000
14 59 69	0.1111111111
11 14 67	0.2857142857
60 60 47	0.0666666667
48 47 50	0.0416666667
49 13 50	0.0122699387
2 60 52	0.0169491525
48 56 77	0.1111111111
60 2 47	0.1600000000
48 3 52	0.0166112957
60 3 73	0.3478260870
47 78 52	0.0468750000
47 60 47	0.0746268657
2 75 18	0.0083333333
48 78 77	0.1818181818
14 48 52	0.0312500000
60 48 77	0.1666666667
15 48 47	0.0434782609
75 24 67	0.2222222222
11 52 47	0.1379310345
53 19 69	0.1621621622
11 49 67	0.2222222222
47 48 52	0.0684931507
78 60 77	0.1818181818
32 14 77	0.3636363636
47 32 50	0.0333333333
52 54 50	0.0173913043
78 14 69	0.1250000000
6 3 50	0.0096153846
57 14 77	0.3333333333
49 24 50	0.0162601626
47 8 69	0.0909090909
48 3 73	0.3913043478
48 60 47	0.2000000000
6 70 52	0.0833333333
13 69 48	0.1666666667
60 3 52	0.0481927711
14 32 52	0.0487804878
56 13 50	0.0256410256
51 24 67	0.3636363636
11 32 3	0.0285714286
49 32 77	0.3636363636
49 75 18	0.0191082803
57 60 77	0.2857142857
61 3 3	0.0045317221
69 1 52	0.0239520958
46 59 77	0.3076923077
10 7 50	0.0062893082
59 54 67	0.3529411765
13 50 18	0.0241935484
56 53 67	0.2000000000
13 8 52	0.0468750000
47 14 4	0.2307692308
6 0 73	0.2222222222
14 48 77	0.1111111111
52 0 4	0.1351351351
15 0 52	0.0039138943
7 3 50	0.0210526316
2 10 77	0.2000000000
60 47 47	0.0851063830
6 60 4	0.1363636364
52 60 77	0.3846153846
77 6 69	0.1388888889
7 48 69	0.1111111111
77 50 67	0.1333333333
14 49 67	0.1538461538
59 4 4	0.1111111111
57 6 69	0.2352941176
14 14 67	0.2857142857
3 4 4	0.1153846154
61 22 52	0.0526315789
3 48 4	0.0384615385
2 2 77	0.1666666667
67 23 3	0.0064516129
6 32 50	0.0113636364
57 47 69	0.1250000000
14 57 47	0.1250000000
14 14 77	0.2000000000
52 59 3	0.0025125628
78 59 3	0.0034843206
60 11 47	0.0666666667
6 60 50	0.0458715596
49 0 3	0.0084985836
60 3 4	0.1111111111
14 11 47	0.1250000000
14 49 4	0.0571428571
60 52 50	0.0404040404
78 69 48	0.2222222222
78 60 3	0.0208333333
60 49 69	0.1851851852
75 4 4	0.0256410256
56 88 69	0.1428571429
15 60 77	0.0833333333
7 8 69	0.2000000000
57 57 47	0.0833333333
7 57 77	0.1250000000
48 14 69	0.2857142857
47 11 4	0.1785714286
67 1 69	0.1379310345
59 7 69	0.2777777778
60 52 3	0.0045871560
61 19 67	0.2105263158
6 50 52	0.0152284264
56 1 50	0.0289855072
13 13 4	0.1212121212
46 49 67	0.1666666667
53 21 4	0.0769230769
2 49 52	0.0438247012
49 60 4	0.0952380952
2 32 3	0.0434782609
14 52 50	0.0095238095
11 13 69	0.1666666667
14 59 47	0.0454545455
48 14 77	0.3636363636
48 32 52	0.0208333333
47 7 47	0.0540540541
60 57 77	0.3000000000
52 54 52	0.0428571429
13 66 73	0.1176470588
56 53 69	0.1666666667
56 53 50	0.0312500000
56 32 47	0.0882352941
78 52 3	0.0029411765
13 53 52	0.0270270270
13 11 4	0.2272727273
2 3 73	0.2500000000
10 54 69	0.2142857143
49 61 67	0.2857142857
57 2 52	0.0333333333
59 88 69	0.2222222222
13 14 69	0.1538461538
59 50 67	0.1428571429
52 48 50	0.0112359551
11 59 47	0.0600000000
67 23 52	0.0349650350
13 54 4	0.1538461538
7 61 77	0.6153846154
15 2 47	0.1071428571
10 51 77	0.2758620690
48 7 69	0.0909090909
48 56 47	0.0434782609
3 60 4	0.0508474576
75 4 52	0.0067114094
32 6 50	0.0152671756
49 22 67	0.1818181818
69 4 67	0.2500000000
52 46 67	0.3000000000
60 53 77	0.2222222222
78 3 50	0.0148148148
32 49 4	0.0416666667
81 54 47	0.1052631579
52 8 69	0.0909090909
3 60 52	0.0036231884
49 88 4	0.0909090909
3 11 77	0.2000000000
11 47 69	0.1250000000
57 57 77	0.3750000000
14 59 67	0.0909090909
52 3 50	0.0039840637
57 13 69	0.1666666667
52 1 3	0.0036809816
32 48 77	0.3333333333
60 57 47	0.0666666667
26 20 50	0.0588235294
46 46 67	0.1666666667
78 2 69	0.1250000000
14 32 67	0.1111111111
77 50 47	0.0425531915
6 78 69	0.0500000000
47 59 69	0.1212121212
67 23 4	0.0909090909
78 75 18	0.0441176471
13 1 4	0.1363636364
69 24 50	0.1000000000
14 59 4	0.1176470588
52 7 52	0.0351758794
32 2 77	0.1333333333
47 23 77	0.3000000000
77 4 52	0.0050761421
56 3 50	0.0096153846
78 60 67	0.1428571429
2 15 67	0.2857142857
47 3 3	0.0055248619
46 56 67	0.2500000000
59 11 77	0.2727272727
56 7 50	0.0370370370
57 32 3	0.0285714286
6 53 50	0.0413793103
67 4 47	0.0869565217
26 20 47	0.1250000000
60 78 77	0.4000000000
52 60 52	0.0248756219
10 54 67	0.1111111111
11 14 47	0.0588235294
57 59 77	0.2222222222
13 63 4	0.2500000000
10 46 77	0.1428571429
3 78 52	0.0135501355
13 2 73	0.1666666667
78 13 4	0.0555555556
60 64 52	0.0476190476
61 64 52	0.0425531915
32 14 67	0.1666666667
8 35 52	0.0540540541
47 47 50	0.0106951872
56 57 50	0.0281690141
2 7 47	0.1250000000
6 54 47	0.0735294118
47 46 77	0.1304347826
10 34 18	0.0178571429
75 52 4	0.0322580645
53 2 77	0.1666666667
59 60 47	0.0535714286
57 61 77	0.1428571429
57 2 77	0.3333333333
78 3 52	0.0354330709
47 59 3	0.0035714286
2 60 3	0.0212765957
47 46 4	0.2500000000
60 59 77	0.2500000000
6 4 69	0.0833333333
11 11 47	0.0833333333
57 32 67	0.1666666667
14 47 47	0.0400000000
60 3 69	0.0666666667
59 88 4	0.1111111111
46 59 67	0.3846153846
32 69 48	0.2000000000
77 1 4	0.0307692308
11 32 67	0.1666666667
60 10 77	0.2727272727
11 3 69	0.1000000000
47 0 73	0.2222222222
2 14 77	0.1666666667
6 2 69	0.1481481481
32 2 67	0.2000000000
47 50 48	0.1153846154
60 13 73	0.2000000000
47 52 3	0.0026845638
10 25 4	0.0714285714
15 60 47	0.0312500000
59 70 18	0.0108108108
2 59 69	0.0833333333
13 54 67	0.1000000000
47 60 50	0.0206185567
10 2 77	0.1250000000
49 55 52	0.0333333333
48 78 52	0.0227272727
14 13 4	0.0714285714
77 23 77	0.0588235294
13 70 18	0.0178571429
47 54 47	0.0645161290
14 52 3	0.0053763441
52 31 69	0.1000000000
52 0 50	0.0272727273
78 6 67	0.3846153846
14 64 52	0.0625000000
10 85 77	0.1428571429
47 49 18	0.0156250000
57 13 73	0.2500000000
59 50 69	0.1000000000
10 21 4	0.1111111111
13 88 69	0.1111111111
77 21 3	0.0012936611
10 15 3	0.0104529617
3 2 73	0.1428571429
6 32 77	0.4761904762
69 21 4	0.2000000000
56 78 67	0.2727272727
56 4 69	0.2500000000
11 52 4	0.1111111111
13 11 50	0.0217391304
13 1 3	0.0070671378
52 31 52	0.0394736842
10 21 52	0.0666666667
13 42 52	0.1333333333
6 64 52	0.0444444444
48 6 77	0.4000000000
60 2 69	0.1538461538
13 7 69	0.0769230769
10 54 47	0.0303030303
46 56 47	0.1000000000
60 49 50	0.0212765957
48 32 3	0.0273972603
11 10 77	0.2500000000
15 64 52	0.0740740741
60 32 52	0.0196078431
3 3 3	0.0005387931
13 60 69	0.1000000000
60 60 52	0.0666666667
78 13 73	0.1111111111
49 24 4	0.1034482759
67 4 52	0.0188679245
48 57 47	0.1818181818
48 60 52	0.0384615385
60 11 52	0.0333333333
75 24 4	0.0476190476
52 46 4	0.1250000000
2 32 52	0.0476190476
59 54 50	0.0352941176
32 48 52	0.0312500000
3 57 4	0.0102040816
14 2 52	0.0392156863
48 60 77	0.3000000000
56 47 48	0.0909090909
11 59 77	0.2222222222
26 55 52	0.0769230769
59 7 50	0.0172413793
78 59 4	0.0952380952
11 3 67	0.1428571429
57 47 52	0.0270270270
57 2 69	0.1250000000
59 48 4	0.1428571429
57 47 50	0.0333333333
11 13 73	0.2500000000
48 47 48	0.0666666667
6 60 3	0.0091743119
11 2 47	0.2142857143
46 46 50	0.0833333333
3 53 52	0.0095693780
32 14 47	0.0588235294
59 54 52	0.0288461538
2 13 69	0.0952380952
57 59 3	0.0180180180
60 47 52	0.0101010101
14 57 77	0.2857142857
53 19 50	0.0204081633
78 14 52	0.0212765957
78 13 52	0.0046082949
2 56 69	0.2000000000
10 15 69	0.0625000000
78 60 69	0.1250000000
57 13 47	0.0606060606
60 2 67	0.1428571429
48 32 69	0.2000000000
56 11 77	0.2000000000
67 23 77	0.1250000000
14 3 69	0.0434782609
57 14 47	0.0588235294
60 32 3	0.0140845070
46 49 50	0.0185185185
14 53 77	0.1250000000
13 13 3	0.0056577086
49 29 69	0.0666666667
60 46 77	0.1428571429
14 47 69	0.0625000000
3 20 47	0.0769230769
69 4 47	0.0645161290
60 57 52	0.0333333333
48 7 67	0.2222222222
57 52 4	0.1111111111
11 3 47	0.0416666667
53 75 52	0.0512820513
78 13 3	0.0038610039
78 49 18	0.0093457944
13 48 4	0.1250000000
78 49 4	0.0389610390
14 2 69	0.1250000000
59 50 47	0.0434782609
46 59 69	0.0588235294
61 21 73	0.1428571429
3 8 4	0.0294117647
11 3 52	0.0666666667
52 57 50	0.0129032258
49 59 3	0.0015432099
2 11 77	0.1666666667
49 53 4	0.0327868852
48 7 47	0.1111111111
2 61 77	0.2222222222
49 56 3	0.0041841004
13 4 47	0.0454545455
26 20 67	0.1428571429
6 14 69	0.0833333333
2 46 77	0.0909090909
47 4 4	0.0714285714
11 14 52	0.0344827586
15 11 77	0.1250000000
14 2 67	0.1428571429
10 48 77	0.1428571429
48 13 50	0.0227272727
13 53 50	0.0476190476
52 14 3	0.0041666667
11 6 4	0.1176470588
49 13 3	0.0013812155
49 54 69	0.1333333333
3 14 3	0.0028901734
11 59 4	0.0769230769
2 59 3	0.0033112583
78 14 67	0.2857142857
49 21 73	0.1428571429
11 2 67	0.1666666667
56 4 47	0.0714285714
46 20 47	0.1000000000
11 49 4	0.0434782609
60 59 3	0.0147783251
11 75 18	0.0384615385
11 6 67	0.3333333333
47 32 47	0.0579710145
52 32 52	0.0140845070
57 53 77	0.1428571429
48 13 3	0.0058479532
49 29 52	0.0169491525
15 57 77	0.1250000000
13 20 4	0.0666666667
13 57 69	0.0434782609
6 48 50	0.0073529412
13 88 4	0.1111111111
11 49 50	0.0250000000
13 4 67	0.2857142857
59 14 69	0.1000000000
2 2 52	0.0540540541
59 48 50	0.0117647059
6 14 3	0.0050505051
14 3 47	0.0294117647
49 42 52	0.0666666667
4 49 69	0.1538461538
26 20 69	0.1250000000
2 6 4	0.1176470588
59 53 67	0.1250000000
14 78 47	0.0625000000
14 47 50	0.0129870130
59 60 4	0.0714285714
2 13 4	0.1250000000
6 78 3	0.0031446541
2 78 52	0.0312500000
57 32 52	0.0357142857
52 32 4	0.0526315789
57 3 69	0.1000000000
3 20 50	0.0181818182
49 49 18	0.0111111111
47 75 18	0.0212765957
61 24 4	0.1428571429
49 61 52	0.0476190476
61 82 52	0.1052631579
52 88 69	0.1428571429
14 13 69	0.0952380952
48 14 52	0.0322580645
11 52 77	0.1000000000
32 48 47	0.0526315789
69 24 47	0.0909090909
47 31 3	0.0039840637
57 52 50	0.0270270270
49 21 4	0.1111111111
77 49 47	0.0476190476
56 50 69	0.0769230769
60 60 77	0.2000000000
57 52 77	0.1000000000
57 64 52	0.0714285714
78 57 47	0.0833333333
60 47 69	0.1875000000
11 32 52	0.0357142857
6 7 47	0.0172413793
61 21 4	0.1111111111
7 11 77	0.1250000000
14 48 47	0.0526315789
56 60 67	0.1428571429
3 78 3	0.0019083969
47 0 50	0.0129870130
11 52 50	0.0270270270
57 60 47	0.1250000000
57 75 18	0.0384615385
78 6 3	0.0034965035
15 48 67	0.1666666667
11 14 69	0.1666666667
52 4 4	0.0625000000
52 23 4	0.0625000000
49 2 67	0.1666666667
49 6 18	0.0068493151
49 54 50	0.0204081633
57 2 67	0.1666666667
52 42 4	0.1111111111
75 24 52	0.0055248619
57 10 77	0.2500000000
78 11 47	0.0833333333
48 60 69	0.1250000000
6 57 77	0.1000000000
13 78 69	0.0333333333
48 60 67	0.1666666667
