0	0.0000000000
1	0.0000000000
2	0.0000000000
3	0.1190476190
4	0.0000000000
5	0.0000000000
6	0.0000000000
7	0.1612903226
8	0.0000000000
9	0.0000000000
10	0.0000000000
11	0.0000000000
12	0.0000000000
13	0.0000000000
14	0.0000000000
16	0.0000000000
17	0.0000000000
18	0.0000000000
19	0.0000000000
20	0.0000000000
21	0.0000000000
22	0.0000000000
23	0.0000000000
24	0.0000000000
25	0.0000000000
26	0.0000000000
27	0.0000000000
28	0.0000000000
29	0.0000000000
30	0.0000000000
31	0.0000000000
32	0.0000000000
33	0.0000000000
34	0.0000000000
35	0.0000000000
36	0.0000000000
37	0.0000000000
38	0.0000000000
39	0.0000000000
40	0.0000000000
41	0.0000000000
42	0.0000000000
43	0.0000000000
44	0.0000000000
45	0.0000000000
46	0.0000000000
47	0.0000000000
48	0.0000000000
49	0.0000000000
50	0.0000000000
51	0.0000000000
52	0.0000000000
53	0.0000000000
54	0.0000000000
55	0.0000000000
56	0.1951219512
57	0.0000000000
58	0.0000000000
59	0.0000000000
60	0.0000000000
61	0.0000000000
62	0.0000000000
63	0.0000000000
64	0.0000000000
65	0.0000000000
66	0.0000000000
67	0.0000000000
68	0.0000000000
69	0.0000000000
70	0.0000000000
71	0.0000000000
72	0.0000000000
73	0.0000000000
74	0.0000000000
75	0.0000000000
76	0.0000000000
77	0.0000000000
78	0.0000000000
79	0.0000000000
80	0.0000000000
81	0.0000000000
82	0.0000000000
83	0.0000000000
84	0.0000000000
85	0.0000000000
86	0.0000000000
87	0.0000000000
88	0.0000000000
89	0.0000000000
90	0.0000000000
91	0.0000000000
92	0.0000000000
52 46	0.3684210526
15 43	0.3636363636
54 10	0.0909090909
60 11 46	0.3181818182
66 17	0.1666666667
53 46	0.1428571429
6 46	0.3589743590
66 56	0.2941176471
53 15	0.3529411765
52 49 56	0.3636363636
15 63	0.3055555556
52 49 46	0.3459119497
15 84	0.3333333333
6 13 46	0.4488188976
60 6 46	0.4347826087
66 56 46	0.4210526316
6 49 46	0.3726708075
60 46	0.3333333333
66 43	0.1666666667
60 6 49	0.0053475936
47 4 46	0.2916666667
52 47 46	0.3661971831
6 66 85	0.3529411765
47 46	0.2500000000
54 49 46	0.3294117647
15 38	0.3846153846
54 46	0.2857142857
52 52 46	0.4331210191
54 66 15	0.3728813559
6 3 46	0.4802259887
52 3 63	0.4132231405
47 47 46	0.3750000000
66 5 15	0.3617021277
54 10 85	0.2222222222
54 3 63	0.4025974026
52 1 46	0.4523809524
52 66 56	0.1967213115
66 4 63	0.3076923077
15 89	0.2352941176
52 52 15	0.8000000000
66 46 46	0.3500000000
6 46 46	0.5526315789
52 53 15	0.3647058824
6 13 63	0.4184397163
52 13 46	0.4770642202
6 49	0.0099009901
53 56	0.0833333333
7 46	0.2212389381
60 46 46	0.4117647059
52 49	0.0113636364
6 4 46	0.3714285714
66 51 56	0.4821428571
60 3 63	0.3636363636
66 15	0.1666666667
52 66 15	0.3513513514
54 66 63	0.2307692308
7 66 15	0.3943661972
54 3 46	0.5000000000
54 66 56	0.2073170732
54 60 46	0.4090909091
66 85	0.2222222222
6 46 63	0.5416666667
46 48	0.1666666667
15 63 85	0.2000000000
15 0 63	0.2372881356
66 7 46	0.5084745763
52 48 46	0.4545454545
15 17	0.0572916667
47 21 49	0.0116279070
46 17 46	0.2500000000
53 56 46	0.2857142857
54 13 49	0.0129032258
54 6 46	0.3823529412
52 46 46	0.4444444444
6 66 56	0.2647058824
54 57 46	0.3888888889
7 1 46	0.2117437722
6 49 56	0.3367346939
6 3 63	0.4055555556
53 1 46	0.4000000000
66 48 56	0.2222222222
15 89 38	0.2000000000
6 6 15	0.8000000000
52 1 49	0.0145985401
46 46	0.0909090909
60 49 46	0.2941176471
47 3 63	0.3750000000
54 53 56	0.1969696970
53 51 56	0.3513513514
66 15 46	0.4800000000
6 53 15	0.3577981651
6 1 46	0.4848484848
52 49 15	0.3714285714
47 14 15	0.5000000000
52 3 46	0.4777777778
53 60 46	0.3529411765
6 11 46	0.3454545455
6 59 46	0.4415584416
54 11 46	0.3478260870
66 79 85	0.2222222222
60 66 56	0.2105263158
66 56 17	0.0740740741
15 10 15	0.4191343964
47 11 46	0.3181818182
53 49 15	0.3043478261
54 1 46	0.4693877551
6 6 46	0.4166666667
54 6 15	0.6666666667
53 54 46	0.2631578947
6 47 46	0.4021739130
6 66 63	0.2400000000
60 46 43	0.2857142857
52 32 46	0.4400000000
52 59 46	0.4736842105
15 17 17	0.0416666667
6 46 43	0.6666666667
52 61 56	0.1774193548
52 10 43	0.2857142857
66 3 46	0.4632352941
7 66 56	0.2248275862
60 67 15	0.1250000000
52 27 46	0.1111111111
66 79	0.1428571429
53 49 56	0.2083333333
6 13 49	0.0064102564
67 31 56	0.2962962963
47 60 46	0.3000000000
66 79 43	0.1666666667
53 15 46	0.4210526316
53 8 15	0.5000000000
50 54 46	0.2941176471
52 27 63	0.3846153846
47 3 46	0.2222222222
60 66 79	0.2222222222
47 8 15	0.5000000000
6 66 15	0.3837209302
60 1 46	0.4285714286
6 8 15	0.7500000000
52 11 46	0.3611111111
60 17 46	0.2857142857
52 4 46	0.2142857143
6 10 17	0.2307692308
53 10	0.1428571429
66 46 43	0.1666666667
6 53 56	0.1979166667
54 13 63	0.3666666667
7 66 17	0.3333333333
53 3 46	0.3958333333
6 78 46	0.4210526316
53 56 84	0.2857142857
7 17 46	0.2241379310
6 46 17	0.0662983425
6 6 49	0.0078740157
24 11 52	0.0819672131
19 66 3	0.1124031008
3 46	0.1558441558
19 1 49	0.0393518519
3 3	0.0526315789
3 52	0.0616438356
7 78	0.1016949153
7 6 48	0.1215970962
15 13 6	0.1261425960
5 3	0.1219512195
7 13	0.0664819945
19 50 13	0.0338983051
20 47 6	0.0916030534
51 3 14	0.2081218274
19 1	0.2368421053
24 46	0.1578947368
15 47 46	0.1734417344
5 15	0.2970297030
19 32 1	0.1250000000
7 11 13	0.0844793713
3 78 3	0.0675241158
7 59 52	0.0840266223
7 3	0.0572597137
19 66 15	0.3917525773
20 11 13	0.0585106383
15 59 32	0.2551020408
3 66 15	0.3818181818
64 29 13	0.0378378378
15 49 56	0.2669322709
3 52 14	0.1333333333
20 52	0.1413612565
24 3 10	0.0416666667
3 3 46	0.1631205674
19 3	0.0821917808
64 29 59	0.1176470588
7 32	0.1690140845
64 4 6	0.1077738516
20 3	0.0917431193
7 14	0.1754385965
3 59 1	0.1970443350
7 6 6	0.0978181818
7 1	0.1250000000
15 2	0.0724637681
3 13	0.0772058824
19 52	0.0666666667
20 3 59	0.2005174644
3 52 49	0.0604113111
20 1	0.1848739496
7 6	0.0917030568
7 49 15	0.4324324324
15 49	0.0569395018
19 53 56	0.2340425532
19 46	0.1750000000
15 0	0.0460251046
19 13	0.0483870968
19 53 3	0.0773809524
3 32 59	0.1612903226
7 49	0.0578778135
19 1 59	0.1307692308
20 6 3	0.0591653460
7 59	0.1409395973
3 3 59	0.1722912966
20 1 78	0.1621621622
20 10	0.0750000000
15 47 13	0.0783783784
15 59	0.0930232558
3 2	0.0540540541
7 65 15	0.4454545455
19 78 1	0.1724137931
64 29	0.0375000000
56 0	0.0598290598
3 53 15	0.3957597173
46 49	0.0769230769
3 50 18	0.0524861878
51 3	0.1422924901
7 52	0.0870646766
56 59 46	0.1875000000
51 15	0.3157894737
56 52	0.0865384615
56 49	0.0938511327
56 11 52	0.1237113402
15 52	0.0773480663
20 59	0.1428571429
7 49 52	0.0681003584
7 32 6	0.0884615385
7 3 1	0.1694915254
51 56	0.3007518797
7 6 49	0.0648225761
7 47 46	0.2391629297
20 3 52	0.0927152318
15 53 56	0.3227272727
56 3 46	0.1721991701
56 3 59	0.2114014252
7 6 32	0.2240000000
15 3	0.0586080586
56 46	0.0857142857
3 48	0.0625000000
51 3 1	0.1633109620
56 6 6	0.1220183486
15 32	0.2941176471
56 6 14	0.2037037037
51 82 18	0.0568475452
20 42 3	0.2000000000
15 47 59	0.1376811594
51 20 52	0.1100371747
15 59 59	0.2186495177
7 52 13	0.0651483051
56 52 1	0.2396907216
7 6 59	0.1615541922
3 6	0.0769230769
56 59	0.1744186047
15 60 6	0.1552795031
15 6	0.0909090909
56 38	0.1428571429
5 7 6	0.0965770171
3 1	0.1744186047
20 6	0.0933333333
56 32	0.1714285714
51 20 15	0.3400000000
7 13 63	0.2067714631
56 2	0.0754716981
56 13	0.0673575130
7 49 56	0.2704081633
56 47 52	0.1127982646
15 52 46	0.1975806452
7 2 1	0.2330097087
15 60	0.1785714286
51 56 3	0.0692717584
51 51 15	0.3225806452
51 15 14	0.3666666667
5 7 13	0.0850077280
20 13	0.0592592593
15 3 32	0.2205882353
56 3 60	0.1298701299
4 49	0.1666666667
2 3 3	0.0783289817
56 3 48	0.1144067797
24 47 46	0.1904761905
20 46	0.1954887218
3 13 13	0.0691699605
15 49 13	0.0763888889
7 3 52	0.0709897611
7 46 17	0.0356846473
3 13 6	0.0948571429
7 13 49	0.0951105157
3 1 6	0.1007874016
15 6 46	0.1873638344
3 10 3	0.1141552511
20 65 15	0.4269662921
5 15 14	0.4000000000
15 13	0.0394088670
15 52 1	0.2401129944
24 13	0.0303030303
3 6 46	0.1778791334
15 32 49	0.0591715976
24 6	0.0476190476
3 57 49	0.0485268631
7 1 49	0.0533253445
19 49 15	0.4174757282
24 3 59	0.1584158416
7 57 2	0.0099009901
19 32 46	0.2333333333
19 47 3	0.0867346939
19 49	0.0283018868
15 78	0.2222222222
5 7 46	0.1638141809
3 13 2	0.0567823344
5 7	0.1401869159
20 53 15	0.3959595960
3 65 15	0.4432989691
19 59	0.0416666667
7 70 7	0.1084337349
20 3 3	0.0503597122
24 52	0.0416666667
15 46	0.1692307692
19 11 6	0.0769230769
5 15 78	0.3333333333
15 52 49	0.0712209302
56 49 6	0.0931174089
51 3 6	0.0847628658
15 13 46	0.2126168224
7 13 52	0.0799069046
20 15	0.1500000000
15 6 6	0.1140819964
56 84	0.1538461538
7 67 15	0.1714285714
3 66 56	0.1750000000
7 61 56	0.2560553633
4 59	0.2333333333
56 6 49	0.0644688645
15 14	0.3125000000
7 52 49	0.0667779633
15 0 52	0.0661538462
56 14	0.2592592593
5 3 59	0.1787234043
56 6 3	0.0737636211
5 5 7	0.1838235294
7 59 46	0.2679611650
56 78	0.1212121212
5 15 59	0.1710526316
5 3 13	0.0942307692
20 3 13	0.0805604203
20 67 31	0.1266968326
56 63	0.1111111111
15 3 3	0.0542495479
15 52 52	0.1135758651
5 15 32	0.4531250000
7 52 52	0.0910956094
3 6 59	0.1460843373
20 49 7	0.1111111111
55 3 46	0.2608695652
22 7 10	0.1428571429
22 3	0.0869565217
75 18 17	0.1250000000
19 53 46	0.1621621622
3 14	0.1842105263
20 4 10	0.0606060606
55 46	0.0769230769
20 49 13	0.0620272315
20 7 46	0.1948717949
3 32	0.1111111111
75 18 31	0.1538461538
75 18 13	0.0338345865
20 52 46	0.1734475375
3 61 3	0.1103896104
20 57 6	0.1058201058
24 66 56	0.2000000000
51 20 1	0.1585365854
75 18 78	0.2368421053
55 22 10	0.1111111111
7 32 52	0.0898876404
7 14 52	0.1073446328
24 65 7	0.1111111111
7 17 49	0.1298701299
3 6 48	0.1200000000
7 61 7	0.1055155875
55 3	0.0666666667
22 53 15	0.3611111111
2 51 56	0.3404255319
22 3 6	0.0196078431
24 32 1	0.0714285714
19 66 7	0.0849056604
24 7 46	0.1724137931
75 18 59	0.0880000000
19 68 7	0.1052631579
24 57 1	0.1600000000
5 56	0.1111111111
3 59	0.1475409836
19 57 10	0.1111111111
3 53 3	0.0973312402
3 32 3	0.0571428571
7 49 49	0.0655605018
7 59 49	0.0614669421
56 61 7	0.1428571429
56 48	0.0810810811
15 78 2	0.3396226415
7 3 13	0.0561959654
15 59 49	0.0684931507
56 52 52	0.1086614173
51 51 3	0.1266568483
3 59 6	0.0902934537
20 6 6	0.0976047904
20 1 48	0.1315789474
46 59	0.2083333333
15 48	0.1785714286
7 14 46	0.2295081967
46 5 49	0.1780821918
20 1 52	0.1087470449
56 3 52	0.1006493506
56 0 59	0.2067796610
56 17	0.0384615385
7 59 59	0.1744421907
3 52 59	0.1694915254
5 56 52	0.0816831683
7 3 14	0.1578947368
56 89	0.1428571429
20 0 3	0.0933852140
15 2 49	0.1141732283
56 13 13	0.0875331565
7 54 46	0.2119565217
15 3 1	0.2255319149
20 47 13	0.0666666667
3 6 6	0.0953878407
3 59 46	0.2101265823
3 65 46	0.2195121951
7 3 59	0.1750599520
5 7 52	0.0931232092
7 70 3	0.1140939597
7 49 46	0.1932234432
15 49 46	0.1672727273
56 49 15	0.3932584270
56 6	0.1173184358
56 13 6	0.1168000000
7 3 2	0.0339256866
56 6 13	0.0794016110
56 53 56	0.2302158273
20 53 1	0.2500000000
7 10 15	0.4041450777
7 52 32	0.1802575107
15 48 52	0.0842696629
7 6 46	0.2341536167
3 57 13	0.0749414520
7 49 14	0.1185185185
15 13 3	0.0572519084
20 47 59	0.1818181818
3 67 7	0.3478260870
20 6 1	0.1793611794
56 2 49	0.1216617211
56 13 49	0.1122994652
7 1 59	0.1651162791
51 3 78	0.1388012618
56 2 52	0.1034482759
3 53 1	0.1898734177
46 63	0.1724137931
3 13 49	0.0873493976
51 3 13	0.0707021792
2 3	0.0408163265
56 88 13	0.1081081081
7 59 3	0.0551359517
3 53 13	0.1034482759
51 3 2	0.0842824601
7 52 3	0.0706545297
56 59 3	0.0812581913
3 78 49	0.0542452830
56 3	0.0803212851
3 66 7	0.1324921136
3 50 6	0.0864864865
7 6 78	0.1498470948
15 59 78	0.1750000000
46 20 52	0.0806451613
20 53 3	0.0993548387
56 1 48	0.1875000000
15 49 49	0.0621118012
20 6 59	0.1655405405
5 20 13	0.0666666667
20 54 3	0.1000000000
3 8 49	0.0528052805
20 4 3	0.0761904762
51 3 59	0.1714285714
51 19 6	0.0806451613
51 15 59	0.1436170213
15 32 13	0.0867768595
2 15	0.2000000000
15 13 13	0.1038167939
3 47 6	0.0754098361
75 18 10	0.0588235294
20 6 48	0.1221590909
3 10	0.0243902439
15 0 59	0.1472491909
51 7 59	0.1525974026
20 57 49	0.0478170478
75 3 6	0.0535714286
7 8 15	0.2857142857
51 7	0.0975609756
7 46 63	0.2619047619
56 52 59	0.1957040573
20 49	0.0513833992
3 78	0.1081081081
3 13 78	0.1538461538
15 0 49	0.0437659033
7 46 43	0.4107142857
56 6 59	0.1972602740
7 13 46	0.2441054092
20 1 46	0.1978260870
56 52 31	0.1969696970
20 13 63	0.2198142415
3 57 3	0.0774487472
15 3 6	0.0985915493
56 11	0.0344827586
56 0 6	0.0980683507
51 46 46	0.2000000000
20 6 46	0.1803069054
77 21 59	0.1538461538
7 50 6	0.1058823529
20 7 52	0.0996168582
7 59 6	0.0930851064
7 60 13	0.1111111111
51 20 46	0.2119503946
4 63	0.0800000000
4 59 60	0.2500000000
75 3	0.0937500000
51 48 56	0.3225806452
56 49 56	0.2190476190
15 60 32	0.3571428571
51 56 0	0.0554722639
52 1 15	0.5000000000
66 21 63	0.3076923077
66 51 15	0.2857142857
54 32 46	0.3448275862
46 46 84	0.2222222222
47 53 15	0.3000000000
6 14 46	0.3846153846
54 53 46	0.2558139535
52 65 15	0.3333333333
53 13 46	0.3500000000
53 15 63	0.3571428571
54 53 15	0.2941176471
52 7 46	0.3333333333
6 10	0.0454545455
6 7 10	0.0909090909
6 54 46	0.3333333333
47 49 46	0.2941176471
52 46 43	0.3750000000
6 32 46	0.4102564103
47 10 15	0.0769230769
52 2 46	0.3333333333
51 20 49	0.0536869340
51 51 56	0.3807531381
21 54 52	0.0312500000
7 2	0.0500000000
20 14 52	0.1166666667
21 63 46	0.2142857143
7 47 3	0.0884120172
21 59	0.1500000000
21 49 52	0.0336538462
15 10 3	0.1159169550
56 49 46	0.1330868762
20 59 46	0.2192982456
15 78 52	0.0815047022
20 1 59	0.1840000000
46 49 46	0.1734693878
21 14 52	0.0909090909
20 1 13	0.0682556880
3 6 49	0.0559265442
7 13 6	0.1081560284
21 13	0.1250000000
7 77 1	0.1340206186
21 59 6	0.0406504065
15 6 32	0.2222222222
3 67 31	0.1131221719
46 59 52	0.0903426791
56 49 17	0.0406976744
21 10 15	0.0869565217
56 47 46	0.1944444444
21 49	0.0444444444
21 2 3	0.0526315789
64 3 6	0.0751879699
2 20 13	0.0307692308
15 13 63	0.1803652968
20 17 46	0.1969696970
51 79 85	0.1200000000
82 18 32	0.2173913043
56 49 52	0.0784913354
5 21 1	0.1351351351
3 11 3	0.0995370370
56 59 59	0.1951219512
77 23	0.0800000000
46 59 6	0.0850439883
3 52 52	0.0977011494
56 48 49	0.0595238095
7 0 49	0.0649350649
7 54 52	0.1065292096
7 49 7	0.1027811366
3 4 6	0.0716845878
56 1 13	0.1038647343
56 54 46	0.0925925926
20 47 46	0.2361111111
56 8 52	0.1339285714
56 1	0.2307692308
3 61 7	0.0981308411
4 59 49	0.0823529412
48 15 49	0.0882352941
46 59 59	0.1188811189
51 7 3	0.0493230174
56 70 18	0.0616438356
51 3 46	0.2188841202
56 56 1	0.1538461538
7 14 6	0.0835030550
7 1 52	0.0883248731
56 66 56	0.1923076923
2 3 14	0.1666666667
64 4 13	0.0653409091
7 50 49	0.0792079208
64 3	0.0263157895
7 57 13	0.0794979079
7 47 6	0.0787572254
64 4 49	0.0447761194
51 7 6	0.0704375667
15 49 52	0.1094986807
15 14 2	0.2222222222
56 3 3	0.0628626692
7 69 21	0.1840000000
3 47 59	0.1402439024
56 47 49	0.0684684685
5 7 1	0.1891891892
56 57 52	0.1329479769
56 59 52	0.1159196291
56 70 1	0.1818181818
7 13 48	0.1107692308
5 56 3	0.0849256900
7 49 59	0.1598302687
56 59 2	0.0923076923
56 50 21	0.2068965517
56 8 13	0.1200000000
20 0 13	0.1030927835
56 59 49	0.0623255814
56 67 15	0.1176470588
7 52 46	0.2352362205
7 7 52	0.0824742268
51 20 3	0.0916496945
56 69 1	0.0559440559
7 52 1	0.2161422709
15 6 1	0.1916376307
56 69 21	0.1683168317
3 11 6	0.0810810811
56 47 23	0.1348314607
56 1 6	0.1117318436
56 11 49	0.0619469027
56 47 31	0.1690140845
20 52 49	0.0739795918
20 53 56	0.2219387755
20 60 13	0.0836820084
3 59 49	0.0576923077
6 10 85	0.3529411765
53 15 84	0.2857142857
15 43 63	0.2608695652
66 56 84	0.6666666667
6 66 79	0.2142857143
47 14 46	0.2352941176
52 13 63	0.4268292683
54 52 10	0.0416666667
52 52 10	0.0634920635
7 14 15	0.3555555556
53 52 46	0.2777777778
53 52 15	0.5000000000
60 66 15	0.3333333333
15 13 32	0.3396226415
15 13 52	0.0931586608
15 0 13	0.0568888889
7 57 59	0.1162790698
2 3 52	0.0751295337
3 60 59	0.1304347826
56 46 1	0.1829268293
51 51 7	0.0994152047
7 3 32	0.1990291262
51 56 49	0.0583832335
3 53 56	0.2251184834
56 52 13	0.0874371859
56 52 49	0.0748466258
7 46 2	0.0166666667
7 3 48	0.0653753027
7 78 59	0.1950000000
3 66 79	0.1000000000
7 3 6	0.0736235595
7 13 13	0.0646651270
64 36 3	0.1256830601
7 15	0.4000000000
51 20 6	0.0835152838
77 21	0.1081081081
3 4 46	0.1607142857
15 3 63	0.1973684211
7 3 63	0.2245072836
7 8 6	0.1038647343
7 70 15	0.4255319149
51 75 3	0.1065573770
15 77 6	0.0916030534
20 49 56	0.2406015038
15 17 46	0.3181818182
15 6 13	0.0874384236
51 7 49	0.0567428150
51 7 1	0.1310344828
51 15 6	0.0851063830
7 32 32	0.3827160494
7 52 31	0.2566371681
7 47 52	0.0965447154
7 78 6	0.0625000000
3 46 89	0.1219512195
3 3 63	0.1972789116
20 52 3	0.0740088106
56 32 1	0.1964285714
56 46 46	0.2526315789
82 18 14	0.1818181818
48 56	0.0833333333
20 68 3	0.1875000000
20 59 49	0.0644531250
56 78 46	0.1504424779
26 20 49	0.0322580645
20 49 49	0.0666666667
3 47 3	0.1062271062
15 52 3	0.0698974837
20 3 6	0.0960451977
48 20 6	0.0869565217
56 3 6	0.1122345804
20 2 49	0.0869565217
20 49 1	0.1900000000
7 2 46	0.2146341463
3 8 3	0.0390243902
56 0 2	0.0508474576
82 30 46	0.0909090909
56 1 3	0.0922746781
3 52 13	0.0707581227
7 7 49	0.0384615385
7 11 49	0.0596393897
4 67 15	0.3000000000
7 49 32	0.2100456621
20 0 52	0.1420454545
5 15 13	0.0773638968
7 66 3	0.1392523364
20 1 6	0.1044303797
15 6 3	0.0810546875
7 6 18	0.0625000000
5 20 49	0.0553571429
3 8 46	0.1726190476
51 3 10	0.0215264188
56 61 56	0.2307692308
56 77 1	0.2156862745
3 3 1	0.1781376518
3 47 49	0.0511508951
20 50 18	0.0578512397
20 57 3	0.0779569892
3 1 46	0.1973244147
20 0 59	0.2700729927
7 57 52	0.0874035990
56 66 7	0.1666666667
3 2 52	0.0612582781
82 3	0.0714285714
75 18	0.0467289720
77 4 13	0.0666666667
56 0 32	0.1829268293
56 11 13	0.0803571429
3 3 32	0.1455696203
3 57 1	0.2012195122
20 32 3	0.0827586207
5 46 63	0.2272727273
20 14 1	0.1714285714
5 3 6	0.0904977376
5 56 0	0.0923076923
3 52 3	0.0693950178
3 2 49	0.0903328051
75 24 6	0.0616438356
7 1 48	0.1313131313
7 64 29	0.0240963855
3 13 52	0.0792996910
3 3 78	0.1913043478
75 46	0.0909090909
75 18 6	0.0430463576
20 6 13	0.0701168614
51 48 15	0.3737373737
7 70 18	0.0395256917
15 53 15	0.4840579710
7 10 43	0.1600000000
15 78 59	0.2222222222
7 32 49	0.0502336449
20 49 32	0.3265306122
20 6 49	0.0732044199
15 10 7	0.1392156863
15 49 59	0.1764705882
7 3 46	0.2418379686
75 36 17	0.2727272727
51 20 59	0.1719298246
15 63 43	0.2000000000
77 1 49	0.0584615385
3 52 15	0.3300000000
51 22 52	0.2121212121
15 6 15	0.3230769231
3 13 46	0.1700182815
56 6 46	0.1653846154
3 7 13	0.0409836066
51 15 17	0.0408163265
3 48 78	0.0727272727
4 5 49	0.2137931034
56 65 7	0.1574074074
56 49 32	0.2377049180
7 60 49	0.0678733032
7 50 21	0.1351351351
56 61 3	0.0962199313
7 3 3	0.0486194478
7 1 1	0.1689655172
7 49 13	0.0602556299
7 60 6	0.1113744076
51 56 59	0.1379310345
51 3 52	0.0853658537
20 49 6	0.0909090909
3 54 49	0.0409836066
15 59 6	0.1248000000
20 3 63	0.2062937063
56 33 17	0.1111111111
24 52 13	0.0681818182
7 13 78	0.1626794258
24 7 6	0.0434782609
20 49 60	0.2083333333
19 6	0.0800000000
24 49 46	0.1486486486
22 52	0.1052631579
7 57 3	0.0741482966
19 67 23	0.1500000000
19 3 46	0.1960784314
19 48 52	0.0769230769
15 60 46	0.2500000000
55 36 17	0.1666666667
7 1 32	0.1685393258
24 49 56	0.3181818182
3 14 49	0.0654205607
75 52 46	0.2022471910
5 20 52	0.1188630491
3 11 46	0.1623931624
3 7 6	0.0612813370
7 46 89	0.1724137931
3 52 46	0.1881313131
75 9 15	0.2857142857
22 47 46	0.1935483871
55 3 78	0.1176470588
19 7 52	0.0941176471
15 0 1	0.1264822134
7 46 38	0.3396226415
19 3 63	0.1666666667
22 46	0.1538461538
20 53 46	0.1350574713
51 3 3	0.0505272408
56 0 52	0.0922330097
2 20 3	0.0558375635
15 3 48	0.0938511327
7 66 7	0.1458333333
5 15 43	0.1538461538
5 21 46	0.1643835616
7 32 59	0.1866666667
3 60	0.0416666667
15 49 18	0.0874316940
7 2 3	0.0635838150
7 48	0.0952380952
75 3 3	0.0334572491
3 48 46	0.1836734694
15 0 78	0.1000000000
3 52 48	0.1744186047
51 7 46	0.2474226804
4 46	0.1000000000
20 67 15	0.3076923077
21 52 52	0.0645161290
46 49 59	0.1024096386
3 8 52	0.1255605381
20 15 0	0.0916030534
51 20 13	0.0628328009
56 6 1	0.1666666667
21 47 46	0.1904761905
64 24 6	0.1000000000
64 3 13	0.0695364238
46 46 3	0.1333333333
21 1	0.0769230769
20 14 15	0.3000000000
7 6 3	0.0610881324
21 3	0.0400000000
21 53 56	0.1860465116
46 59 46	0.1129943503
21 1 14	0.1111111111
51 15 2	0.1260504202
20 54 49	0.0496031746
46 59 2	0.0909090909
3 3 3	0.0529857023
56 78 2	0.1636363636
56 3 14	0.2596153846
21 49 13	0.0395480226
3 50 1	0.1478260870
15 13 49	0.1077441077
56 52 46	0.1794871795
51 15 3	0.0610820244
46 49 49	0.0555555556
3 78 46	0.1594202899
24 78 3	0.1346153846
3 47 21	0.2013422819
3 1 52	0.0983606557
5 2 15	0.4000000000
7 13 14	0.1751824818
7 10 3	0.1211072664
20 10 43	0.2142857143
5 3 52	0.0939226519
19 78 13	0.0465116279
19 54 1	0.2222222222
3 1 1	0.1654135338
15 6 59	0.2077922078
3 3 52	0.0736253495
3 70 3	0.1018518519
3 6 13	0.0647336480
19 52 59	0.1440677966
19 6 46	0.2232558140
24 4 1	0.1923076923
19 4 52	0.1111111111
19 52 52	0.0615835777
15 3 46	0.1755102041
7 48 13	0.1037037037
3 8 15	0.3230769231
19 47 6	0.0747663551
24 57 52	0.0681818182
5 15 46	0.1176470588
24 59	0.0769230769
19 59 32	0.2142857143
3 3 10	0.0143369176
3 59 48	0.1418439716
24 13 60	0.0833333333
15 59 14	0.3009708738
24 7 1	0.0606060606
24 11 46	0.2000000000
15 48 78	0.2285714286
20 52 15	0.3666666667
24 11 1	0.1666666667
19 52 46	0.1744966443
19 59 49	0.0364372470
15 49 15	0.4294478528
5 5 56	0.2307692308
20 7 15	0.3600000000
20 8 15	0.3384615385
19 49 59	0.1582733813
19 70 18	0.0465116279
7 49 17	0.0553359684
3 47 13	0.0668058455
19 11 3	0.0676691729
3 32 32	0.3404255319
3 65 7	0.1360946746
20 47 52	0.1159420290
7 47 31	0.1470588235
51 15 52	0.0694087404
7 6 15	0.3647058824
51 15 46	0.2608695652
7 8 59	0.1093750000
51 56 13	0.0668316832
20 1 1	0.2133891213
7 11 1	0.1848341232
7 49 78	0.1461538462
15 84 0	0.1052631579
15 49 17	0.0434782609
51 7 13	0.0719794344
75 18 15	0.3168316832
20 1 32	0.2207792208
56 1 2	0.1234567901
20 10 3	0.1078431373
7 10 85	0.1159420290
56 1 78	0.1884057971
3 3 14	0.2018348624
56 49 60	0.1714285714
56 60 46	0.1764705882
56 53 15	0.4083769634
15 17 49	0.1186440678
7 3 78	0.1787709497
15 52 48	0.1803278689
56 1 52	0.1274787535
48 3	0.1111111111
15 6 48	0.1901408451
56 66 3	0.1841359773
5 20 59	0.1182795699
20 7 3	0.0957446809
20 60 6	0.1308900524
7 17 59	0.1168831169
3 48 49	0.0518867925
5 4 49	0.2666666667
20 53 52	0.1310160428
7 1 2	0.0528634361
20 1 49	0.0622406639
56 32 49	0.0522388060
56 13 52	0.1123439667
7 57 6	0.0996240602
56 8 15	0.2400000000
15 60 3	0.0322580645
15 49 32	0.0480769231
20 52 59	0.1818181818
7 2 78	0.1395348837
56 59 6	0.1213017751
20 0 1	0.2456140351
56 47 3	0.1207207207
15 49 1	0.1974921630
56 49 13	0.0616522811
64 3 59	0.1503759398
7 13 32	0.3000000000
15 6 2	0.0837988827
3 6 14	0.1452513966
56 53 1	0.2058823529
20 13 32	0.3137254902
20 46 43	0.5250000000
3 6 3	0.0640586797
7 52 59	0.1548731642
77 4 3	0.0958904110
7 15 63	0.3529411765
3 52 31	0.2530120482
3 11 13	0.0638297872
5 15 49	0.0736842105
5 3 3	0.0710823910
56 13 1	0.2096774194
77 1 32	0.1891891892
56 32 52	0.1213389121
20 49 15	0.3992395437
3 7 3	0.1022222222
20 50 46	0.1256544503
48 7 49	0.0563380282
51 2 56	0.2051282051
51 15 43	0.3529411765
51 4 46	0.1951219512
7 46 46	0.2839506173
7 10 79	0.3333333333
7 78 78	0.2461538462
7 68 15	0.5000000000
20 46 17	0.0270655271
3 46 17	0.0245700246
7 59 1	0.1908396947
15 39 43	0.2307692308
7 57 49	0.0566037736
56 32 3	0.0741839763
7 54 1	0.1556886228
7 11 59	0.1510416667
2 56 52	0.0754716981
15 59 52	0.1123417722
75 24 49	0.0506329114
56 2 6	0.0809523810
2 51 3	0.1440000000
2 56	0.0833333333
7 6 1	0.1716216216
5 7 49	0.0637168142
3 3 48	0.0709219858
7 6 13	0.0624120131
51 15 60	0.2000000000
20 6 15	0.2888888889
20 50 49	0.0594059406
3 52 1	0.1951640760
2 3 59	0.1631205674
15 2 6	0.1089108911
15 14 14	0.1250000000
2 3 46	0.1814159292
77 23 78	0.0731707317
7 50 3	0.0906735751
77 1	0.0606060606
56 6 48	0.1682692308
7 60 3	0.0505050505
7 2 13	0.0400000000
3 4 52	0.1224489796
56 14 46	0.1369863014
75 3 46	0.2019230769
56 56 3	0.0476190476
82 3 3	0.0645161290
56 11 6	0.0897959184
15 0 6	0.0713765477
82 52 13	0.0181818182
15 0 3	0.0563380282
5 4 59	0.3333333333
15 47 3	0.1064189189
7 64 46	0.1333333333
82 18	0.0512820513
64 3 78	0.1666666667
7 49 1	0.1696428571
64 24 3	0.0814479638
15 59 60	0.0754716981
3 66 46	0.0662251656
20 8 52	0.1304347826
7 4 13	0.0320512821
75 4 6	0.0567010309
77 21 49	0.0577507599
51 46 63	0.2282608696
56 59 60	0.1632653061
56 60	0.1052631579
3 13 63	0.1663974152
20 52 1	0.2358803987
2 7 13	0.0952380952
7 32 13	0.0699404762
7 1 15	0.3000000000
2 20 46	0.2277227723
21 3 63	0.1132075472
21 49 46	0.1926605505
21 5 49	0.1111111111
20 3 46	0.2122186495
56 52 14	0.1633986928
21 1 3	0.0389610390
21 68 15	0.1250000000
21 49 59	0.0618556701
3 1 59	0.1809210526
21 46	0.1363636364
20 52 14	0.1885245902
21 49 49	0.0310344828
3 47 31	0.1379310345
7 14 32	0.2325581395
20 13 49	0.1013779528
21 7 46	0.1923076923
3 6 1	0.1808278867
15 52 59	0.1900826446
56 0 48	0.1052631579
20 17 59	0.1737451737
56 53 3	0.1263157895
7 78 49	0.0583214794
7 47 59	0.1465517241
15 3 13	0.0850340136
7 1 6	0.0823970037
7 47 49	0.0593445527
20 60 1	0.2066666667
20 11 3	0.1038961039
51 15 48	0.3260869565
3 1 32	0.1923076923
20 49 46	0.1710213777
7 52 14	0.1228070175
75 24 46	0.2336448598
3 11 49	0.0446735395
51 56 63	0.2470588235
15 17 0	0.0259740260
15 0 0	0.0222222222
7 11 3	0.0966542751
15 89 63	0.5000000000
75 4 49	0.0335195531
3 57 46	0.1645021645
7 60	0.0208333333
3 48 59	0.1879699248
15 32 52	0.0723981900
5 56 46	0.1256281407
2 3 6	0.0604229607
56 13 63	0.2091836735
7 32 46	0.2586872587
56 13 48	0.1168831169
20 2 3	0.0677966102
7 1 13	0.0681818182
15 46 48	0.3846153846
56 57 59	0.1785714286
2 3 13	0.0639534884
4 49 78	0.1750000000
75 18 7	0.1021897810
56 3 63	0.1881390593
19 49 7	0.1142857143
24 6 46	0.1747572816
19 3 32	0.2647058824
7 11 46	0.2137931034
22 49 56	0.3333333333
22 52 46	0.1891891892
24 53 56	0.2400000000
55 4 46	0.2000000000
75 18 46	0.1917808219
64 36 56	0.2307692308
19 50 6	0.0519480519
24 67 23	0.1333333333
22 47 6	0.0370370370
19 66 56	0.1648351648
19 7 6	0.0753424658
22 1	0.0769230769
22 7 6	0.0322580645
19 13 3	0.0428571429
24 57 6	0.1000000000
7 49 6	0.0960784314
3 60 13	0.0833333333
3 46 43	0.4750000000
48 15	0.2000000000
48 20 46	0.1764705882
46 5 63	0.1673469388
4 51 46	0.2000000000
20 68 7	0.0983606557
3 50 13	0.1009174312
15 47 6	0.1009501188
77 1 6	0.0655021834
15 78 78	0.3918918919
15 17 59	0.1217257319
82 3 6	0.0769230769
56 49 1	0.1719457014
20 0 49	0.0960000000
82 4 13	0.0487804878
56 0 49	0.0610932476
5 46 49	0.0787401575
3 11 59	0.1409395973
56 17 59	0.1606425703
77 23 52	0.0740740741
51 82 46	0.1200000000
3 13 11	0.0234375000
75 36 56	0.2346938776
20 11 49	0.0492813142
7 46 3	0.1603053435
56 7 46	0.1521739130
75 18 49	0.0329896907
7 46 52	0.1118421053
75 18 3	0.0608695652
15 49 6	0.0965250965
2 5 56	0.1935483871
56 52 3	0.0706075534
64 52 13	0.0158730159
56 13 2	0.0952380952
15 48 59	0.2210526316
7 32 2	0.1176470588
56 3 1	0.2307692308
64 4 3	0.0862944162
56 61 46	0.0196078431
15 32 3	0.0271903323
56 49 7	0.1130221130
64 4 1	0.1923076923
56 7 52	0.1496062992
7 78 1	0.1847826087
15 32 6	0.1019108280
7 78 52	0.0860759494
19 47 31	0.0975609756
7 6 2	0.0555555556
24 46 17	0.0319148936
19 3 6	0.0636704120
3 57 6	0.1000000000
20 6 18	0.0506329114
15 48 14	0.4736842105
7 8 13	0.1058201058
20 54 13	0.0537974684
7 47 23	0.1308411215
15 32 32	0.5686274510
5 7 78	0.1981132075
19 49 52	0.0388888889
19 49 2	0.0476190476
20 50 6	0.0882352941
19 7 10	0.1764705882
7 59 14	0.2481203008
75 3 59	0.1028037383
7 78 13	0.0738916256
3 54 52	0.0917431193
77 4 1	0.2040816327
7 4 59	0.0909090909
51 15 84	0.3636363636
51 56 46	0.2361111111
7 75 18	0.0755395683
15 78 46	0.2282608696
15 10 79	0.2250000000
20 88 46	0.2500000000
3 59 52	0.0728407908
20 32 1	0.1743119266
20 6 2	0.0659340659
5 20 1	0.1600000000
5 82 3	0.1136363636
20 7 6	0.0698689956
56 57 1	0.2340425532
20 60 52	0.1115879828
20 67 1	0.0458015267
7 2 52	0.0721088435
75 18 52	0.0119521912
3 14 1	0.1481481481
7 13 1	0.1826086957
15 47 52	0.1102204409
20 46 48	0.4054054054
75 3 14	0.1034482759
51 56 17	0.0465116279
7 11 6	0.0868686869
20 68 46	0.2247191011
52 10 15	0.3023255814
52 60 46	0.4285714286
6 50 46	0.2600000000
60 53 15	0.3555555556
6 6 10	0.0108695652
53 3 63	0.3750000000
50 34 46	0.1111111111
60 13 46	0.2500000000
6 4 10	0.0512820513
6 48 46	0.4285714286
53 56 17	0.1250000000
60 53 46	0.1851851852
53 52 49	0.0227272727
53 46 38	0.2857142857
50 18 56	0.2916666667
60 8 15	0.5000000000
6 71 63	0.3684210526
6 8 46	0.2954545455
47 66 56	0.1666666667
53 46 46	0.3076923077
47 52 46	0.3478260870
46 49 52	0.0826446281
3 47 46	0.1885593220
46 73 31	0.2777777778
3 57 52	0.0985074627
20 46 46	0.2711864407
56 78 59	0.2142857143
4 49 49	0.0723404255
15 52 2	0.0528634361
6 3 10	0.0114942529
54 50 46	0.2352941176
47 6 46	0.3076923077
6 49 15	0.3666666667
66 22 46	0.3235294118
3 11 14	0.0465116279
15 60 13	0.1712707182
19 49 48	0.0534351145
64 29 3	0.0652173913
20 49 2	0.0435967302
5 3 48	0.1478260870
5 77 21	0.1584158416
19 49 49	0.0517241379
19 11 46	0.1794871795
24 46 43	0.1250000000
3 7 59	0.1739130435
24 6 32	0.2380952381
19 6 13	0.0599250936
19 50 46	0.1333333333
7 65 7	0.1391752577
7 4 1	0.2785714286
3 1 2	0.1181102362
19 59 59	0.1216216216
19 11 59	0.1000000000
19 32 6	0.0944881890
24 59 32	0.2000000000
19 8 15	0.3000000000
3 3 2	0.0462962963
19 1 3	0.0589970501
20 53 13	0.0766666667
3 57 59	0.1241830065
19 53 15	0.4016393443
19 1 13	0.0604026846
19 6 49	0.0528455285
3 46 6	0.0833333333
15 6 14	0.1900000000
20 67 23	0.0526315789
56 52 15	0.2571428571
46 49 13	0.0724233983
20 52 32	0.2384615385
20 49 59	0.1457725948
56 46 3	0.1968503937
46 48 49	0.0400000000
56 14 52	0.1333333333
56 66 85	0.1600000000
56 3 78	0.1739130435
15 13 2	0.0836653386
5 15 52	0.0858895706
20 1 3	0.0705128205
20 49 52	0.0588928151
3 67 23	0.1052631579
3 6 2	0.0600522193
15 3 78	0.1818181818
51 19 49	0.0719696970
20 2 6	0.0794392523
56 13 46	0.1666666667
56 1 32	0.2615384615
5 7 3	0.0634201586
51 7 52	0.0691299166
3 2 1	0.2400000000
15 47 49	0.0780559647
20 14 6	0.0891089109
5 3 32	0.1066666667
21 52 46	0.2424242424
21 66 3	0.0461538462
46 59 3	0.0518018018
64 3 2	0.1594202899
51 56 1	0.1666666667
46 73 1	0.2592592593
21 49 6	0.0357142857
51 15 32	0.3939393939
56 48 1	0.1891891892
21 46 46	0.2142857143
56 13 14	0.2400000000
15 0 2	0.0228571429
20 14 46	0.1652173913
20 60 46	0.2228571429
3 50 46	0.1194968553
56 7 1	0.1758241758
48 7 1	0.1739130435
64 4 52	0.1139240506
3 48 52	0.1055900621
3 78 59	0.1724137931
77 21 6	0.0729483283
20 13 6	0.1053864169
51 22 46	0.2380952381
56 46 43	0.3870967742
3 46 1	0.1451612903
20 50 31	0.1320754717
7 61 3	0.0810810811
3 60 52	0.0774647887
5 48 3	0.1868131868
5 20 3	0.0822510823
7 59 78	0.1650485437
20 13 1	0.1894736842
56 54 49	0.0472972973
15 52 32	0.1910112360
56 54 13	0.0761904762
15 32 14	0.4285714286
4 5 63	0.2307692308
7 52 15	0.3391304348
56 8 46	0.1200000000
56 13 78	0.1300813008
3 59 78	0.1636363636
20 8 46	0.1496598639
56 0 14	0.1341463415
51 75 18	0.0504201681
20 13 52	0.0746268657
7 50 18	0.0625000000
15 10 85	0.1975308642
4 5 59	0.2100000000
20 0 63	0.1886792453
56 1 59	0.2329545455
5 56 49	0.0837520938
56 52 48	0.1632653061
46 59 1	0.1794871795
20 50 3	0.0863509749
15 2 52	0.1115702479
3 75 18	0.0824742268
20 59 1	0.2153846154
20 52 52	0.1158167675
15 0 10	0.0342465753
7 1 78	0.1614906832
7 64 3	0.1329113924
51 15 0	0.0360360360
7 59 60	0.1529411765
7 60 59	0.1376811594
7 48 59	0.1406250000
7 4 49	0.0695364238
51 19 1	0.1888888889
7 57 46	0.1984732824
3 46 52	0.0806451613
15 0 48	0.0666666667
7 13 3	0.0473372781
4 63 0	0.0909090909
46 49 6	0.0990990991
64 4 15	0.3000000000
20 0 6	0.1457489879
6 61 56	0.1818181818
53 51 15	0.3103448276
60 49 56	0.2916666667
6 49 17	0.1034482759
53 57 46	0.3157894737
52 31 46	0.3333333333
52 2 49	0.0306122449
6 66 43	0.3750000000
6 4 62	0.0317460317
47 57 46	0.3000000000
77 1 52	0.0717299578
7 77 21	0.1647058824
51 7 32	0.1760563380
7 54 49	0.0626185958
51 56 52	0.0592417062
3 32 46	0.1741573034
15 3 52	0.0767696909
7 4 46	0.2025316456
3 46 3	0.1822660099
20 52 78	0.1705426357
20 10 7	0.0731707317
7 52 11	0.0074349442
75 24 3	0.0540540541
7 1 14	0.1165048544
56 0 18	0.0227272727
56 57	0.0333333333
7 59 48	0.1369047619
3 10 15	0.3790613718
20 59 6	0.0912162162
3 54 13	0.0507812500
7 10	0.0089285714
56 11 48	0.0454545455
5 21 63	0.2162162162
56 49 78	0.1692307692
20 2 13	0.0459183673
3 47 52	0.0960698690
5 56 13	0.1065573770
2 7 1	0.0666666667
56 49 59	0.1853932584
3 4 49	0.0429184549
77 1 1	0.1739130435
20 13 48	0.1230769231
56 8 10	0.0219780220
56 53 13	0.1090909091
19 13 49	0.0769230769
20 4 6	0.0754098361
24 50 46	0.1212121212
19 11 1	0.1864406780
19 66 49	0.1463414634
20 59 52	0.0766871166
19 53 1	0.1818181818
15 3 59	0.1955193483
15 78 13	0.0850340136
19 7 49	0.0425531915
19 3 13	0.0557491289
7 54 59	0.1717171717
75 46 43	0.1250000000
15 6 49	0.0617977528
15 56 3	0.0377358491
7 48 10	0.0500000000
3 50 3	0.0612903226
4 63 63	0.2000000000
56 3 32	0.2000000000
5 56 32	0.2857142857
7 48 6	0.0937500000
7 46 48	0.4406779661
4 59 78	0.3428571429
3 78 6	0.0746887967
3 53 49	0.0638297872
3 66 3	0.1466049383
7 8 46	0.1868131868
20 78 49	0.0561224490
51 48 3	0.1520467836
51 46 59	0.1733333333
7 57 1	0.1604278075
5 7 2	0.0691489362
4 59 32	0.3666666667
15 33 85	0.2000000000
56 48 6	0.1236363636
56 0 0	0.0472440945
51 15 78	0.3333333333
56 48 52	0.1287128713
56 49 2	0.0387096774
56 57 46	0.1489361702
4 63 46	0.1666666667
20 8 49	0.0588235294
64 52 1	0.0789473684
51 56 78	0.1875000000
82 24 13	0.0909090909
7 54 13	0.0652818991
82 24 46	0.1025641026
75 52 3	0.0536912752
56 1 60	0.1842105263
56 17 49	0.1350574713
3 3 6	0.0850091408
3 64 29	0.0350194553
82 46	0.1428571429
7 70 29	0.0166666667
7 88 13	0.0705882353
51 24 3	0.0666666667
20 57 59	0.1250000000
64 29 49	0.0452830189
3 54 46	0.1693548387
3 46 63	0.2592592593
3 65 3	0.1250000000
7 4 31	0.2500000000
3 13 57	0.0254237288
77 23 13	0.0609137056
15 57 32	0.2500000000
20 32 46	0.2094594595
51 15 13	0.0604651163
64 29 15	0.3106796117
7 49 48	0.0666666667
56 46 38	0.3103448276
15 2 3	0.0581395349
15 78 49	0.0617283951
7 67 23	0.0962962963
20 6 32	0.2446043165
5 15 0	0.0751565762
7 67 31	0.1388012618
20 46 3	0.1675977654
3 7 46	0.2333333333
7 8 3	0.0488888889
3 11 52	0.1017441860
20 60 49	0.0732394366
5 20 46	0.1666666667
15 59 3	0.0715214564
46 46 63	0.1250000000
20 57 1	0.1744966443
7 50 1	0.1280487805
46 50 15	0.4666666667
20 11 1	0.2075471698
3 14 46	0.2300884956
7 14 1	0.1869918699
7 78 46	0.2385786802
15 52 13	0.0858085809
77 23 49	0.0557620818
51 24 49	0.0485436893
51 56 6	0.0659898477
7 8 49	0.0615835777
51 64 3	0.1098265896
77 21 3	0.0459770115
7 46 1	0.1560283688
20 46 63	0.2692307692
54 49 56	0.2777777778
66 21 46	0.3636363636
66 56 89	0.2727272727
15 89 46	0.4166666667
54 52 15	0.7500000000
67 1 46	0.3513513514
7 60 46	0.2634408602
54 49 15	0.3559322034
54 78 46	0.2666666667
15 84 2	0.0800000000
21 6 46	0.1044776119
15 48 46	0.1860465116
3 60 6	0.1208791209
51 77 21	0.1445086705
21 6	0.0434782609
64 36 85	0.1081081081
21 59 46	0.1489361702
21 49 32	0.0625000000
3 48 3	0.0518518519
51 77 23	0.0727272727
20 50 59	0.1052631579
20 13 46	0.2030651341
2 5 15	0.4065934066
3 1 15	0.3200000000
20 57 46	0.2110552764
77 21 46	0.2066115702
5 2 56	0.1538461538
56 59 32	0.2261904762
56 32 13	0.0870967742
7 4 52	0.0948905109
5 5 15	0.3125000000
56 63 56	0.2424242424
5 3 1	0.2192513369
5 7 32	0.2014388489
66 46 63	0.3888888889
66 56 48	0.0952380952
60 7 46	0.3333333333
6 10 15	0.2727272727
60 32 46	0.1666666667
54 52 46	0.3703703704
47 31 46	0.3529411765
15 39 56	0.2622950820
6 17 46	0.2500000000
54 10 15	0.2608695652
19 49 56	0.2452830189
20 11 59	0.1461538462
24 59 46	0.1724137931
20 17 49	0.1938202247
20 57 52	0.1099290780
19 52 15	0.3333333333
24 6 49	0.0384615385
19 49 46	0.1543209877
3 1 3	0.0746634027
24 1 49	0.0206896552
24 10 15	0.1304347826
56 7 49	0.0379746835
20 4 13	0.0168067227
5 56 6	0.1143695015
56 3 13	0.0889395667
46 20 6	0.1052631579
56 3 2	0.0612244898
20 54 6	0.0942408377
3 32 52	0.0932944606
7 50 29	0.0341463415
56 6 60	0.0808080808
15 60 78	0.2857142857
3 48 6	0.0897755611
5 48 7	0.1621621622
15 77 1	0.1554054054
20 32 52	0.1120689655
7 54 10	0.0111111111
15 14 59	0.1590909091
20 6 10	0.0089020772
20 53 6	0.1161048689
3 7 52	0.0995260664
7 49 18	0.0428571429
7 50 13	0.1298701299
7 7 1	0.1454545455
5 64 3	0.1445783133
20 7 1	0.1442307692
4 49 46	0.1750000000
7 66 59	0.1666666667
7 67 7	0.3714285714
7 14 14	0.1190476190
20 10 15	0.4409448819
20 13 3	0.0521582734
20 11 46	0.1720930233
15 3 14	0.1944444444
56 13 32	0.3333333333
56 1 46	0.1325966851
20 13 60	0.2187500000
15 59 1	0.2042253521
56 0 1	0.1604938272
7 1 3	0.0686900958
15 14 32	0.5555555556
56 47 59	0.2155172414
15 14 48	0.2941176471
3 4 3	0.0571428571
82 18 3	0.0769230769
56 48 46	0.1846153846
15 14 6	0.0731707317
64 9 7	0.0869565217
20 78 3	0.1357142857
77 1 3	0.0379746835
3 53 59	0.1369863014
7 15 3	0.1111111111
82 3 1	0.1818181818
20 47 3	0.0960784314
56 78 52	0.1293532338
56 13 3	0.0683371298
7 10 7	0.1111111111
7 1 60	0.1182795699
4 59 59	0.2000000000
15 52 78	0.1134751773
2 56 17	0.0625000000
2 20 52	0.0833333333
7 0 6	0.0740740741
7 7 10	0.1627906977
20 50 13	0.1038961039
56 65 15	0.3333333333
51 82 3	0.1287128713
46 59 49	0.0544464610
56 14 13	0.0583333333
2 5 7	0.1166666667
56 61 52	0.1803278689
56 6 32	0.2127659574
15 47 31	0.2300000000
4 49 13	0.0666666667
20 8 1	0.1733333333
5 15 60	0.2340425532
46 59 32	0.1746031746
19 1 2	0.0877192982
19 47 46	0.2142857143
19 46 17	0.0368421053
19 13 52	0.0452674897
24 49 60	0.2307692308
19 10 15	0.2876712329
24 42 49	0.0555555556
24 47 6	0.0487804878
19 1 52	0.0736434109
19 1 78	0.1296296296
24 54 49	0.0163934426
3 52 32	0.1513513514
6 57 46	0.3818181818
53 46 63	0.3846153846
54 59 46	0.3333333333
15 84 17	0.0333333333
47 67 15	0.1250000000
47 23 46	0.3846153846
54 67 15	0.1250000000
52 66 85	0.2222222222
54 66 79	0.1111111111
56 78 13	0.0829268293
15 77 21	0.1920000000
7 2 49	0.1040609137
24 32 6	0.0869565217
19 57 6	0.0628930818
24 7 3	0.0681818182
24 49 59	0.0634920635
75 36 3	0.0909090909
24 14 3	0.0454545455
24 53 46	0.1111111111
75 4 10	0.0769230769
24 2 46	0.1111111111
3 68 46	0.1698113208
3 48 13	0.0744985673
24 46 48	0.1428571429
3 2 46	0.1503267974
7 6 60	0.0928270042
19 10 79	0.2222222222
55 46 17	0.0750000000
3 14 3	0.0603773585
3 14 6	0.0629139073
3 1 13	0.0748299320
56 67 31	0.1238938053
20 48 3	0.1250000000
20 2 1	0.2317073171
15 67 23	0.1200000000
20 54 52	0.1139705882
7 32 3	0.0541666667
20 65 3	0.1379310345
75 18 32	0.1694915254
51 7 78	0.1724137931
3 61 56	0.1794871795
3 2 59	0.1153846154
3 1 49	0.0531914894
56 0 3	0.0846560847
82 4 46	0.1379310345
3 70 46	0.0952380952
15 49 7	0.1062500000
56 54 3	0.1603773585
3 3 13	0.0664652568
4 59 3	0.0509803922
20 11 6	0.0895522388
15 57 52	0.0434782609
3 48 14	0.1851851852
56 17 0	0.0163934426
51 56 48	0.1406250000
7 46 84	0.4426229508
60 60 46	0.4000000000
6 7 46	0.3953488372
52 47 10	0.1304347826
60 0 63	0.1538461538
53 6 46	0.3214285714
6 2 46	0.2903225806
53 53 15	0.2608695652
54 47 46	0.4318181818
6 65 46	0.1818181818
52 53 46	0.1875000000
66 5 56	0.1868131868
66 4 46	0.3636363636
24 8 15	0.2666666667
2 51 15	0.2727272727
24 13 63	0.1466666667
64 24 1	0.1417322835
24 49 1	0.1818181818
75 24 52	0.0745341615
22 52 3	0.0219780220
24 1 32	0.0909090909
22 66 56	0.1666666667
19 50 52	0.0300000000
7 14 3	0.0538461538
24 49 32	0.2000000000
64 52 46	0.1588785047
19 52 13	0.0652173913
55 52 46	0.2105263158
20 46 52	0.0720720721
24 57 46	0.2258064516
21 11 1	0.0833333333
3 8 1	0.2134831461
7 13 2	0.0548926014
21 6 1	0.0937500000
56 32 46	0.1206896552
64 24 49	0.0271739130
46 63 0	0.0514905149
20 47 31	0.1208053691
21 49 2	0.1166666667
15 46 2	0.0326086957
64 3 52	0.0687500000
21 1 52	0.0588235294
21 49 56	0.2432432432
51 7 14	0.1339285714
3 59 60	0.2666666667
3 14 15	0.3200000000
15 14 3	0.0229007634
56 6 15	0.2888888889
20 48 6	0.0789473684
7 65 46	0.2203389831
19 13 6	0.0704225352
22 13 49	0.0298507463
5 7 14	0.1111111111
22 6 48	0.0476190476
19 3 52	0.0524590164
55 18 3	0.0389610390
19 4 49	0.0731707317
24 49 78	0.1904761905
24 11 3	0.0357142857
24 53 15	0.2985074627
19 52 14	0.2051282051
22 67 15	0.1250000000
64 29 6	0.0687500000
15 2 78	0.5000000000
56 70 7	0.0967741935
7 7 3	0.1025641026
56 14 49	0.0588235294
56 48 13	0.1061946903
15 64 3	0.2077922078
24 13 6	0.0537634409
3 6 32	0.2040816327
24 1 46	0.2352941176
24 49 6	0.0297029703
7 68 46	0.1910112360
75 52 10	0.1250000000
24 1 15	0.2000000000
19 52 10	0.0540540541
19 59 46	0.1617647059
55 3 1	0.0434782609
67 31 15	0.3600000000
15 10 17	0.3750000000
67 23 46	0.3846153846
60 1 15	0.5000000000
7 0 63	0.1886792453
53 66 56	0.1923076923
67 1 15	0.5000000000
60 46 89	0.1428571429
52 78 46	0.4736842105
54 13 46	0.4200000000
46 10 15	0.0769230769
54 4 46	0.2500000000
54 7 46	0.3103448276
53 13 63	0.3235294118
52 8 46	0.2857142857
60 8 46	0.2500000000
54 66 85	0.2222222222
47 46 63	0.3333333333
47 65 15	0.2000000000
6 1 49	0.0118343195
6 59 10	0.0217391304
60 52 15	0.5000000000
20 52 31	0.2586206897
3 53 52	0.0859375000
4 51 59	0.2000000000
56 6 2	0.0523809524
64 3 48	0.0285714286
56 48 3	0.0648854962
20 70 7	0.0983606557
3 32 6	0.1104100946
15 38 63	0.1428571429
7 59 32	0.2253521127
20 47 23	0.1164383562
20 59 78	0.1190476190
51 3 32	0.2338129496
7 52 2	0.0385438972
24 14 13	0.0416666667
19 64 29	0.0256410256
20 4 52	0.1020408163
3 13 48	0.0904977376
20 52 13	0.0650826446
19 48 49	0.0215053763
7 2 6	0.0785562633
24 47 3	0.1044776119
19 57 1	0.1791044776
7 8 10	0.0339805825
20 46 89	0.1562500000
19 3 59	0.1673306773
3 4 1	0.2159090909
56 59 14	0.2117647059
7 14 2	0.0549450549
7 7 6	0.0724346076
56 66 17	0.1000000000
56 48 59	0.2268041237
7 77 6	0.1085271318
21 54 6	0.0526315789
21 59 49	0.0301507538
21 3 32	0.0909090909
20 1 2	0.0725388601
21 32 3	0.0227272727
46 63 38	0.1666666667
21 1 1	0.1052631579
56 49 49	0.0629032258
20 59 2	0.1034482759
26 20 46	0.1578947368
3 77 6	0.0789473684
20 13 14	0.0909090909
82 18 15	0.2972972973
4 46 52	0.2000000000
3 54 3	0.0941176471
3 7 1	0.1275167785
20 3 60	0.2045454545
56 63 0	0.0740740741
51 20 10	0.0352941176
4 49 6	0.1200000000
3 67 3	0.1379310345
7 47 10	0.0404040404
54 54 46	0.3333333333
54 70 15	0.3636363636
47 59 46	0.2500000000
6 14 15	0.5000000000
52 8 15	0.6666666667
53 53 46	0.2272727273
52 50 46	0.2790697674
66 15 17	0.0810810811
66 17 84	0.2857142857
52 10 79	0.2857142857
20 47 21	0.1683168317
19 8 1	0.1372549020
3 54 6	0.0943396226
5 5 3	0.1351351351
7 6 14	0.1164658635
19 46 1	0.1041666667
19 32 59	0.1463414634
7 11 14	0.0677966102
20 3 14	0.3928571429
20 49 14	0.1363636364
20 4 1	0.2916666667
20 60 3	0.0705521472
56 52 60	0.0808823529
7 14 49	0.0550964187
5 56 2	0.0416666667
19 70 3	0.0909090909
20 6 14	0.1409395973
64 24 46	0.1679389313
19 6 48	0.0967741935
3 78 13	0.1008403361
19 3 2	0.0408163265
19 52 49	0.0415800416
7 69 31	0.1297297297
3 57 32	0.0400000000
56 78 49	0.0670241287
56 77 6	0.0804597701
5 7 15	0.2571428571
20 78 46	0.1500000000
15 48 38	0.2857142857
56 0 63	0.1566265060
56 66 63	0.0895522388
15 13 48	0.0676691729
5 56 59	0.1916167665
3 10 7	0.1014492754
3 67 15	0.3913043478
46 63 3	0.1956521739
3 13 32	0.2285714286
3 59 59	0.1612903226
2 75 18	0.0479452055
4 49 48	0.2800000000
20 2 52	0.0626631854
56 50 49	0.0549450549
19 49 6	0.0373831776
19 46 6	0.1086956522
19 69 31	0.0754716981
3 4 31	0.2500000000
24 54 46	0.2307692308
22 17 49	0.0943396226
22 11 46	0.0833333333
75 52 49	0.0376569038
24 11 10	0.0952380952
19 14 46	0.2413793103
5 7 59	0.1877256318
75 4 1	0.0967741935
55 36 79	0.1250000000
46 20 59	0.1111111111
56 47 21	0.1882352941
46 63 1	0.1190476190
5 15 48	0.3061224490
51 15 63	0.2978723404
75 3 13	0.0483870968
66 79 56	0.1666666667
54 14 46	0.3000000000
47 49 56	0.2916666667
52 11 49	0.0128205128
20 8 13	0.0794701987
3 48 1	0.1848739496
56 57 13	0.0917874396
3 52 78	0.1191709845
56 46 48	0.4285714286
56 32 6	0.1125541126
3 8 6	0.0866141732
7 60 1	0.1627906977
56 59 78	0.1391304348
56 78 6	0.0904522613
20 54 46	0.1627906977
82 24 1	0.1891891892
15 14 49	0.0569105691
3 13 60	0.1290322581
56 2 3	0.0673076923
3 2 13	0.0440251572
15 59 46	0.1951219512
7 46 6	0.0896057348
3 60 49	0.0528455285
56 60 6	0.1578947368
56 60 59	0.2028985507
77 23 6	0.0828402367
64 3 46	0.1774193548
26 20 3	0.0740740741
15 63 0	0.0420560748
51 15 49	0.0429252782
51 3 48	0.1228813559
3 7 15	0.2800000000
7 65 3	0.1215469613
4 67 7	0.4500000000
7 47 13	0.0605187320
64 4 46	0.1502347418
15 0 14	0.0977011494
4 0 7	0.2000000000
5 20 6	0.0936507937
51 4 63	0.1509433962
20 75 18	0.0727272727
7 7 46	0.2159624413
7 66 46	0.0649350649
56 52 78	0.1333333333
7 50 52	0.0313390313
56 11 3	0.1125541126
46 49 1	0.1344537815
7 0 1	0.1854838710
82 18 56	0.1555555556
15 53 3	0.1245421245
15 64 29	0.0414746544
64 4 59	0.1274509804
56 89 0	0.0740740741
56 32 14	0.0740740741
56 52 2	0.0772200772
20 15 17	0.0096153846
56 60 13	0.1328125000
4 49 32	0.5200000000
56 49 18	0.0625000000
7 1 10	0.0388692580
20 32 49	0.0397727273
3 60 3	0.0312500000
51 24 59	0.0769230769
77 21 14	0.0606060606
20 47 49	0.0498915401
20 53 59	0.1578947368
20 60 59	0.1538461538
3 32 13	0.0719101124
15 60 52	0.0904761905
3 53 46	0.1078838174
7 6 57	0.0074626866
2 82 18	0.0769230769
7 52 78	0.1454545455
15 3 60	0.0933333333
20 3 78	0.3048780488
15 32 46	0.2571428571
3 60 46	0.2247191011
7 32 1	0.1470588235
51 55 3	0.0800000000
20 32 6	0.1185185185
7 49 10	0.0190274841
51 19 59	0.2037037037
4 49 59	0.1400000000
51 2 3	0.0904977376
46 5 59	0.1858407080
46 20 13	0.0597014925
56 32 59	0.1592920354
56 14 32	0.2000000000
51 7 2	0.0339805825
21 4 6	0.0208333333
7 60 52	0.0860927152
21 3 59	0.1029411765
46 51 63	0.1153846154
15 59 2	0.1140939597
21 13 3	0.0289855072
21 5 63	0.2058823529
21 13 49	0.0309278351
21 32 1	0.0909090909
21 14 15	0.1000000000
7 10 17	0.1707317073
3 2 6	0.0793650794
5 15 2	0.1271186441
56 57 3	0.0864197531
3 1 14	0.2372881356
3 32 1	0.1747572816
3 59 3	0.0580762250
19 49 32	0.4146341463
7 32 60	0.2682926829
24 60 46	0.2000000000
24 13 1	0.0526315789
20 70 3	0.1000000000
56 66 15	0.4341085271
15 60 49	0.0606936416
56 60 2	0.1333333333
15 56 46	0.2127659574
7 48 49	0.0441767068
3 1 60	0.1403508772
2 56 84	0.1428571429
20 1 60	0.1500000000
4 67 3	0.1600000000
51 7 15	0.1333333333
21 3 6	0.0447761194
21 53 15	0.1132075472
3 13 14	0.1351351351
21 54 3	0.0277777778
64 52 52	0.1034482759
56 78 1	0.2678571429
15 0 32	0.1288343558
15 39 79	0.3846153846
20 3 1	0.1666666667
20 46 38	0.2916666667
2 75 46	0.1176470588
7 3 60	0.1203703704
20 49 48	0.0669291339
3 60 1	0.1219512195
64 24 59	0.0655737705
20 50 21	0.1351351351
26 20 6	0.1600000000
77 1 13	0.0496894410
15 6 78	0.1203007519
20 78 52	0.1609195402
77 23 3	0.0634146341
20 69 1	0.0550458716
82 24 3	0.1076923077
3 13 3	0.0458015267
82 18 49	0.0727272727
77 23 32	0.1428571429
15 81 54	0.1176470588
56 46 6	0.1118421053
56 49 48	0.0657439446
53 47 46	0.3913043478
6 46 38	0.6153846154
60 49 49	0.0256410256
53 65 46	0.1818181818
6 60 46	0.4250000000
67 4 46	0.2666666667
75 18 60	0.1250000000
82 52 3	0.0754716981
2 20 1	0.1101694915
15 11 49	0.0645161290
5 3 46	0.1761006289
7 48 3	0.0555555556
7 88 59	0.1000000000
20 78 59	0.2200000000
5 15 3	0.0555555556
20 52 10	0.0040000000
7 2 59	0.1192307692
82 4 6	0.0882352941
48 56 49	0.0563380282
56 57 49	0.0645161290
3 7 49	0.0357142857
4 46 38	0.1000000000
7 11 52	0.1068181818
56 0 78	0.0919540230
77 21 15	0.3600000000
51 4 59	0.1846153846
15 46 63	0.2758620690
51 19 52	0.1034482759
15 52 31	0.2666666667
51 24 46	0.1842105263
3 52 10	0.0261627907
7 11 10	0.0441176471
20 54 59	0.1590909091
7 78 3	0.0676691729
15 78 6	0.0876288660
7 88 6	0.1272727273
7 14 78	0.1951219512
20 75 3	0.1500000000
7 47 21	0.1575757576
5 75 46	0.1176470588
4 59 46	0.1333333333
56 0 13	0.0830324910
20 65 46	0.2978723404
46 46 89	0.1000000000
56 2 46	0.1250000000
77 23 1	0.1228070175
56 49 10	0.0081967213
15 63 63	0.2608695652
3 59 32	0.2834645669
56 66 59	0.2500000000
5 56 14	0.1923076923
46 67 7	0.1818181818
4 46 46	0.2000000000
7 14 10	0.0857142857
54 7 15	0.5000000000
52 57 46	0.3750000000
52 49 17	0.1315789474
52 49 49	0.0108108108
24 3 63	0.1609195402
19 7 3	0.1181818182
20 52 48	0.2016806723
24 14 46	0.1764705882
19 8 46	0.1511627907
19 8 13	0.0370370370
19 68 3	0.1739130435
19 48 1	0.1724137931
19 49 60	0.3043478261
19 88 59	0.1333333333
5 3 60	0.0588235294
82 18 6	0.0673076923
77 1 78	0.1200000000
5 21 3	0.0823529412
20 59 59	0.1760000000
3 6 60	0.0833333333
3 14 13	0.0580645161
19 6 6	0.0826873385
3 50 52	0.0429687500
19 88 6	0.1200000000
24 2 49	0.0416666667
24 52 49	0.0445544554
51 82 29	0.0050251256
15 48 49	0.0702341137
24 1 52	0.0588235294
64 29 52	0.0785714286
19 6 59	0.1376811594
19 13 48	0.0806451613
22 3 46	0.1666666667
24 6 6	0.0560747664
19 1 1	0.2187500000
3 6 15	0.3250000000
19 1 6	0.0871369295
75 3 52	0.0354330709
77 21 13	0.0552486188
75 76 18	0.0200000000
56 64 3	0.1864406780
4 51 63	0.1666666667
21 47 52	0.0327868852
21 59 1	0.0454545455
51 46 49	0.0845070423
21 0 56	0.1428571429
21 32 46	0.1153846154
21 0 3	0.0833333333
21 57 6	0.0512820513
15 17 43	0.5000000000
7 88 46	0.3333333333
77 1 59	0.1290322581
15 89 17	0.0625000000
21 57 52	0.0434782609
21 8 6	0.0526315789
21 13 63	0.2222222222
21 66 15	0.2105263158
21 2 52	0.0196078431
21 3 52	0.0447761194
56 50 46	0.0933333333
5 15 89	0.2142857143
2 15 63	0.1250000000
56 57 32	0.0512820513
7 78 57	0.0151515152
54 46 46	0.4782608696
54 46 17	0.0515463918
6 47 10	0.1250000000
47 66 15	0.3333333333
6 53 46	0.2537313433
47 21 46	0.4117647059
6 65 15	0.3846153846
66 15 48	0.1250000000
46 39 17	0.1666666667
53 66 15	0.3333333333
15 17 84	0.2727272727
56 52 32	0.2333333333
7 78 14	0.2857142857
53 66 63	0.2222222222
60 4 46	0.2142857143
52 54 46	0.3157894737
66 15 49	0.0297029703
50 18 15	0.3000000000
2 56 46	0.1785714286
56 14 48	0.2142857143
46 63 48	0.1818181818
2 4 46	0.1250000000
56 8 3	0.0551181102
20 49 57	0.0273972603
20 7 49	0.0375586854
56 60 49	0.0725388601
3 2 3	0.0597402597
56 60 52	0.0991735537
75 18 56	0.2320000000
22 52 59	0.0769230769
64 36 17	0.3076923077
19 70 15	0.5000000000
15 46 38	0.2857142857
19 52 48	0.1212121212
7 48 46	0.2266666667
24 4 31	0.2222222222
22 2 46	0.0833333333
24 1 6	0.0454545455
7 52 60	0.0708955224
19 47 21	0.2413793103
55 52 52	0.0425531915
19 13 46	0.2213114754
56 47 6	0.0915915916
3 14 32	0.1481481481
46 63 46	0.1315789474
20 13 13	0.0541666667
21 6 2	0.0714285714
3 53 6	0.0994475138
21 47 21	0.0769230769
56 69 31	0.1275167785
20 50 1	0.1000000000
20 15 3	0.2727272727
3 3 60	0.1212121212
56 0 15	0.0666666667
20 3 32	0.3636363636
51 22 3	0.1707317073
75 30 3	0.1764705882
3 42 6	0.0909090909
7 49 57	0.0135135135
15 49 48	0.0628930818
3 52 2	0.0449735450
19 13 13	0.0466101695
20 57 13	0.0663129973
5 4 46	0.1034482759
19 3 14	0.2000000000
5 7 60	0.0681818182
7 42 49	0.0681818182
51 24 6	0.0898876404
5 48 15	0.3750000000
51 56 14	0.1818181818
5 2 7	0.1176470588
56 4 3	0.1296296296
15 48 6	0.1100917431
56 2 78	0.1578947368
24 6 1	0.1224489796
19 13 63	0.1681415929
15 32 60	0.3125000000
19 54 6	0.1315789474
24 66 3	0.0700000000
24 3 6	0.0476190476
5 56 1	0.2234042553
5 56 48	0.1250000000
15 49 0	0.0272727273
19 1 46	0.2198581560
19 1 14	0.2068965517
24 2 1	0.1052631579
64 52 59	0.0714285714
24 1 3	0.0540540541
64 52 21	0.1379310345
55 3 52	0.0253164557
75 46 3	0.2142857143
24 50 49	0.0303030303
3 8 10	0.0396825397
19 57 3	0.0445859873
20 49 78	0.1834862385
15 13 14	0.3209876543
56 14 6	0.0793650794
56 8 59	0.1111111111
56 67 1	0.0441176471
15 32 48	0.3500000000
24 59 49	0.0416666667
20 13 78	0.1250000000
19 57 59	0.0769230769
24 3 52	0.0602409639
19 32 49	0.0192307692
7 48 52	0.0787401575
19 54 46	0.1578947368
19 53 59	0.0689655172
24 78 6	0.0769230769
64 29 2	0.0215827338
46 20 3	0.1549295775
20 8 6	0.0840579710
56 14 1	0.2000000000
15 48 3	0.0095693780
56 46 52	0.0864197531
3 69 21	0.1743119266
2 20 6	0.0536723164
19 59 78	0.2173913043
64 3 3	0.0270270270
24 7 52	0.0263157895
3 32 49	0.0343511450
3 6 18	0.0655172414
15 13 1	0.1666666667
19 60 52	0.0833333333
15 78 14	0.3703703704
3 32 2	0.1186440678
19 47 49	0.0235849057
19 59 52	0.0584415584
24 78 46	0.1290322581
56 50 3	0.1103448276
15 60 59	0.2653061224
56 33 56	0.2424242424
77 1 2	0.0188679245
82 4 49	0.0317460317
20 59 3	0.0495356037
48 3 1	0.2500000000
82 29 3	0.0937500000
15 2 13	0.0405405405
77 23 59	0.1384615385
51 56 43	0.3157894737
56 84 63	0.2222222222
2 7 52	0.0967741935
4 46 17	0.0275862069
56 13 60	0.2000000000
15 60 48	0.1666666667
51 56 89	0.2000000000
7 13 11	0.0128205128
19 50 1	0.0909090909
19 8 49	0.0490797546
24 6 78	0.2083333333
3 6 78	0.0964912281
24 3 78	0.2000000000
15 78 3	0.0119904077
56 54 59	0.1470588235
24 52 52	0.0687022901
24 52 59	0.1372549020
24 46 3	0.1081081081
22 53 6	0.0857142857
15 49 78	0.0833333333
7 50 31	0.0943396226
46 59 78	0.1285714286
7 6 10	0.0122807018
7 42 52	0.1500000000
15 56 1	0.1724137931
20 32 59	0.1300000000
7 15 17	0.0704225352
51 7 10	0.0127118644
5 75 18	0.0750853242
51 56 11	0.0178571429
82 29 56	0.1304347826
3 47 23	0.1234567901
75 3 78	0.1363636364
82 52 46	0.0909090909
51 19 13	0.0604026846
7 1 11	0.0065359477
7 50 46	0.1379310345
4 59 52	0.0900000000
46 59 48	0.0666666667
56 84 0	0.1558441558
56 7 3	0.1466666667
4 0 56	0.3500000000
7 13 60	0.1625000000
4 59 14	0.2666666667
53 15 89	0.2000000000
66 19 46	0.1428571429
52 53 56	0.1864406780
51 3 60	0.1250000000
3 1 48	0.1607142857
7 77 23	0.1090909091
3 48 32	0.1290322581
15 46 3	0.3000000000
48 51 15	0.4000000000
15 57 49	0.0645161290
2 7 3	0.1200000000
56 57 48	0.0769230769
20 4 31	0.2051282051
2 15 13	0.1000000000
75 4 3	0.0458015267
15 78 60	0.3703703704
7 8 52	0.1393442623
56 1 49	0.0661157025
56 11 1	0.2291666667
48 15 59	0.2142857143
77 1 46	0.2105263158
48 3 6	0.1176470588
3 59 14	0.1809523810
64 3 14	0.3142857143
47 53 56	0.1538461538
66 48 15	0.3125000000
60 52 46	0.4000000000
52 52 49	0.0136363636
46 61 56	0.1538461538
52 48 10	0.0434782609
3 59 2	0.1250000000
48 56 59	0.2727272727
4 0 3	0.1500000000
51 56 2	0.0628571429
21 32 52	0.0526315789
21 5 59	0.0512820513
20 53 49	0.0680000000
21 4 1	0.1052631579
21 3 13	0.0166666667
21 88 46	0.1000000000
21 11 59	0.0454545455
21 50 56	0.1666666667
21 52 13	0.0327868852
5 21 6	0.0909090909
5 77 23	0.0769230769
19 32 52	0.1046511628
64 52 10	0.0750000000
22 1 78	0.0666666667
19 46 84	0.3076923077
64 29 46	0.1485148515
24 6 14	0.0454545455
24 1 78	0.1176470588
19 57 46	0.1800000000
24 13 46	0.1818181818
15 8 35	0.2222222222
75 36 85	0.0689655172
2 20 49	0.0377358491
56 2 59	0.1304347826
19 2 52	0.0508474576
24 69 21	0.1904761905
24 14 1	0.1481481481
19 7 59	0.0625000000
19 4 1	0.2608695652
3 13 1	0.1901840491
21 32 6	0.0400000000
21 0 15	0.3076923077
21 20 52	0.0909090909
21 46 3	0.0851063830
3 14 52	0.1158798283
21 3 46	0.0937500000
21 1 46	0.1944444444
21 63 38	0.2857142857
5 2 3	0.0877192982
5 15 63	0.1875000000
4 49 60	0.1600000000
7 52 48	0.1637010676
20 70 1	0.2307692308
7 57 10	0.0438596491
47 52 15	0.5000000000
66 22 10	0.0666666667
47 21 15	0.5000000000
7 8 56	0.1000000000
2 56 59	0.1250000000
20 2 46	0.1525423729
75 4 46	0.2207792208
20 32 10	0.0327868852
7 54 6	0.0850000000
56 8 6	0.1094527363
2 3 1	0.2063492063
75 52 31	0.0731707317
3 1 78	0.1666666667
3 59 11	0.0250000000
5 64 29	0.0363636364
51 48 7	0.1120000000
51 77 1	0.0263157895
82 4 3	0.0851063830
82 18 13	0.0543478261
20 2 59	0.1157024793
77 4 49	0.0526315789
51 3 57	0.0105263158
46 63 52	0.1224489796
21 66 56	0.1063829787
21 73 31	0.1111111111
21 47 13	0.0465116279
3 77 1	0.1428571429
4 46 1	0.1333333333
15 39 17	0.3846153846
52 46 63	0.2857142857
53 56 49	0.0135135135
15 89 79	0.2857142857
47 6 49	0.0125000000
52 10 17	0.2857142857
22 46 89	0.1428571429
55 22 46	0.1818181818
55 46 3	0.1818181818
22 52 13	0.0144927536
24 3 46	0.1627906977
24 14 10	0.1818181818
19 2 6	0.0945945946
75 52 21	0.0689655172
22 53 46	0.1200000000
3 78 1	0.1756756757
19 69 21	0.2162162162
19 3 78	0.1818181818
6 1 15	0.5000000000
60 49 15	0.3200000000
60 0 10	0.0666666667
15 17 89	0.2608695652
7 49 60	0.1360000000
20 88 3	0.0487804878
20 70 15	0.2941176471
15 69 31	0.0923076923
46 2 63	0.2000000000
7 8 1	0.2105263158
51 56 32	0.1578947368
51 19 46	0.1666666667
20 4 49	0.0677966102
7 66 63	0.1340206186
20 48 59	0.1666666667
5 21 13	0.1224489796
64 29 56	0.2191780822
75 4 59	0.0937500000
3 77 21	0.2222222222
19 49 13	0.0637450199
19 57 52	0.0754716981
24 13 3	0.0256410256
55 3 14	0.0714285714
2 20 15	0.2500000000
19 52 78	0.1395348837
21 6 6	0.0280373832
21 63 48	0.1250000000
20 78 13	0.0782608696
51 64 46	0.0652173913
15 84 43	0.2000000000
20 64 46	0.1304347826
20 46 1	0.1666666667
20 68 15	0.4615384615
7 15 38	0.2222222222
7 42 1	0.1428571429
56 59 1	0.2098765432
64 3 1	0.1714285714
56 63 3	0.3636363636
56 78 78	0.1627906977
7 32 10	0.0273972603
7 4 10	0.0666666667
7 59 2	0.0833333333
4 59 6	0.0918918919
56 56 49	0.0571428571
15 63 56	0.2250000000
56 11 59	0.1578947368
56 7 59	0.2380952381
20 52 60	0.0935251799
7 10 0	0.1111111111
77 21 10	0.0408163265
3 70 7	0.1147540984
75 18 1	0.0892857143
7 14 48	0.1538461538
7 11 32	0.0256410256
77 23 46	0.2359550562
15 0 60	0.0294117647
75 3 60	0.2000000000
56 1 14	0.3513513514
56 66 49	0.1379310345
75 9 7	0.1304347826
24 6 15	0.2666666667
22 49 78	0.1818181818
22 53 1	0.1304347826
24 54 6	0.0600000000
7 52 10	0.0229166667
15 89 0	0.0608695652
24 13 49	0.0877192982
20 3 2	0.0492424242
3 50 29	0.0300751880
5 21 59	0.2153846154
3 70 18	0.0465116279
75 24 1	0.0990099010
7 0 13	0.0769230769
15 48 57	0.0833333333
3 68 7	0.0400000000
6 78 49	0.0096153846
53 15 17	0.1016949153
66 56 49	0.0055865922
60 13 49	0.0571428571
47 31 56	0.2962962963
52 46 38	0.3750000000
54 50 10	0.0769230769
56 6 78	0.1285714286
56 70 3	0.1267605634
7 54 3	0.0983146067
47 31 15	0.3600000000
66 56 63	0.2800000000
53 49 46	0.2857142857
53 46 48	0.2500000000
52 13 49	0.0074441687
54 65 15	0.3333333333
60 7 10	0.1111111111
6 7 15	0.5000000000
21 49 15	0.2727272727
21 14 3	0.0555555556
21 47 3	0.0281690141
3 46 46	0.2370370370
15 0 15	0.1333333333
56 48 14	0.2222222222
4 59 2	0.1000000000
5 3 78	0.1250000000
3 10 63	0.3333333333
56 88 49	0.0689655172
15 75 18	0.1011235955
7 0 3	0.0622568093
64 24 13	0.0492957746
82 52 52	0.0930232558
2 56 49	0.0405405405
20 11 52	0.1003344482
20 47 10	0.0142857143
5 20 15	0.2666666667
20 14 13	0.0833333333
56 2 11	0.0588235294
56 47 13	0.0684523810
3 50 31	0.0975609756
66 85 48	0.2857142857
6 66 17	0.3750000000
15 69 21	0.2000000000
48 51 7	0.1600000000
15 0 43	0.5000000000
20 52 2	0.0669456067
19 50 29	0.0487804878
24 49 13	0.0347826087
3 57 14	0.0307692308
24 13 78	0.1250000000
3 32 60	0.2222222222
3 46 84	0.2424242424
19 2 1	0.2750000000
15 47 21	0.1891891892
24 49 52	0.0258064516
19 47 52	0.0802469136
7 42 3	0.2000000000
19 46 43	0.3571428571
24 68 3	0.1111111111
55 3 59	0.0750000000
3 78 52	0.0933333333
19 57 49	0.0390243902
19 10 17	0.2222222222
75 18 14	0.1304347826
24 78 52	0.1219512195
55 29 56	0.1875000000
7 50 23	0.1250000000
24 52 46	0.1940298507
4 0 15	0.4666666667
20 67 7	0.3461538462
56 77 21	0.1351351351
56 67 7	0.2941176471
5 82 18	0.0480769231
51 19 3	0.1166666667
75 36 15	0.2068965517
20 7 13	0.0350877193
77 21 2	0.0153846154
3 10 0	0.1333333333
20 48 46	0.1578947368
54 10 63	0.1666666667
53 4 63	0.2222222222
60 6 15	0.5000000000
52 70 15	0.3636363636
60 46 63	0.2727272727
66 85 46	0.1666666667
7 0 10	0.0153846154
47 46 48	0.2857142857
7 7 13	0.0424242424
56 32 32	0.3250000000
56 2 13	0.0574712644
15 63 3	0.2888888889
15 33 17	0.5000000000
51 24 52	0.0800000000
24 3 13	0.0389610390
19 6 78	0.1666666667
7 57 14	0.0487804878
19 6 29	0.0256410256
19 46 89	0.2727272727
19 46 46	0.2291666667
24 59 52	0.0694444444
15 14 52	0.0760869565
15 14 78	0.3846153846
4 49 52	0.1459459459
56 54 6	0.1071428571
20 46 6	0.0825688073
51 24 13	0.0779220779
51 75 46	0.2413793103
7 3 10	0.0246305419
77 1 48	0.0731707317
3 10 85	0.0816326531
20 1 14	0.1546391753
5 15 17	0.0373333333
4 59 48	0.2222222222
5 20 10	0.0519480519
60 66 85	0.3076923077
6 49 49	0.0095693780
53 20 46	0.3409090909
7 2 60	0.1200000000
7 4 6	0.0796019900
3 8 13	0.0848484848
56 50 6	0.1428571429
56 14 3	0.0466321244
56 57 6	0.1149425287
20 7 10	0.1290322581
7 7 15	0.2400000000
15 59 48	0.1395348837
15 2 57	0.1666666667
20 49 11	0.0259740260
2 15 59	0.1538461538
19 2 13	0.0684931507
19 8 10	0.0895522388
19 2 49	0.0808823529
3 46 2	0.0252525253
56 4 1	0.3000000000
56 11 46	0.1111111111
47 46 46	0.3750000000
54 1 15	0.5000000000
66 85 17	0.0740740741
47 7 46	0.2631578947
6 10 43	0.4444444444
19 59 3	0.0500000000
24 3 32	0.2000000000
24 59 3	0.0704225352
56 8 49	0.0628272251
24 65 15	0.3888888889
55 36 3	0.0322580645
19 7 1	0.1267605634
24 4 10	0.0769230769
24 6 13	0.0340136054
22 6 46	0.1818181818
22 50 46	0.0769230769
3 70 15	0.4117647059
19 7 46	0.1690140845
51 4 49	0.1384615385
20 6 78	0.1271676301
51 64 29	0.0160857909
51 56 84	0.2195121951
56 50 59	0.1111111111
20 10 0	0.1555555556
48 20 1	0.1666666667
7 0 52	0.0851063830
5 56 78	0.2181818182
20 88 52	0.1538461538
19 50 3	0.0431034483
2 20 59	0.0869565217
2 56 6	0.1063829787
56 53 52	0.1290322581
15 11 32	0.2500000000
3 6 11	0.0103626943
56 57 10	0.0172413793
53 1 49	0.0181818182
6 11 10	0.0800000000
48 7 52	0.1276595745
82 29 52	0.1562500000
77 6 46	0.1538461538
2 64 46	0.0869565217
15 56 13	0.0566037736
20 70 46	0.0400000000
48 56 52	0.1190476190
20 48 52	0.1818181818
48 56 17	0.0625000000
3 66 59	0.1756756757
15 46 46	0.2608695652
46 63 2	0.0819672131
20 46 2	0.0174418605
20 59 32	0.2105263158
21 59 3	0.0202702703
21 54 46	0.1052631579
15 52 15	0.3000000000
21 59 52	0.0483870968
6 10 63	0.1666666667
67 31 49	0.0400000000
54 14 15	0.5000000000
3 50 21	0.1724137931
48 5 3	0.1666666667
56 2 60	0.3076923077
15 48 13	0.1082802548
22 53 56	0.2272727273
22 7 1	0.0769230769
22 66 7	0.0408163265
22 65 15	0.3846153846
19 14 3	0.1200000000
55 22 3	0.0588235294
15 43 17	0.0779220779
22 1 46	0.1707317073
3 8 59	0.0862068966
56 50 31	0.1463414634
56 53 59	0.2142857143
5 15 6	0.1042471042
52 4 10	0.1111111111
60 66 43	0.2857142857
67 31 46	0.3529411765
52 50 10	0.1333333333
56 7 6	0.0857142857
4 63 1	0.0857142857
5 48 56	0.2500000000
56 32 2	0.1400000000
5 46 46	0.1666666667
5 7 10	0.0304568528
46 63 89	0.0606060606
64 29 7	0.0718954248
20 42 49	0.0555555556
56 50 52	0.0393700787
20 42 52	0.1000000000
7 15 84	0.2222222222
15 48 32	0.5000000000
20 78 6	0.0593220339
5 21 49	0.1090909091
75 24 59	0.1320754717
82 18 7	0.1224489796
3 8 56	0.1500000000
64 80 56	0.1250000000
5 7 11	0.0190476190
56 46 2	0.0303030303
3 69 1	0.0806451613
56 1 11	0.0217391304
56 49 11	0.0123456790
19 14 1	0.0606060606
19 6 3	0.0633187773
19 68 46	0.1764705882
24 49 7	0.0862068966
24 14 52	0.0476190476
22 65 46	0.0909090909
24 1 13	0.0210526316
22 32 52	0.0400000000
64 3 10	0.0113636364
6 48 10	0.0370370370
75 30 46	0.2173913043
3 67 56	0.1764705882
24 66 7	0.0888888889
19 68 15	0.4545454545
22 59 6	0.0526315789
20 3 48	0.0819672131
20 70 18	0.0505050505
7 8 35	0.1176470588
20 10 38	0.1111111111
21 59 14	0.1333333333
3 52 11	0.0140845070
2 15 89	0.1428571429
20 59 14	0.3333333333
24 14 6	0.0281690141
19 67 3	0.1176470588
20 78 1	0.1964285714
48 56 13	0.0952380952
3 68 3	0.2127659574
5 46 59	0.1904761905
21 66 63	0.0909090909
51 15 38	0.2941176471
46 46 2	0.0476190476
20 14 3	0.0718954248
82 4 1	0.1250000000
60 66 17	0.2857142857
6 14 10	0.1428571429
52 14 49	0.0263157895
7 66 49	0.1250000000
15 13 60	0.2000000000
56 67 23	0.0600000000
75 52 1	0.0612244898
75 24 13	0.0737704918
20 65 7	0.1474358974
56 4 49	0.0555555556
56 4 31	0.2352941176
46 20 1	0.2285714286
64 30 62	0.0099009901
3 66 49	0.1300000000
3 10 43	0.1500000000
2 15 48	0.2500000000
47 8 46	0.2500000000
54 2 46	0.2962962963
60 54 46	0.3157894737
54 68 46	0.2352941176
54 10 43	0.2857142857
19 78 49	0.0459770115
7 67 56	0.1200000000
55 18 15	0.3125000000
22 10 15	0.0666666667
3 13 10	0.0079051383
19 49 10	0.0277777778
24 2 6	0.0769230769
22 66 15	0.2727272727
24 6 60	0.0769230769
19 52 3	0.0401234568
19 49 78	0.3333333333
3 14 2	0.0400000000
56 84 43	0.2222222222
46 63 63	0.1794871795
5 75 3	0.1830985915
15 33 43	0.2000000000
15 3 10	0.0111111111
24 3 60	0.1250000000
3 14 14	0.0714285714
3 78 2	0.0819672131
24 69 31	0.0689655172
7 4 3	0.0902777778
19 67 1	0.0769230769
15 67 31	0.1387283237
47 54 46	0.3157894737
60 57 46	0.3000000000
53 32 46	0.2941176471
52 14 15	0.5000000000
24 52 15	0.2666666667
20 67 56	0.2105263158
22 50 3	0.0476190476
21 1 2	0.1052631579
21 63 2	0.1333333333
21 66 17	0.1666666667
21 6 49	0.0359712230
15 2 0	0.0574712644
56 59 48	0.1358024691
3 32 10	0.0111111111
24 1 59	0.0851063830
24 4 3	0.0625000000
24 13 48	0.0882352941
19 3 48	0.0864197531
20 64 3	0.0845070423
20 59 48	0.0895522388
20 50 29	0.0236686391
7 42 59	0.1764705882
56 50 29	0.0517241379
82 29 7	0.0487804878
46 48 59	0.2000000000
3 69 31	0.1180124224
3 46 38	0.2051282051
3 54 59	0.1447368421
46 46 1	0.1428571429
46 48 63	0.2258064516
82 3 32	0.2000000000
56 14 59	0.1333333333
20 69 31	0.1038961039
56 84 17	0.0408163265
56 8 1	0.2586206897
7 66 85	0.1578947368
51 3 11	0.0110701107
60 3 46	0.3076923077
47 49 15	0.3200000000
7 88 52	0.1000000000
7 78 2	0.1445783133
7 70 46	0.1851851852
20 49 10	0.0101010101
77 2 23	0.1200000000
7 88 3	0.0769230769
19 47 23	0.1428571429
19 10 3	0.1666666667
24 49 15	0.3181818182
24 46 52	0.0967741935
19 52 1	0.1630434783
48 15 78	0.1250000000
82 3 14	0.1538461538
15 3 2	0.0666666667
21 52 59	0.0500000000
56 50 23	0.1500000000
56 53 6	0.0819672131
20 50 23	0.1500000000
7 32 14	0.1052631579
7 42 13	0.0689655172
7 14 13	0.0672268908
2 46 59	0.0833333333
2 15 14	0.1428571429
64 3 32	0.2558139535
48 7 32	0.1538461538
48 15 52	0.0800000000
7 50 59	0.1578947368
3 66 17	0.2500000000
19 50 23	0.1200000000
7 60 2	0.0555555556
51 55 46	0.2380952381
15 46 43	0.3043478261
60 2 46	0.2500000000
53 46 43	0.2857142857
60 46 17	0.0428571429
21 6 48	0.0312500000
15 46 17	0.0340909091
51 56 38	0.3157894737
7 49 0	0.0106382979
15 2 60	0.2173913043
24 66 15	0.2380952381
22 13 6	0.0588235294
22 6 10	0.0555555556
55 18 52	0.0294117647
55 24 46	0.1851851852
24 52 14	0.2000000000
24 8 13	0.0285714286
53 4 46	0.3000000000
52 8 10	0.0500000000
53 15 38	0.2857142857
60 52 49	0.0112359551
66 85 38	0.1666666667
56 42 49	0.0555555556
22 17 46	0.0833333333
22 3 63	0.1000000000
24 6 48	0.0555555556
21 57 46	0.1250000000
21 8 46	0.1578947368
7 60 32	0.1351351351
77 4 52	0.0869565217
54 46 43	0.4444444444
52 59 10	0.0238095238
6 46 89	0.2500000000
15 3 11	0.0158730159
56 50 1	0.0684931507
24 10 3	0.0555555556
24 49 49	0.0163934426
22 49 46	0.1379310345
19 46 38	0.1250000000
77 21 52	0.0696517413
7 68 3	0.1666666667
7 0 59	0.1755725191
16 50 6	0.1111111111
77 23 60	0.1111111111
7 6 11	0.0074906367
24 47 52	0.0769230769
22 32 6	0.0238095238
22 52 31	0.1250000000
55 18 7	0.1000000000
19 59 60	0.1875000000
3 46 48	0.3243243243
24 53 52	0.0588235294
3 47 10	0.0145985401
55 29 15	0.2500000000
20 13 57	0.0163934426
15 63 79	0.5000000000
53 5 56	0.1538461538
15 10 43	0.2083333333
15 33 56	0.2250000000
3 54 1	0.1694915254
4 63 89	0.1000000000
46 67 15	0.3636363636
19 54 52	0.0937500000
3 52 60	0.0564102564
22 57 46	0.1052631579
22 88 52	0.0833333333
22 13 63	0.1111111111
55 24 6	0.0500000000
19 59 14	0.1818181818
24 46 6	0.0303030303
20 54 1	0.1974522293
77 6 18	0.0350877193
20 67 3	0.1212121212
21 57 1	0.1250000000
3 66 85	0.1818181818
46 2 49	0.1034482759
21 59 2	0.1200000000
21 11 6	0.0270270270
6 68 15	0.2500000000
50 30 62	0.0540540541
3 11 2	0.0129870130
3 66 63	0.1538461538
20 3 11	0.0222222222
56 50 18	0.0809248555
5 7 48	0.1200000000
7 49 2	0.0212089077
19 66 79	0.0666666667
19 52 60	0.0465116279
22 2 6	0.0769230769
22 14 1	0.1111111111
7 66 79	0.1363636364
56 0 10	0.0222222222
56 49 0	0.0396825397
46 59 60	0.0731707317
3 50 23	0.1250000000
56 66 46	0.1041666667
56 53 49	0.0853658537
56 4 6	0.0846153846
75 3 11	0.0526315789
51 56 57	0.0175438596
56 56 46	0.1052631579
24 13 2	0.0540540541
5 4 63	0.0810810811
24 13 13	0.0520833333
15 56 49	0.0315789474
51 22 49	0.0322580645
20 15 63	0.1304347826
20 50 52	0.0246913580
47 31 49	0.0400000000
66 33 56	0.3750000000
47 2 46	0.2500000000
56 88 46	0.0666666667
51 22 1	0.1428571429
48 46 63	0.2000000000
82 18 1	0.0909090909
47 6 15	0.5000000000
3 11 1	0.1964285714
64 30 3	0.1860465116
3 64 3	0.0880000000
19 47 13	0.0305343511
24 3 1	0.1111111111
82 3 52	0.0340909091
56 0 11	0.0206185567
82 52 1	0.1111111111
24 52 3	0.0534351145
5 3 2	0.0211267606
3 50 49	0.0607476636
77 4 46	0.2222222222
15 13 78	0.2210526316
20 6 29	0.0192307692
3 64 46	0.0697674419
75 18 2	0.0108108108
82 52 31	0.1176470588
15 48 0	0.0857142857
19 78 10	0.1176470588
19 47 10	0.0571428571
24 8 52	0.0227272727
55 18 17	0.1666666667
21 8 52	0.0769230769
20 42 46	0.2000000000
19 78 3	0.0655737705
24 1 1	0.1851851852
3 78 14	0.1785714286
56 60 48	0.1428571429
7 67 1	0.0588235294
6 0 63	0.2222222222
54 46 89	0.1250000000
22 49 49	0.0266666667
64 46 17	0.0937500000
2 56 3	0.1052631579
64 30 18	0.0454545455
15 14 13	0.0380952381
15 60 2	0.1636363636
82 18 59	0.1111111111
48 15 14	0.2857142857
75 3 2	0.0338983051
51 7 11	0.0158730159
19 52 31	0.2800000000
19 57 13	0.0451127820
3 67 1	0.0534351145
24 59 2	0.0526315789
15 47 23	0.0961538462
56 65 3	0.1684210526
15 64 46	0.0476190476
3 59 57	0.0247933884
7 14 59	0.0786516854
19 13 78	0.0588235294
22 60 46	0.1428571429
19 88 52	0.1052631579
24 6 3	0.0478087649
52 14 46	0.3600000000
52 46 84	0.4444444444
15 32 59	0.2100000000
48 5 7	0.1000000000
82 3 78	0.0555555556
15 6 60	0.0619469027
48 7 3	0.0833333333
2 15 78	0.2222222222
75 3 48	0.0344827586
20 1 11	0.0072992701
56 70 15	0.1578947368
2 56 48	0.1875000000
56 48 0	0.0857142857
15 2 46	0.1707317073
5 77 1	0.0561797753
19 32 10	0.0869565217
24 8 46	0.1714285714
20 69 21	0.1509433962
4 67 56	0.1333333333
75 36 43	0.0909090909
64 36 79	0.2105263158
20 13 2	0.0476190476
3 14 78	0.1071428571
15 52 14	0.1497005988
7 69 1	0.0487804878
2 3 10	0.0431034483
24 11 49	0.0258620690
24 42 1	0.1250000000
52 46 17	0.0361445783
54 46 48	0.4444444444
52 66 79	0.1250000000
6 59 49	0.0080000000
54 10 17	0.0909090909
56 14 2	0.0833333333
46 46 46	0.2400000000
51 15 89	0.0952380952
77 4 59	0.1428571429
19 52 32	0.1951219512
19 88 46	0.2000000000
22 52 52	0.0219780220
24 78 1	0.2692307692
52 11 10	0.0555555556
60 47 46	0.3750000000
3 78 78	0.1935483871
56 77 23	0.0400000000
21 73 1	0.0909090909
77 21 78	0.2424242424
56 57 57	0.0188679245
48 7 59	0.2000000000
20 46 84	0.2258064516
15 63 89	0.2727272727
53 68 46	0.1818181818
50 18 46	0.1818181818
52 10 85	0.3076923077
15 89 85	0.2307692308
47 13 46	0.2500000000
21 13 1	0.1052631579
21 46 52	0.0512820513
77 21 32	0.1891891892
53 48 15	0.3000000000
7 6 29	0.0227272727
21 6 15	0.1000000000
20 4 46	0.1071428571
21 60 13	0.0476190476
15 49 2	0.0046403712
56 7 13	0.0681818182
64 36 15	0.2820512821
7 15 0	0.0898876404
15 67 1	0.0679611650
15 48 11	0.0833333333
3 3 11	0.0227272727
51 79 56	0.2000000000
22 3 59	0.0882352941
3 11 10	0.0373831776
55 29 7	0.0476190476
19 6 14	0.1219512195
7 68 7	0.0983606557
82 29 1	0.0909090909
56 42 46	0.2000000000
7 67 3	0.0666666667
46 46 48	0.1000000000
19 59 2	0.0937500000
15 69 1	0.0555555556
19 52 2	0.0454545455
64 30 46	0.1463414634
56 46 17	0.0155038760
7 75 3	0.1818181818
19 49 18	0.0410958904
19 11 52	0.0833333333
5 3 10	0.0588235294
15 2 59	0.0957446809
7 48 1	0.1538461538
56 65 46	0.1304347826
56 57 14	0.0256410256
16 50 52	0.0769230769
56 68 15	0.0909090909
77 1 10	0.0327868852
2 15 60	0.2500000000
19 1 48	0.0769230769
19 10 7	0.0724637681
56 64 29	0.0079365079
19 1 32	0.1836734694
24 8 1	0.0952380952
54 1 49	0.0119760479
6 46 48	0.4444444444
54 52 49	0.0126582278
82 3 13	0.0465116279
7 3 11	0.0055248619
20 64 29	0.0220588235
15 3 31	0.2105263158
56 78 3	0.0380622837
46 50 7	0.1290322581
4 49 1	0.1000000000
19 67 7	0.2142857143
64 9 15	0.3571428571
56 3 31	0.2500000000
2 46 63	0.2500000000
56 46 63	0.1636363636
20 14 10	0.1176470588
20 1 15	0.2800000000
2 75 3	0.0800000000
24 11 6	0.0666666667
3 6 10	0.0076726343
46 49 32	0.1702127660
64 52 31	0.0487804878
24 52 32	0.1111111111
19 6 15	0.3000000000
22 66 17	0.1666666667
22 59 3	0.0232558140
24 46 46	0.2380952381
24 75 18	0.0769230769
19 49 1	0.1333333333
24 4 46	0.1904761905
24 47 49	0.0434782609
19 59 6	0.0714285714
22 3 78	0.0714285714
55 19 46	0.1176470588
5 3 14	0.1066666667
46 49 14	0.0666666667
20 10 17	0.0333333333
21 70 15	0.1250000000
5 56 63	0.2000000000
3 88 46	0.2000000000
82 9 3	0.1000000000
48 51 3	0.0975609756
15 77 49	0.2222222222
20 32 13	0.0548780488
3 3 57	0.0222222222
77 1 15	0.3600000000
20 7 59	0.1250000000
46 48 17	0.0555555556
52 46 89	0.1250000000
54 7 10	0.1111111111
60 53 56	0.1666666667
53 46 17	0.0750000000
7 48 14	0.1935483871
60 59 46	0.2500000000
54 46 38	0.3750000000
52 57 49	0.0200000000
53 50 46	0.2000000000
56 53 46	0.0735294118
15 6 57	0.0080645161
48 3 52	0.0789473684
15 6 11	0.0089285714
51 7 48	0.0392156863
60 1 49	0.0186915888
15 17 38	0.2000000000
52 68 46	0.1818181818
21 51 46	0.1666666667
77 4 6	0.0967741935
56 84 2	0.0476190476
64 29 1	0.1142857143
7 50 10	0.0416666667
53 11 46	0.2352941176
66 55 46	0.1818181818
48 4 46	0.1250000000
56 50 13	0.1044776119
20 14 49	0.0430107527
21 1 59	0.0645161290
20 10 85	0.1600000000
64 46 43	0.1250000000
4 46 63	0.2000000000
66 3 10	0.0441176471
66 15 84	0.2857142857
20 6 60	0.0694444444
20 1 10	0.0205761317
47 14 10	0.1428571429
64 24 52	0.0659898477
21 1 49	0.0303030303
21 50 15	0.2000000000
21 4 52	0.1111111111
24 59 6	0.0519480519
19 8 52	0.0652173913
7 11 2	0.0105263158
47 66 85	0.2222222222
3 88 13	0.0810810811
22 13 46	0.1875000000
22 3 60	0.0909090909
55 22 52	0.0312500000
24 47 23	0.1000000000
64 52 49	0.0262295082
55 18 10	0.0833333333
19 4 31	0.2000000000
56 32 60	0.1500000000
20 70 29	0.0109890110
53 78 46	0.2000000000
46 39 79	0.1666666667
53 2 46	0.2222222222
52 59 49	0.0036764706
7 49 11	0.0153061224
7 3 57	0.0056818182
7 59 57	0.0064102564
22 47 3	0.0192307692
75 3 32	0.1714285714
3 10 79	0.1875000000
55 46 89	0.1428571429
55 18 1	0.0833333333
55 4 3	0.0303030303
24 66 17	0.1666666667
24 59 1	0.2083333333
15 84 63	0.2000000000
2 7 15	0.3000000000
56 88 52	0.1052631579
15 14 46	0.1739130435
48 3 13	0.0303030303
2 7 46	0.1304347826
19 3 3	0.0265486726
3 32 14	0.0444444444
75 52 13	0.0322580645
4 46 89	0.1000000000
60 70 15	0.2500000000
53 5 15	0.1538461538
52 60 49	0.0149253731
6 50 10	0.0714285714
6 8 10	0.0540540541
56 3 10	0.0122448980
15 60 57	0.0588235294
2 51 7	0.0851063830
21 66 85	0.1111111111
21 11 3	0.0588235294
4 63 3	0.1428571429
2 3 48	0.0375000000
21 52 3	0.0491803279
21 14 46	0.1764705882
21 52 15	0.1000000000
6 68 46	0.2608695652
47 46 17	0.0333333333
22 13 48	0.0555555556
22 4 49	0.1666666667
22 3 32	0.0833333333
82 18 11	0.0666666667
56 11 11	0.0196078431
56 75 3	0.2142857143
77 21 1	0.1506849315
48 56 3	0.1200000000
48 4 63	0.1111111111
24 54 52	0.0270270270
19 46 48	0.2727272727
22 52 1	0.1363636364
52 14 10	0.0833333333
56 4 59	0.0909090909
15 63 38	0.2000000000
19 66 17	0.1250000000
19 78 6	0.0307692308
19 6 1	0.1521739130
19 50 18	0.0396825397
19 53 52	0.0491803279
47 4 10	0.0769230769
56 2 1	0.2250000000
64 52 3	0.0558659218
75 3 57	0.0487804878
82 24 49	0.0357142857
24 78 49	0.0389610390
51 7 60	0.0588235294
15 11 48	0.1666666667
7 32 48	0.0909090909
46 73 6	0.0508474576
56 42 1	0.1250000000
7 66 43	0.1666666667
60 46 48	0.2857142857
66 79 84	0.2857142857
24 53 6	0.0370370370
22 13 3	0.0263157895
22 65 7	0.1000000000
51 56 60	0.1081081081
7 60 78	0.0545454545
21 6 59	0.0512820513
21 2 1	0.1052631579
21 7 6	0.0208333333
21 52 49	0.0113636364
21 52 14	0.1538461538
2 15 52	0.0800000000
48 5 15	0.1666666667
82 29 2	0.0270270270
56 61 6	0.1219512195
15 78 48	0.0769230769
2 56 0	0.0416666667
24 4 52	0.0322580645
3 57 10	0.0303030303
21 63 3	0.0952380952
21 13 46	0.0740740741
20 15 2	0.0769230769
7 48 32	0.0476190476
75 36 79	0.1764705882
22 1 10	0.0740740741
22 59 59	0.0476190476
24 49 18	0.0322580645
19 8 6	0.0357142857
19 53 6	0.0923076923
75 4 52	0.0337078652
56 60 3	0.0458015267
3 3 31	0.1875000000
82 29 15	0.2068965517
75 18 48	0.0307692308
46 39 43	0.1666666667
53 10 43	0.1666666667
54 11 10	0.0476190476
3 60 2	0.0555555556
48 7 60	0.1000000000
19 54 13	0.0500000000
19 14 6	0.0483870968
19 13 1	0.2200000000
19 59 1	0.2307692308
3 2 78	0.0322580645
75 18 79	0.1250000000
22 32 59	0.0909090909
55 24 59	0.0588235294
6 2 49	0.0093457944
54 46 84	0.2857142857
46 39 56	0.1666666667
7 78 10	0.0305343511
15 47 10	0.0370370370
7 78 48	0.0454545455
20 88 13	0.0566037736
3 77 23	0.1000000000
20 48 1	0.1176470588
21 59 59	0.0370370370
21 11 13	0.0408163265
24 13 32	0.2142857143
7 3 31	0.2727272727
51 22 59	0.1538461538
55 36 56	0.3000000000
56 54 1	0.2200000000
53 49 49	0.0212765957
15 57 57	0.2857142857
15 11 60	0.1666666667
21 49 1	0.0500000000
55 4 6	0.0312500000
55 52 3	0.0307692308
56 42 3	0.2000000000
56 1 1	0.1780821918
2 3 78	0.0465116279
46 49 48	0.0882352941
15 56 6	0.0259740260
21 51 63	0.1250000000
56 2 14	0.0833333333
82 3 57	0.0588235294
15 32 2	0.1951219512
48 56 2	0.0769230769
82 3 46	0.0789473684
22 3 3	0.0135135135
22 6 6	0.0259740260
3 4 13	0.0336134454
2 15 6	0.0769230769
15 89 56	0.2083333333
24 54 1	0.1304347826
24 46 63	0.0714285714
15 46 84	0.1333333333
19 13 14	0.0967741935
19 4 6	0.0555555556
46 20 49	0.0595238095
7 52 57	0.0077821012
53 48 56	0.0833333333
53 3 10	0.0370370370
53 20 10	0.1052631579
75 80 56	0.1250000000
21 14 1	0.0769230769
21 4 31	0.1111111111
46 49 2	0.0588235294
21 1 15	0.1000000000
24 66 79	0.1250000000
55 52 10	0.0625000000
19 2 46	0.2045454545
19 3 10	0.0259740260
53 15 43	0.1666666667
4 63 48	0.0500000000
48 15 32	0.2500000000
82 3 60	0.2000000000
24 50 18	0.0309278351
19 4 3	0.1000000000
46 51 59	0.1578947368
24 46 1	0.0400000000
24 10 79	0.1666666667
22 46 84	0.1428571429
21 47 31	0.0588235294
53 53 56	0.1785714286
54 10 79	0.1666666667
52 46 48	0.4444444444
75 46 46	0.0909090909
48 56 6	0.0681818182
82 18 52	0.0804597701
56 49 14	0.0701754386
56 78 14	0.0952380952
24 6 59	0.0649350649
55 52 21	0.0769230769
24 52 31	0.1111111111
22 49 48	0.0454545455
19 67 56	0.2727272727
46 46 17	0.0234375000
21 1 13	0.0317460317
20 15 38	0.1818181818
56 42 59	0.1111111111
82 24 6	0.0769230769
24 59 59	0.0800000000
75 52 59	0.0769230769
22 49 59	0.0909090909
66 43 38	0.1666666667
54 66 17	0.1666666667
19 54 3	0.0833333333
19 46 52	0.0454545455
6 10 79	0.3750000000
7 59 10	0.0176470588
2 15 17	0.0800000000
3 52 57	0.0141509434
20 4 59	0.0769230769
46 2 59	0.0526315789
20 0 10	0.0338983051
64 29 32	0.2000000000
3 77 49	0.1666666667
48 77 21	0.1538461538
64 29 10	0.0571428571
19 32 13	0.0275862069
82 24 59	0.0476190476
20 57 10	0.0253164557
5 21 52	0.1111111111
82 29 13	0.0487804878
20 14 59	0.0769230769
24 42 59	0.1111111111
56 46 84	0.2105263158
56 13 57	0.0109890110
7 81 54	0.0526315789
15 3 57	0.0170940171
5 56 17	0.0183486239
20 15 84	0.0909090909
19 50 49	0.0329670330
51 2 15	0.1500000000
21 60 6	0.0666666667
21 46 2	0.1428571429
21 63 0	0.0178571429
46 50 56	0.2222222222
21 11 46	0.1034482759
2 15 46	0.2142857143
19 46 3	0.1617647059
82 4 52	0.1212121212
48 7 46	0.1470588235
5 15 57	0.0909090909
22 32 46	0.2105263158
24 46 38	0.1250000000
22 57 49	0.0303030303
19 48 46	0.1515151515
21 53 3	0.0204081633
15 11 11	0.2857142857
64 3 57	0.0204081633
47 49 49	0.0256410256
22 53 3	0.0161290323
55 18 79	0.1666666667
15 49 60	0.0434782609
56 56 13	0.0476190476
22 57 10	0.1111111111
19 50 10	0.1052631579
21 47 6	0.0379746835
21 88 6	0.0666666667
46 59 14	0.1428571429
56 42 52	0.1000000000
24 50 10	0.0769230769
20 88 59	0.1500000000
56 54 52	0.1011235955
15 52 60	0.0491803279
56 56 52	0.0588235294
56 63 85	0.1428571429
24 4 13	0.0312500000
24 52 1	0.1707317073
55 18 46	0.1724137931
22 11 6	0.0769230769
7 78 60	0.1379310345
24 14 15	0.2000000000
46 63 6	0.0500000000
60 10 15	0.0769230769
48 15 43	0.1666666667
56 48 32	0.0789473684
56 60 32	0.2631578947
56 49 29	0.0155038760
21 6 32	0.0769230769
21 3 3	0.0135135135
46 46 38	0.1428571429
24 50 3	0.0416666667
19 14 52	0.1379310345
56 70 46	0.0588235294
2 15 49	0.0263157895
15 60 60	0.0476190476
2 64 3	0.1200000000
54 6 49	0.0074906367
46 48 38	0.1666666667
22 1 6	0.0126582278
22 13 1	0.0833333333
24 57 59	0.0909090909
21 46 38	0.3750000000
6 46 84	0.2857142857
75 18 57	0.0454545455
56 48 78	0.0645161290
2 5 3	0.0495049505
15 77 23	0.0750000000
6 66 46	0.0930232558
24 6 2	0.0196078431
51 15 57	0.0909090909
5 15 38	0.2222222222
24 7 49	0.0178571429
22 59 52	0.0238095238
56 17 46	0.1774193548
48 51 56	0.2500000000
56 6 10	0.0085470085
82 52 21	0.0769230769
46 49 11	0.0156250000
22 1 1	0.0344827586
24 32 46	0.1764705882
55 24 52	0.0512820513
55 18 32	0.0769230769
21 51 59	0.0769230769
4 59 1	0.0400000000
56 60 78	0.1363636364
46 46 6	0.0535714286
20 10 63	0.3333333333
20 50 10	0.0217391304
7 57 32	0.0377358491
47 46 38	0.1666666667
15 78 11	0.1250000000
7 70 1	0.0769230769
24 42 6	0.0909090909
66 79 79	0.1666666667
82 29 49	0.0526315789
24 42 3	0.1333333333
19 54 59	0.0714285714
7 15 43	0.2857142857
82 18 2	0.0615384615
19 88 13	0.0270270270
46 73 49	0.1666666667
24 14 49	0.0625000000
53 59 46	0.2222222222
66 2 56	0.1666666667
56 88 6	0.1200000000
19 59 48	0.1250000000
24 3 14	0.1000000000
21 59 32	0.0588235294
22 59 46	0.1500000000
19 1 10	0.0281690141
21 7 52	0.1034482759
60 4 10	0.1111111111
2 56 13	0.0638297872
24 68 46	0.0909090909
7 10 38	0.1111111111
20 59 60	0.1250000000
21 66 46	0.0909090909
19 3 60	0.0800000000
24 46 84	0.2222222222
2 56 1	0.1250000000
56 32 48	0.1500000000
48 3 48	0.0769230769
48 15 6	0.1111111111
15 49 29	0.0103092784
56 33 85	0.1428571429
54 66 43	0.1666666667
56 38 0	0.0800000000
47 46 89	0.1428571429
19 13 2	0.0281690141
24 54 13	0.0232558140
19 2 59	0.0666666667
67 1 49	0.0117647059
82 4 59	0.0714285714
48 3 46	0.0454545455
19 11 13	0.0354609929
52 67 15	0.1250000000
6 10 38	0.1666666667
6 78 10	0.0434782609
24 3 3	0.0243902439
24 59 14	0.1818181818
56 0 60	0.0156250000
64 3 60	0.2083333333
24 32 59	0.0714285714
24 60 59	0.1000000000
22 49 32	0.1818181818
56 68 3	0.1739130435
19 11 10	0.1176470588
22 6 49	0.0202020202
22 66 3	0.0281690141
55 18 59	0.0476190476
60 65 15	0.2000000000
24 67 7	0.1250000000
24 52 10	0.0588235294
22 7 49	0.0500000000
24 59 48	0.0769230769
2 7 10	0.1111111111
4 49 11	0.0400000000
19 49 14	0.2272727273
19 66 59	0.0243902439
77 21 60	0.0666666667
48 7 13	0.0512820513
75 46 17	0.0625000000
19 50 21	0.1904761905
15 75 3	0.0588235294
55 4 52	0.0740740741
21 49 14	0.1363636364
19 67 15	0.2142857143
20 8 3	0.0338983051
24 4 49	0.0566037736
54 49 49	0.0149253731
7 10 63	0.2222222222
3 48 60	0.0312500000
75 9 3	0.1000000000
5 15 84	0.1724137931
48 56 1	0.0833333333
24 60 52	0.0833333333
3 14 10	0.0227272727
47 70 15	0.2500000000
21 60 46	0.1000000000
46 59 10	0.0107526882
55 22 49	0.0263157895
15 38 0	0.0235294118
2 20 10	0.0256410256
24 8 6	0.0273972603
24 67 56	0.1428571429
22 0 6	0.0370370370
56 0 57	0.0206185567
4 49 2	0.1600000000
6 70 15	0.3636363636
19 2 3	0.0731707317
56 66 79	0.0500000000
3 14 59	0.0545454545
20 10 79	0.1000000000
3 10 17	0.0833333333
82 18 46	0.0192307692
77 21 48	0.2352941176
82 3 2	0.1304347826
52 78 49	0.0158730159
24 69 1	0.0645161290
15 78 57	0.1250000000
20 49 18	0.0279720280
77 6 3	0.0689655172
19 48 6	0.0563380282
75 52 23	0.0500000000
19 78 46	0.1395348837
20 6 11	0.0069930070
56 59 10	0.0053763441
20 8 10	0.0178571429
56 63 63	0.0909090909
48 20 3	0.0740740741
4 63 6	0.0400000000
7 77 49	0.0625000000
48 15 0	0.1034482759
21 50 18	0.0384615385
77 23 48	0.0540540541
56 8 35	0.1818181818
15 59 10	0.0158730159
56 4 52	0.0980392157
51 15 11	0.0909090909
20 52 11	0.0169491525
15 14 57	0.1666666667
75 4 13	0.0353982301
19 66 46	0.0563380282
22 52 15	0.2000000000
22 10 3	0.0833333333
55 52 23	0.1000000000
64 29 78	0.1000000000
56 60 1	0.0625000000
21 54 13	0.0250000000
22 2 1	0.0833333333
47 7 10	0.1111111111
48 15 63	0.2222222222
20 42 1	0.1250000000
60 46 38	0.1666666667
52 66 63	0.1111111111
48 4 59	0.2000000000
3 48 10	0.0306122449
56 60 57	0.0526315789
46 49 60	0.0322580645
48 15 2	0.1538461538
48 20 13	0.0588235294
24 11 59	0.0714285714
3 7 10	0.0606060606
21 1 6	0.0298507463
21 3 14	0.0909090909
66 85 43	0.1666666667
15 57 13	0.0555555556
54 46 63	0.3333333333
52 49 10	0.0116279070
55 24 1	0.0416666667
82 52 49	0.0240963855
3 88 6	0.1200000000
19 53 13	0.0476190476
48 77 23	0.1000000000
48 7 6	0.0833333333
75 3 10	0.0294117647
22 46 46	0.1000000000
55 18 56	0.1250000000
55 7 1	0.0833333333
20 48 13	0.0800000000
56 42 13	0.0769230769
3 6 29	0.0342465753
54 10 38	0.1666666667
2 56 78	0.1111111111
77 1 11	0.0270270270
22 46 38	0.1666666667
55 3 3	0.0097087379
19 4 46	0.0714285714
55 7 46	0.0833333333
22 8 10	0.0666666667
24 49 14	0.1250000000
20 52 57	0.0170940171
64 46 3	0.1428571429
56 17 89	0.1818181818
60 46 84	0.2857142857
8 56 46	0.1428571429
24 67 15	0.1250000000
55 3 32	0.1052631579
7 42 6	0.0434782609
7 13 57	0.0133333333
56 7 10	0.0400000000
46 49 78	0.0289855072
7 59 11	0.0068493151
64 3 11	0.0227272727
56 14 78	0.1481481481
21 20 46	0.0833333333
21 52 1	0.0500000000
22 11 1	0.0833333333
53 66 46	0.1000000000
19 60 59	0.1000000000
19 67 31	0.0975609756
19 64 3	0.0434782609
15 49 14	0.0810810811
47 32 46	0.1666666667
55 19 3	0.0434782609
5 56 84	0.1578947368
24 49 48	0.0270270270
24 46 89	0.1250000000
22 47 52	0.0238095238
20 48 49	0.0204081633
3 60 32	0.0555555556
3 78 60	0.0400000000
47 13 49	0.0571428571
19 66 63	0.0612244898
22 59 14	0.1111111111
3 4 10	0.0303030303
24 47 10	0.1333333333
24 13 14	0.1333333333
75 52 52	0.0336134454
19 11 49	0.0370370370
53 10 15	0.2000000000
66 15 43	0.1666666667
24 42 13	0.0769230769
2 15 32	0.1428571429
21 65 15	0.1666666667
47 66 17	0.1666666667
3 50 59	0.1041666667
19 48 59	0.0526315789
4 63 38	0.1000000000
22 0 59	0.1111111111
77 1 57	0.0270270270
46 49 57	0.0188679245
56 81 54	0.0909090909
56 43 63	0.0909090909
22 88 59	0.1000000000
55 3 10	0.0416666667
26 20 1	0.2352941176
15 56 52	0.0731707317
26 20 13	0.0555555556
7 42 46	0.0500000000
24 66 49	0.0833333333
19 13 32	0.0937500000
3 42 13	0.0769230769
3 6 57	0.0104712042
22 6 3	0.0253164557
56 39 56	0.1578947368
21 8 15	0.1000000000
21 66 79	0.1428571429
21 54 1	0.0555555556
6 32 49	0.0117647059
19 6 18	0.0410958904
20 11 10	0.0109890110
24 8 10	0.0400000000
55 18 14	0.1428571429
66 43 17	0.0909090909
19 60 13	0.0476190476
24 13 52	0.0373831776
19 6 32	0.2500000000
82 3 59	0.0769230769
15 57 6	0.0526315789
21 3 1	0.0666666667
24 50 29	0.0243902439
3 88 52	0.0526315789
20 53 10	0.0107526882
48 7 78	0.1111111111
22 66 79	0.1428571429
22 59 49	0.0166666667
24 52 48	0.1250000000
82 18 60	0.2142857143
19 70 7	0.1304347826
21 57 13	0.0625000000
21 14 6	0.0238095238
48 56 14	0.2000000000
3 14 48	0.1304347826
21 2 59	0.0588235294
22 32 10	0.1000000000
24 53 59	0.0769230769
22 46 6	0.0526315789
82 24 52	0.0350877193
54 14 10	0.1428571429
15 49 10	0.0082987552
47 66 79	0.1428571429
24 10 17	0.1666666667
2 15 3	0.0857142857
24 6 18	0.0192307692
82 9 7	0.0909090909
5 56 43	0.2727272727
66 15 38	0.1666666667
2 4 63	0.1111111111
7 2 32	0.0400000000
56 17 17	0.0384615385
56 63 79	0.1111111111
77 23 14	0.0800000000
21 2 49	0.0222222222
19 6 2	0.0430107527
20 88 49	0.0243902439
64 4 10	0.0138888889
22 32 49	0.0200000000
3 2 32	0.0476190476
48 3 59	0.0625000000
56 75 18	0.0735294118
19 78 52	0.0810810811
3 78 10	0.0243902439
82 29 6	0.0833333333
7 1 57	0.0058823529
19 48 13	0.0444444444
52 66 17	0.1666666667
21 6 14	0.0909090909
15 11 6	0.0526315789
15 2 14	0.1666666667
54 65 46	0.1818181818
55 52 1	0.0250000000
24 59 60	0.1000000000
55 46 38	0.1666666667
20 88 6	0.1714285714
22 65 3	0.0500000000
7 10 2	0.0062111801
3 66 43	0.0833333333
19 46 63	0.0800000000
52 31 49	0.0250000000
56 6 18	0.0465116279
22 88 6	0.0666666667
55 3 6	0.0121951220
46 48 43	0.1666666667
15 48 60	0.2222222222
48 3 3	0.0810810811
56 68 7	0.0526315789
24 8 49	0.0333333333
22 60 1	0.0625000000
46 46 52	0.0714285714
55 52 49	0.0106382979
75 3 1	0.0892857143
53 15 49	0.0172413793
22 1 49	0.0186915888
48 7 2	0.0588235294
55 18 49	0.0147058824
48 15 13	0.0909090909
21 57 49	0.0222222222
21 32 13	0.0208333333
21 3 2	0.0303030303
24 47 13	0.0250000000
56 13 11	0.0109890110
19 69 1	0.0638297872
66 79 17	0.1250000000
5 7 57	0.0206185567
82 29 59	0.1428571429
22 52 49	0.0096153846
22 6 59	0.0322580645
46 51 46	0.0833333333
3 68 15	0.0909090909
19 50 31	0.0689655172
5 56 60	0.0714285714
7 13 10	0.0059523810
19 32 3	0.0336134454
24 2 52	0.0142857143
22 49 10	0.0769230769
24 66 63	0.0666666667
48 56 0	0.0416666667
6 13 10	0.0185185185
20 8 56	0.0434782609
56 7 15	0.2000000000
82 29 32	0.1818181818
53 10 63	0.1666666667
21 8 13	0.0344827586
20 42 13	0.0769230769
22 67 7	0.1250000000
55 19 1	0.0833333333
24 3 48	0.0312500000
19 1 15	0.2000000000
22 52 32	0.0666666667
47 21 10	0.0625000000
56 8 56	0.0588235294
21 4 46	0.1428571429
15 0 18	0.0227272727
15 11 52	0.0434782609
3 1 10	0.0067567568
7 88 49	0.0461538462
54 66 46	0.0384615385
24 8 59	0.0588235294
3 50 10	0.0476190476
19 47 59	0.0769230769
22 52 60	0.0625000000
55 19 52	0.0625000000
15 59 11	0.0094339623
15 52 10	0.0090909091
24 47 21	0.0769230769
22 49 60	0.1250000000
56 50 10	0.0555555556
20 8 59	0.0784313725
75 18 11	0.0571428571
21 47 49	0.0156250000
21 8 1	0.0909090909
82 3 11	0.0625000000
21 53 1	0.0833333333
4 49 14	0.0400000000
51 24 1	0.0344827586
56 78 60	0.0869565217
24 4 6	0.0357142857
22 60 6	0.0357142857
51 7 57	0.0169491525
55 18 78	0.1250000000
6 57 10	0.0416666667
19 14 49	0.0500000000
19 8 59	0.0357142857
24 54 59	0.0588235294
24 53 3	0.0303030303
56 60 11	0.0416666667
55 19 49	0.0303030303
48 20 52	0.1000000000
19 14 10	0.1428571429
19 8 3	0.0285714286
24 1 10	0.0454545455
3 88 3	0.1034482759
46 20 46	0.0697674419
56 2 32	0.1428571429
56 88 59	0.0666666667
82 18 57	0.0555555556
48 15 60	0.1428571429
21 20 1	0.1111111111
19 54 49	0.0208333333
66 15 63	0.1250000000
20 54 10	0.0117647059
52 66 43	0.1666666667
21 6 13	0.0133333333
24 11 13	0.0120481928
55 29 3	0.0714285714
22 1 59	0.0416666667
24 49 2	0.0140845070
3 42 49	0.0555555556
15 57 60	0.1666666667
3 70 1	0.0909090909
56 52 10	0.0123456790
24 60 6	0.0666666667
24 50 1	0.0500000000
24 52 78	0.0434782609
19 48 3	0.0677966102
22 46 1	0.1111111111
19 49 29	0.0256410256
19 3 1	0.1250000000
55 4 49	0.0312500000
56 4 46	0.0312500000
15 11 2	0.1250000000
47 66 43	0.1666666667
55 18 13	0.0277777778
22 6 78	0.1250000000
56 47 10	0.0200000000
22 7 46	0.1333333333
64 36 7	0.0270270270
56 77 49	0.2307692308
21 7 1	0.0869565217
52 7 10	0.1111111111
15 60 11	0.0588235294
24 57 13	0.0169491525
24 52 2	0.0285714286
15 11 13	0.0555555556
22 67 56	0.1428571429
22 4 1	0.1111111111
66 56 38	0.1666666667
54 47 10	0.1000000000
22 88 46	0.2000000000
15 59 57	0.0104166667
3 2 60	0.1176470588
55 46 46	0.1111111111
15 57 2	0.1250000000
64 52 23	0.1000000000
19 60 6	0.1333333333
15 6 10	0.0133333333
56 68 46	0.1764705882
75 18 85	0.0588235294
24 10 7	0.0434782609
19 6 60	0.0232558140
22 46 48	0.1428571429
46 50 3	0.0454545455
15 2 32	0.1428571429
16 50 49	0.0588235294
48 20 49	0.0277777778
64 46 46	0.0909090909
24 66 46	0.0344827586
56 2 57	0.0454545455
56 14 14	0.0500000000
7 60 60	0.0243902439
77 1 14	0.0400000000
22 49 7	0.0526315789
20 3 57	0.0227272727
22 6 1	0.0434782609
20 15 89	0.0714285714
19 50 59	0.0869565217
24 78 13	0.0416666667
15 52 11	0.0062111801
55 19 10	0.1111111111
19 6 10	0.0256410256
6 67 15	0.1250000000
15 14 11	0.1666666667
56 38 63	0.1111111111
19 7 13	0.0185185185
4 51 49	0.0571428571
24 7 10	0.0909090909
47 46 43	0.1666666667
56 70 29	0.0140845070
26 55 46	0.0769230769
56 1 57	0.0185185185
24 3 2	0.0243902439
56 17 84	0.1818181818
15 57 14	0.1250000000
2 56 60	0.1000000000
53 10 38	0.1666666667
66 56 43	0.1666666667
48 56 32	0.0714285714
77 2 1	0.0344827586
56 67 3	0.0952380952
4 46 3	0.0444444444
22 3 13	0.0181818182
21 6 3	0.0080000000
24 59 78	0.1333333333
3 70 29	0.0123456790
7 78 11	0.0200000000
56 88 3	0.1034482759
19 60 46	0.1000000000
3 57 2	0.0126582278
56 1 10	0.0106382979
3 4 59	0.0769230769
82 30 3	0.1111111111
22 46 17	0.0212765957
48 5 56	0.1000000000
67 1 10	0.0526315789
22 8 49	0.0476190476
22 59 1	0.0833333333
26 55 3	0.0666666667
56 48 60	0.0434782609
46 67 3	0.1538461538
24 1 14	0.1000000000
55 4 10	0.1250000000
19 14 15	0.2000000000
24 32 52	0.0400000000
15 2 11	0.1666666667
20 13 11	0.0142857143
56 11 10	0.0158730159
2 3 32	0.0196078431
48 56 46	0.0500000000
3 88 49	0.0344827586
56 49 57	0.0100000000
5 82 46	0.0588235294
56 11 32	0.0512820513
4 49 57	0.0500000000
20 1 57	0.0070921986
24 59 10	0.0400000000
52 32 49	0.0153846154
2 82 3	0.2500000000
15 11 14	0.1250000000
56 11 14	0.0370370370
2 7 6	0.0512820513
19 53 49	0.0246913580
7 49 29	0.0051020408
22 52 78	0.0666666667
82 18 78	0.1250000000
3 75 3	0.0937500000
7 15 89	0.0909090909
64 9 3	0.0500000000
48 4 49	0.1000000000
56 14 15	0.0666666667
19 78 59	0.0476190476
22 14 46	0.1250000000
22 1 60	0.0833333333
22 14 6	0.0526315789
48 7 48	0.1000000000
15 57 48	0.1666666667
20 42 59	0.1111111111
21 88 13	0.0476190476
5 15 11	0.0909090909
51 22 13	0.0476190476
19 70 29	0.0227272727
2 3 60	0.0454545455
6 1 10	0.0192307692
26 20 52	0.0434782609
22 6 32	0.0833333333
22 3 52	0.0172413793
22 47 59	0.0588235294
15 52 57	0.0076335878
56 4 13	0.0172413793
24 57 3	0.0172413793
24 57 49	0.0136986301
82 18 31	0.0833333333
48 15 17	0.0333333333
54 4 10	0.0909090909
55 52 59	0.0555555556
55 3 13	0.0119047619
48 15 3	0.0370370370
56 32 10	0.0169491525
22 8 46	0.0833333333
24 78 59	0.0555555556
24 50 23	0.1000000000
55 7 6	0.0769230769
19 4 10	0.1111111111
22 49 15	0.0769230769
82 29 78	0.0833333333
3 11 32	0.0298507463
22 1 32	0.0555555556
55 24 3	0.0212765957
22 66 46	0.0526315789
22 0 52	0.0588235294
24 78 10	0.0588235294
5 64 46	0.0540540541
56 1 15	0.0666666667
55 4 59	0.0909090909
24 42 52	0.10000000