0	0.0000000000
1	0.0000000000
2	0.0000000000
3	0.0000000000
4	0.0000000000
5	0.0000000000
6	0.0000000000
7	0.0000000000
8	0.0000000000
9	0.0000000000
10	0.0000000000
11	0.0000000000
12	0.0000000000
13	0.0000000000
14	0.0000000000
15	0.0000000000
16	0.0000000000
17	0.0000000000
18	0.0000000000
19	0.0000000000
20	0.0000000000
21	0.0000000000
22	0.0000000000
23	0.0000000000
24	0.0000000000
25	0.0000000000
26	0.0000000000
27	0.0000000000
28	0.0000000000
29	0.0000000000
30	0.0000000000
31	0.0000000000
32	0.0000000000
33	0.0000000000
34	0.0000000000
35	0.0000000000
36	0.0000000000
37	0.0000000000
38	0.0000000000
39	0.0000000000
40	0.0000000000
41	0.0000000000
42	0.0000000000
43	0.0000000000
44	0.0000000000
45	0.0000000000
46	0.0000000000
47	0.0000000000
48	0.0000000000
49	0.0000000000
50	0.0000000000
51	0.0000000000
52	0.0000000000
53	0.0000000000
54	0.0000000000
55	0.0000000000
56	0.0000000000
57	0.0000000000
58	0.0000000000
59	0.0000000000
60	0.0000000000
61	0.0000000000
62	0.0000000000
63	0.0000000000
64	0.0000000000
65	0.0000000000
66	0.0000000000
67	0.0000000000
68	0.0000000000
69	0.0000000000
70	0.0000000000
71	0.0000000000
72	0.0000000000
73	0.0000000000
74	0.0000000000
75	0.0000000000
77	0.0000000000
78	0.0000000000
79	0.0000000000
80	0.0000000000
81	0.0000000000
82	0.0000000000
83	0.0000000000
84	0.0000000000
85	0.0000000000
86	0.0000000000
87	0.0000000000
88	0.0000000000
89	0.0000000000
90	0.0000000000
91	0.0000000000
92	0.0000000000
52 1 75	0.2352941176
52 66 75	0.2222222222
19 60 75	0.1666666667
4 1 64	0.3157894737
22 0 50	0.0882352941
19 6	0.0434782609
22 64	0.2222222222
19 66 64	0.2413793103
7 47 64	0.1250000000
52 1 70	0.0487804878
22 6	0.0487804878
3 53 64	0.2500000000
9 51 64	0.0526315789
46 37	0.1250000000
52 50	0.0697674419
22 6 50	0.0724637681
3 75	0.1111111111
19 10 82	0.1666666667
22 13 64	0.1666666667
2 3 64	0.2142857143
4 66 75	0.3076923077
3 52 50	0.0550847458
7 13 64	0.2307692308
7 70	0.1111111111
19 75	0.1666666667
4 59 6	0.0357142857
3 50	0.0645161290
3 32 75	0.2727272727
22 70	0.1000000000
3 6 70	0.0517241379
3 8 34	0.0833333333
80 24 64	0.2222222222
3 61 75	0.2307692308
4 75	0.1428571429
52 59 70	0.0555555556
3 3 64	0.2391304348
3 66 75	0.1904761905
19 64	0.1250000000
52 65 64	0.2608695652
52 11 70	0.0666666667
52 49 75	0.3055555556
80 5 34	0.0606060606
76 52 64	0.2222222222
76 29 50	0.0588235294
3 6 76	0.5714285714
52 66 64	0.2500000000
52 7 70	0.1250000000
9 20 50	0.0617283951
22 50	0.0416666667
7 66 82	0.3571428571
52 64	0.1666666667
4 57 64	0.2222222222
52 8 34	0.1285714286
52 49 64	0.2727272727
22 75	0.1666666667
22 53 70	0.0476190476
22 1 75	0.5454545455
7 11 75	0.1666666667
9 64	0.1111111111
3 6 75	0.2500000000
3 2 49	0.0100000000
7 8 75	0.1666666667
7 6 50	0.0769230769
52 49 50	0.0333333333
22 32 50	0.0689655172
4 10 64	0.1000000000
4 11 50	0.0645161290
22 8 34	0.0625000000
52 32 64	0.2222222222
7 46 70	0.1428571429
9 56 34	0.1363636364
52 32 6	0.0227272727
9 3 6	0.0089285714
3 61 64	0.2758620690
4 49 64	0.2058823529
9 75	0.1111111111
22 54 64	0.1250000000
7 49	0.0555555556
19 3 75	0.1666666667
3 11 70	0.0740740741
52 57 64	0.2727272727
52 54 75	0.1666666667
4 66 64	0.2666666667
9 20 75	0.1428571429
3 66 82	0.2105263158
4 52 64	0.2500000000
19 68 76	0.1666666667
4 13 49	0.0113636364
80 54 70	0.1428571429
22 53 64	0.2777777778
22 3 64	0.2142857143
76 18 49	0.0099009901
52 3 64	0.2142857143
22 49 49	0.0234375000
52 47 50	0.0480769231
9 51 75	0.1818181818
19 47 50	0.0714285714
4 14 75	0.1666666667
7 59 64	0.2500000000
22 49 64	0.2888888889
7 1 64	0.2142857143
2 52 64	0.2222222222
19 49 64	0.3235294118
22 57 70	0.1052631579
3 68 64	0.1428571429
3 6 64	0.2666666667
22 52 64	0.3448275862
19 52 64	0.2500000000
9 72 64	0.1904761905
19 32 50	0.0750000000
3 57 50	0.0563380282
52 49 49	0.0132978723
3 14 64	0.1666666667
3 47 70	0.0833333333
3 65 64	0.2222222222
76 52 75	0.1666666667
2 4 75	0.1428571429
7 66 64	0.2500000000
52 49 82	0.1481481481
2 4 6	0.0188679245
19 6 76	0.1250000000
7 50 75	0.1666666667
3 47 64	0.2222222222
19 1 49	0.0217391304
3 59 49	0.0147368421
52 88 75	0.1666666667
52 32 75	0.3000000000
46 61 75	0.2941176471
80 54 49	0.0176991150
2 3 75	0.2857142857
3 64	0.1666666667
52 7 6	0.0272727273
19 54 64	0.1250000000
7 47 70	0.1250000000
3 8 6	0.0104166667
3 59 64	0.2765957447
3 13 64	0.2857142857
22 6 64	0.2800000000
19 32 70	0.0625000000
7 57 6	0.0285714286
76 36 64	0.2222222222
7 32 50	0.0769230769
46 10 82	0.1818181818
52 2 70	0.1428571429
4 52 75	0.1666666667
3 8 64	0.1111111111
52 47 70	0.0882352941
7 78 75	0.1666666667
19 10 64	0.0909090909
9 24 50	0.1111111111
4 52 49	0.0149253731
22 53 6	0.0084033613
3 52 70	0.0400000000
19 13 50	0.0476190476
46 10 64	0.1818181818
22 66 64	0.1929824561
3 88 75	0.1666666667
62 60 64	0.1428571429
62 50	0.0937500000
62 53 64	0.2187500000
62 76	0.1250000000
62 64	0.2500000000
62 54 50	0.0740740741
62 3 50	0.0780141844
62 5 64	0.1428571429
62 57 50	0.0625000000
62 0	0.0217391304
62 8 50	0.0714285714
62 50 34	0.0769230769
62 20 50	0.1010101010
62 59 50	0.0843373494
62 37	0.1111111111
62 0 50	0.0545454545
62 48 50	0.0681818182
62 32 64	0.1111111111
62 34	0.2000000000
62 49 50	0.0540540541
62 3 64	0.1363636364
62 2 64	0.2352941176
50 1 50	0.1111111111
62 10 64	0.1428571429
62 52 64	0.1914893617
62 82 76	0.2727272727
62 7 64	0.1250000000
62 48 34	0.2222222222
62 48 64	0.2000000000
62 61 64	0.0714285714
62 60 50	0.0714285714
62 1 64	0.0882352941
62 66 64	0.1973684211
62 51 64	0.2432432432
62 65 64	0.1739130435
62 8 34	0.2096774194
62 32 50	0.0416666667
62 24 50	0.0588235294
62 56 34	0.1212121212
62 49 64	0.1844660194
62 70 76	0.2727272727
62 4 64	0.1428571429
62 0 64	0.0666666667
62 23 50	0.0625000000
62 54 64	0.2000000000
62 20 64	0.1666666667
62 48 37	0.1000000000
62 64 76	0.2222222222
62 52 50	0.0728476821
50 52 64	0.1111111111
62 47 50	0.0540540541
62 36 64	0.1764705882
62 6 50	0.0810810811
50 49 64	0.1111111111
16 76	0.1111111111
18 1 64	0.0833333333
3 52 64	0.2622950820
52 11 64	0.1333333333
29 64	0.1333333333
52 52 50	0.0454545455
36 64 76	0.5454545455
46 61 64	0.2222222222
4 64 76	0.2857142857
36 64	0.1764705882
18 3 64	0.1935483871
18 20 50	0.0364963504
24 8 34	0.1803278689
18 53 64	0.1612903226
3 1 64	0.1851851852
18 82 76	0.5454545455
29 3 64	0.1200000000
29 5 64	0.0416666667
24 1 64	0.0937500000
80 4 64	0.2222222222
24 49 64	0.2181818182
52 49 76	0.5333333333
3 66 64	0.2307692308
18 2 64	0.3500000000
18 51 64	0.2500000000
4 1 50	0.0714285714
24 16 76	0.2727272727
3 64 76	0.4000000000
18 6 64	0.1904761905
18 24 64	0.1428571429
29 48 64	0.1176470588
18 47 64	0.2857142857
24 59 64	0.2000000000
29 56 64	0.1538461538
29 82 76	0.4444444444
2 46 37	0.0769230769
24 3 64	0.1923076923
18 70 34	0.2000000000
18 49 76	0.4615384615
24 66 64	0.1875000000
24 52 50	0.0625000000
52 4 64	0.2777777778
18 5 64	0.1860465116
52 1 50	0.0243902439
36 5 64	0.2105263158
52 59 64	0.2608695652
36 51 64	0.3125000000
18 13 64	0.1764705882
52 7 64	0.3076923077
3 10 64	0.1081081081
4 53 64	0.1666666667
22 1 70	0.0740740741
22 6 49	0.0194552529
19 49 70	0.0833333333
19 32 64	0.2222222222
76 18 6	0.0137931034
22 2 70	0.1111111111
3 54 50	0.0600000000
22 10 64	0.0833333333
19 54 70	0.0909090909
22 1 64	0.4090909091
76 3 70	0.1111111111
52 14 6	0.0131578947
4 1 75	0.3333333333
3 14 50	0.0322580645
4 3 64	0.2777777778
4 0 50	0.0909090909
52 8 64	0.1818181818
22 53 50	0.1147540984
22 6 75	0.4444444444
4 57 50	0.0769230769
3 70 34	0.2666666667
18 61 64	0.1538461538
18 57 50	0.0277777778
29 51 64	0.2941176471
52 8 50	0.0571428571
18 75 76	0.5454545455
18 47 50	0.0215053763
18 16 76	0.2222222222
52 53 50	0.0606060606
36 3 64	0.1111111111
18 6 76	0.2500000000
4 6 50	0.0869565217
18 48 64	0.1923076923
24 1 50	0.0444444444
24 49 76	0.2500000000
52 10 64	0.0833333333
52 53 64	0.2181818182
62 48 0	0.0138888889
62 53 50	0.0750000000
62 70 34	0.1333333333
62 55 76	0.1111111111
62 22 64	0.0833333333
62 59 64	0.1363636364
62 1 50	0.0694444444
62 6 64	0.1666666667
50 6 64	0.1111111111
62 50 50	0.0400000000
62 47 64	0.1666666667
62 55 34	0.1111111111
50 52 50	0.1111111111
76 46 37	0.0714285714
62 19 50	0.0975609756
52 7 50	0.0666666667
29 15 64	0.0769230769
52 52 64	0.2444444444
29 64 76	0.5454545455
18 10 34	0.2222222222
3 59 50	0.0319148936
3 2 64	0.2352941176
24 52 64	0.2000000000
3 78 50	0.0303030303
52 21 64	0.0769230769
52 57 50	0.0574712644
18 3 50	0.0396825397
36 16 76	0.2727272727
3 6 50	0.0434782609
29 3 50	0.0142857143
52 16 76	0.0769230769
62 22 50	0.0600000000
62 6 76	0.1000000000
62 29 64	0.1333333333
62 14 50	0.0303030303
18 49 64	0.1750000000
29 56 50	0.0526315789
76 4 64	0.2727272727
18 24 50	0.0625000000
24 3 50	0.0444444444
3 3 50	0.0467289720
24 8 50	0.0238095238
52 23 64	0.1428571429
9 64 76	0.2222222222
3 47 50	0.0494505495
36 2 64	0.2500000000
52 21 50	0.0645161290
9 3 64	0.2758620690
36 56 64	0.1111111111
22 1 6	0.0233918129
52 46 50	0.0540540541
4 60 6	0.0200000000
22 47 75	0.2857142857
52 70 75	0.1818181818
19 8 64	0.1428571429
52 3 6	0.0059523810
19 11 49	0.0454545455
19 32 75	0.3750000000
4 78 70	0.0833333333
76 18 75	0.3043478261
7 52 64	0.3684210526
80 56 64	0.1666666667
2 52 50	0.0851063830
3 13 75	0.2666666667
22 1 49	0.0155038760
3 53 75	0.2500000000
4 59 70	0.0833333333
46 61 82	0.1250000000
19 57 50	0.0833333333
19 59 70	0.1111111111
3 3 6	0.0066445183
19 53 64	0.2272727273
22 52 75	0.3750000000
9 22 6	0.0126582278
9 7 64	0.1764705882
7 59 49	0.0200000000
3 47 6	0.0065359477
7 3 64	0.2941176471
9 20 64	0.1538461538
9 16 76	0.0909090909
52 70 64	0.2142857143
24 6 64	0.1764705882
18 20 64	0.1875000000
46 16 76	0.1428571429
24 14 50	0.0263157895
3 7 64	0.3076923077
36 20 50	0.0446428571
9 19 64	0.2307692308
62 11 50	0.0545454545
62 7 50	0.0404040404
50 71 34	0.1428571429
62 13 64	0.1000000000
62 11 64	0.0833333333
62 19 64	0.1538461538
62 77 64	0.1428571429
76 18 50	0.0731707317
62 72 64	0.0769230769
4 6 64	0.4000000000
24 7 64	0.1666666667
18 32 50	0.0250000000
52 54 64	0.2000000000
3 57 64	0.2500000000
4 2 64	0.1666666667
3 4 64	0.2941176471
2 52 75	0.2857142857
46 3 64	0.2000000000
4 53 75	0.1818181818
19 57 49	0.0131578947
7 47 50	0.0500000000
7 8 34	0.0740740741
22 60 50	0.1025641026
22 53 75	0.2857142857
19 88 50	0.0769230769
7 52 50	0.0588235294
19 7 64	0.1428571429
52 59 49	0.0158730159
7 49 64	0.2400000000
3 54 70	0.0476190476
52 65 75	0.1818181818
52 32 49	0.0089285714
52 13 70	0.0869565217
22 66 75	0.5555555556
22 52 50	0.0657894737
18 10 64	0.1250000000
52 70 34	0.2000000000
18 54 50	0.0434782609
24 47 50	0.0370370370
18 19 64	0.1250000000
18 52 64	0.2083333333
24 48 64	0.1250000000
29 7 64	0.0555555556
18 54 64	0.1250000000
62 2 50	0.1000000000
62 75 76	0.2222222222
18 66 64	0.2413793103
3 10 34	0.2222222222
4 70 34	0.2000000000
24 78 64	0.0833333333
19 47 64	0.1250000000
22 0 75	0.1666666667
52 52 75	0.2500000000
3 65 76	0.1428571429
3 6 49	0.0048859935
52 59 6	0.0087719298
22 50 76	0.1250000000
46 56 6	0.0588235294
19 49 75	0.4444444444
7 49 75	0.2727272727
7 65 64	0.2000000000
7 49 49	0.0212765957
22 66 82	0.4000000000
4 7 50	0.1304347826
22 49 75	0.5263157895
76 18 82	0.1739130435
19 47 70	0.1500000000
52 68 64	0.1428571429
4 1 49	0.0067567568
80 24 75	0.1666666667
52 50 64	0.1111111111
24 53 64	0.2272727273
18 59 64	0.1904761905
18 52 50	0.0416666667
52 13 64	0.2727272727
52 54 50	0.0600000000
52 2 64	0.2500000000
29 2 64	0.1333333333
24 13 64	0.1200000000
24 2 64	0.1666666667
24 11 50	0.0400000000
18 4 64	0.2000000000
4 54 50	0.0740740741
9 75 76	0.2222222222
3 8 50	0.0576923077
18 8 34	0.2142857143
24 48 50	0.0526315789
18 56 50	0.0312500000
9 24 64	0.2222222222
24 65 64	0.1538461538
80 2 34	0.0714285714
24 6 50	0.0416666667
52 78 50	0.0277777778
18 8 50	0.0666666667
52 78 64	0.0769230769
36 48 64	0.2222222222
18 65 64	0.1000000000
3 70 76	0.2222222222
24 7 50	0.0416666667
4 14 50	0.1000000000
52 50 6	0.0151515152
52 14 75	0.1428571429
80 24 49	0.0196078431
4 8 50	0.1176470588
9 19 50	0.0625000000
76 3 64	0.2000000000
3 6 6	0.0021413276
19 1 75	0.2857142857
62 78 50	0.0625000000
62 13 50	0.0612244898
62 61 50	0.1538461538
18 50 76	0.2857142857
52 3 50	0.0857142857
9 2 64	0.1111111111
52 11 50	0.0365853659
18 78 64	0.1000000000
24 47 64	0.1666666667
3 48 64	0.0909090909
62 49 76	0.1111111111
24 57 64	0.1000000000
24 54 64	0.1428571429
76 83 0	0.0666666667
2 4 64	0.2000000000
7 52 49	0.0150375940
9 5 75	0.1428571429
3 70 75	0.1111111111
19 66 75	0.5000000000
4 3 75	0.2500000000
19 59 64	0.1818181818
46 77 64	0.2222222222
19 6 64	0.2500000000
7 1 50	0.0625000000
76 29 64	0.3181818182
22 46 50	0.0833333333
4 11 6	0.0344827586
76 52 50	0.0625000000
3 10 75	0.0909090909
52 47 49	0.0060606061
19 57 64	0.2222222222
24 59 50	0.0526315789
9 3 50	0.1000000000
36 75 76	0.4444444444
52 59 50	0.0512820513
24 78 50	0.0285714286
52 11 49	0.0109890110
52 66 82	0.2000000000
4 66 82	0.2000000000
52 8 75	0.3333333333
9 24 6	0.0169491525
4 78 50	0.0333333333
7 52 75	0.3750000000
3 32 50	0.0357142857
52 2 49	0.0217391304
19 1 6	0.0289855072
52 10 82	0.0909090909
4 78 75	0.1666666667
7 59 75	0.1666666667
4 47 6	0.0303030303
22 57 50	0.0681818182
22 50 64	0.1428571429
3 13 70	0.0833333333
80 54 50	0.0657894737
4 8 34	0.0869565217
19 1 50	0.0625000000
19 8 34	0.0714285714
22 1 50	0.0821917808
4 6 76	0.2222222222
4 52 50	0.0666666667
29 20 50	0.0612244898
52 50 76	0.2500000000
29 55 76	0.2500000000
52 31 64	0.0454545455
52 1 64	0.1578947368
18 57 64	0.1000000000
3 50 76	0.2500000000
4 49 76	0.2222222222
4 1 6	0.0265486726
19 53 75	0.2857142857
4 53 49	0.0227272727
3 65 75	0.1111111111
9 19 49	0.0090090090
22 57 49	0.0273972603
3 32 6	0.0186915888
4 47 75	0.1428571429
7 1 75	0.2857142857
19 47 49	0.0116279070
3 7 50	0.0625000000
52 47 64	0.1875000000
3 11 50	0.0285714286
3 1 50	0.0153846154
46 56 64	0.1428571429
52 7 75	0.2857142857
52 32 50	0.0468750000
19 57 6	0.0322580645
7 78 64	0.1428571429
52 53 75	0.2500000000
22 6 70	0.1153846154
22 50 6	0.0232558140
3 7 75	0.2857142857
19 66 82	0.3636363636
19 6 6	0.0188679245
7 66 75	0.2500000000
3 52 75	0.1538461538
3 46 50	0.0540540541
7 6 75	0.1666666667
52 68 76	0.1111111111
83 74 34	0.2000000000
24 57 50	0.0285714286
18 1 50	0.0312500000
24 54 50	0.0312500000
24 4 64	0.1666666667
18 19 50	0.0434782609
19 54 50	0.0434782609
4 60 49	0.0163934426
19 57 70	0.0625000000
19 49 50	0.0400000000
3 32 64	0.3125000000
62 2 34	0.1250000000
62 0 76	0.1428571429
29 24 64	0.1428571429
3 16 76	0.0909090909
3 61 82	0.1250000000
4 14 64	0.1428571429
22 4 64	0.3333333333
22 0 70	0.0666666667
9 19 70	0.0526315789
18 7 50	0.0500000000
18 56 64	0.1176470588
7 50 50	0.0769230769
4 47 64	0.2000000000
9 22 50	0.0465116279
22 65 76	0.1666666667
4 11 75	0.1666666667
9 5 64	0.0909090909
3 54 6	0.0126582278
52 50 50	0.0285714286
7 65 75	0.1428571429
4 14 6	0.0232558140
18 6 50	0.0405405405
52 23 50	0.0357142857
3 11 64	0.0714285714
24 11 64	0.1428571429
36 56 50	0.0416666667
24 60 64	0.1428571429
7 13 75	0.3750000000
3 32 70	0.0454545455
19 13 70	0.0909090909
19 1 64	0.3333333333
52 32 70	0.0416666667
4 4 64	0.1000000000
52 64 76	0.2222222222
24 6 76	0.2500000000
4 53 50	0.0370370370
80 24 6	0.0500000000
7 49 82	0.2222222222
19 59 49	0.0270270270
22 60 64	0.1428571429
22 8 6	0.0196078431
46 10 75	0.1818181818
52 11 75	0.2727272727
22 49 70	0.0666666667
3 11 49	0.0122699387
76 4 75	0.1666666667
52 13 49	0.0048780488
22 4 6	0.0250000000
9 22 75	0.1666666667
22 7 50	0.0714285714
22 0 49	0.0142857143
19 32 6	0.0333333333
4 11 64	0.2000000000
52 54 70	0.0476190476
22 49 50	0.0909090909
52 47 75	0.2000000000
62 56 50	0.0714285714
29 16 76	0.2222222222
29 20 64	0.2727272727
24 60 50	0.0357142857
7 78 50	0.0769230769
52 1 6	0.0035211268
52 8 6	0.0152671756
7 59 50	0.0833333333
22 57 64	0.1428571429
9 72 75	0.1111111111
4 70 64	0.1250000000
4 59 49	0.0217391304
19 13 75	0.2857142857
9 20 70	0.0312500000
3 4 75	0.1666666667
36 20 64	0.1538461538
3 78 64	0.2173913043
18 33 64	0.1666666667
22 52 49	0.0102564103
7 48 64	0.1250000000
4 47 50	0.0232558140
4 68 76	0.1428571429
4 49 82	0.1250000000
2 4 70	0.1000000000
80 4 6	0.0129870130
3 7 6	0.0326086957
19 6 75	0.3750000000
2 3 50	0.0645161290
7 11 64	0.2222222222
22 54 6	0.0294117647
19 47 75	0.2857142857
3 8 75	0.2500000000
52 13 75	0.2727272727
3 11 75	0.1000000000
29 24 50	0.0625000000
29 19 64	0.1250000000
18 55 76	0.2500000000
18 32 64	0.0833333333
3 57 6	0.0081300813
3 78 49	0.0116279070
4 6 6	0.0061728395
19 13 49	0.0172413793
4 13 75	0.1428571429
7 13 50	0.0625000000
3 13 50	0.0112359551
19 2 49	0.0222222222
3 60 64	0.1000000000
9 72 82	0.0909090909
3 32 49	0.0162162162
4 4 49	0.0263157895
19 13 64	0.3000000000
7 57 50	0.0625000000
3 3 75	0.1666666667
19 3 64	0.2666666667
2 3 70	0.0769230769
4 59 64	0.2307692308
9 3 75	0.4000000000
4 68 64	0.1428571429
3 70 64	0.1666666667
22 47 6	0.0208333333
3 52 49	0.0017543860
3 2 70	0.1176470588
22 2 49	0.0172413793
4 3 6	0.0281690141
7 11 6	0.0625000000
4 49 49	0.0281690141
3 53 70	0.0666666667
3 60 49	0.0147058824
22 3 75	0.2857142857
4 53 70	0.0833333333
19 49 82	0.2857142857
22 13 49	0.0080000000
22 49 82	0.3571428571
18 49 50	0.0178571429
52 70 76	0.2222222222
22 60 49	0.0163934426
3 14 49	0.0129870130
19 1 70	0.0714285714
4 59 50	0.0416666667
7 48 6	0.0263157895
76 4 6	0.0078125000
52 54 6	0.0126582278
3 1 70	0.0476190476
7 3 50	0.0588235294
7 3 6	0.0142857143
3 1 75	0.1818181818
3 68 75	0.1428571429
22 11 64	0.1250000000
19 46 50	0.1052631579
52 1 49	0.0066666667
22 14 50	0.0666666667
4 7 6	0.0222222222
7 7 50	0.0555555556
80 54 75	0.1666666667
19 6 49	0.0129870130
19 57 75	0.2857142857
19 6 50	0.0769230769
52 57 75	0.3000000000
19 49 76	0.1250000000
22 50 50	0.1052631579
3 53 49	0.0144927536
3 1 49	0.0086206897
19 50 50	0.0909090909
9 7 49	0.0157480315
4 49 70	0.0666666667
22 11 50	0.0357142857
22 8 64	0.1428571429
9 20 49	0.0054054054
7 8 6	0.0344827586
29 19 50	0.0434782609
4 54 64	0.1250000000
19 54 6	0.0294117647
52 53 49	0.0080000000
7 48 50	0.1052631579
4 0 75	0.1666666667
22 6 6	0.0047393365
22 70 75	0.1428571429
52 88 50	0.0769230769
9 22 64	0.1000000000
22 54 70	0.0909090909
9 7 75	0.1428571429
2 52 70	0.0588235294
2 3 6	0.0181818182
7 10 82	0.2500000000
2 52 49	0.0131578947
4 6 49	0.0046948357
9 20 6	0.0065789474
7 3 75	0.4444444444
36 3 50	0.0135135135
76 29 6	0.0277777778
7 47 6	0.0322580645
7 46 50	0.0588235294
22 11 75	0.2857142857
7 52 70	0.0909090909
80 22 34	0.0769230769
4 47 49	0.0131578947
19 11 70	0.1538461538
7 57 64	0.1250000000
22 13 50	0.1000000000
19 8 6	0.0357142857
80 4 75	0.1428571429
19 4 6	0.0277777778
52 13 50	0.0317460317
7 10 64	0.1538461538
52 57 49	0.0059171598
3 54 64	0.2000000000
18 7 64	0.0625000000
9 5 82	0.1428571429
52 4 6	0.0168067227
3 88 50	0.0769230769
19 54 49	0.0204081633
7 8 50	0.0588235294
4 78 64	0.1818181818
52 4 75	0.1666666667
4 6 75	0.2500000000
3 60 75	0.1250000000
9 7 70	0.0666666667
4 13 64	0.2666666667
22 70 64	0.1428571429
22 50 34	0.0769230769
3 3 70	0.0303030303
80 54 6	0.0084033613
52 57 6	0.0074074074
19 88 75	0.1666666667
4 7 64	0.1428571429
22 57 6	0.0178571429
4 4 70	0.0909090909
3 13 49	0.0045662100
52 14 50	0.0294117647
76 36 75	0.1428571429
3 59 70	0.0500000000
19 60 50	0.1176470588
3 47 49	0.0101694915
22 7 70	0.1250000000
22 65 64	0.2000000000
4 78 6	0.0384615385
19 52 50	0.0312500000
19 2 70	0.1111111111
7 78 6	0.0344827586
19 53 82	0.1250000000
36 33 64	0.1666666667
4 47 70	0.0625000000
22 11 6	0.0243902439
52 68 75	0.1428571429
9 19 6	0.0256410256
9 2 75	0.1111111111
3 54 49	0.0095238095
4 60 70	0.0666666667
22 53 49	0.0100000000
19 7 6	0.0357142857
3 78 75	0.1428571429
9 51 82	0.1428571429
22 32 70	0.0769230769
3 46 70	0.0909090909
3 57 75	0.2000000000
76 29 82	0.1111111111
7 8 64	0.1428571429
52 49 6	0.0049504950
19 4 64	0.2000000000
4 3 50	0.0344827586
19 49 49	0.0170940171
3 60 50	0.0400000000
4 60 50	0.0312500000
22 60 70	0.0625000000
52 11 6	0.0074626866
3 59 6	0.0036101083
22 11 49	0.0172413793
52 65 76	0.1428571429
3 7 70	0.0714285714
22 47 50	0.0322580645
52 3 75	0.1000000000
22 65 75	0.1428571429
76 24 49	0.0555555556
22 53 82	0.2222222222
3 4 6	0.0229885057
19 8 75	0.1666666667
3 14 75	0.1428571429
52 53 70	0.0416666667
80 56 75	0.1666666667
52 60 50	0.0312500000
3 77 64	0.1428571429
9 22 70	0.0666666667
19 6 70	0.0588235294
3 14 6	0.0111111111
7 1 49	0.0102040816
22 60 6	0.0156250000
4 57 6	0.0153846154
19 3 50	0.0833333333
52 50 75	0.1428571429
22 13 75	0.2857142857
22 10 82	0.2500000000
52 50 34	0.0344827586
7 32 75	0.1666666667
22 32 75	0.2857142857
19 49 6	0.0161290323
52 57 70	0.0294117647
22 11 70	0.0833333333
52 46 70	0.0909090909
19 47 6	0.0125000000
52 54 49	0.0095238095
7 13 49	0.0092592593
52 47 6	0.0114942529
22 32 49	0.0238095238
3 47 75	0.1111111111
19 68 64	0.1428571429
3 1 6	0.0065789474
19 53 50	0.0500000000
22 8 50	0.0344827586
4 68 75	0.1428571429
46 56 75	0.1666666667
19 32 49	0.0133333333
19 7 75	0.1666666667
2 4 49	0.0112359551
4 60 64	0.1428571429
19 68 75	0.1428571429
3 54 75	0.1666666667
22 6 76	0.0833333333
22 47 70	0.0909090909
52 10 75	0.1000000000
19 53 49	0.0227272727
22 57 75	0.2857142857
7 11 50	0.0625000000
4 49 75	0.0625000000
4 52 70	0.0714285714
22 54 49	0.0204081633
80 54 64	0.1250000000
19 53 70	0.0909090909
22 50 75	0.1666666667
52 60 75	0.1428571429
9 22 49	0.0117647059
22 47 64	0.1250000000
22 60 75	0.166666