0	0.0000000000
1	0.0000000000
2	0.0000000000
3	0.0000000000
4	0.0000000000
5	0.0000000000
6	0.0000000000
7	0.0000000000
8	0.0000000000
9	0.0000000000
10	0.1702127660
11	0.0000000000
12	0.0000000000
13	0.0000000000
14	0.0000000000
15	0.0000000000
16	0.0000000000
17	0.0000000000
18	0.0000000000
19	0.0000000000
20	0.0000000000
21	0.0000000000
22	0.0000000000
23	0.0000000000
24	0.0000000000
25	0.0000000000
26	0.0000000000
27	0.0000000000
28	0.0000000000
29	0.0000000000
30	0.0000000000
31	0.0000000000
32	0.0000000000
33	0.0000000000
34	0.0000000000
35	0.0000000000
36	0.0000000000
37	0.0000000000
38	0.0000000000
39	0.0000000000
40	0.0000000000
41	0.0000000000
42	0.0000000000
43	0.0000000000
44	0.0000000000
45	0.0000000000
46	0.0000000000
47	0.0000000000
48	0.0000000000
49	0.0543478261
50	0.0000000000
51	0.0000000000
52	0.0000000000
53	0.3703703704
54	0.0000000000
55	0.0000000000
56	0.0000000000
57	0.0000000000
58	0.0000000000
59	0.0000000000
60	0.0000000000
62	0.0000000000
63	0.0000000000
64	0.0000000000
65	0.0000000000
66	0.0000000000
67	0.0000000000
68	0.0000000000
69	0.0000000000
70	0.0000000000
71	0.0000000000
72	0.0000000000
73	0.0000000000
74	0.0000000000
75	0.0000000000
76	0.0000000000
77	0.0000000000
78	0.0000000000
79	0.0000000000
80	0.0000000000
81	0.0000000000
82	0.0000000000
83	0.0000000000
84	0.0000000000
85	0.0000000000
86	0.0000000000
87	0.0000000000
88	0.0000000000
89	0.0000000000
90	0.0000000000
91	0.0000000000
92	0.0000000000
78 46 61	0.3088235294
60 49 10	0.4426229508
59 49	0.0584958217
3 53	0.3272727273
13 13 53	0.3208955224
6 53	0.2592592593
49 5	0.2033898305
49 7 10	0.2553191489
6 65	0.1176470588
52 10	0.3281250000
3 6 53	0.3159557662
49 61	0.2962962963
47 6 61	0.4271356784
49 10 5	0.1884057971
52 66	0.1111111111
60 13 65	0.2105263158
3 61	0.3555555556
13 52 66	0.1065217391
13 61	0.1777777778
69 31	0.1176470588
49 47 53	0.2166246851
3 11 68	0.0200000000
53 51	0.1145038168
61 7 61	0.4840579710
49 10	0.2631578947
47 10	0.3076923077
6 66	0.1062992126
10 2	0.0161290323
47 65	0.3000000000
47 66	0.1018518519
49 53	0.2333333333
3 1 53	0.2925764192
61 51	0.1079136691
13 53	0.2530120482
32 49	0.0350877193
3 31 61	0.2222222222
49 20 49	0.0738150738
10 51	0.0571428571
52 65	0.1666666667
61 24 53	0.3773584906
78 53	0.3157894737
49 56 49	0.0757575758
49 2 5	0.1925925926
47 66 5	0.1908957416
6 60 49	0.0815709970
3 10	0.3918918919
61 7 49	0.0746666667
52 1 49	0.0544593528
6 1 66	0.0975609756
32 61	0.2222222222
49 0 53	0.2427745665
47 46 61	0.2758620690
6 10	0.2608695652
52 70	0.0487804878
13 67 51	0.2058823529
67 31	0.0975609756
47 47 66	0.1225961538
10 20 49	0.0700000000
6 6 66	0.1074578990
53 5	0.2068965517
52 53	0.2896551724
69 21 61	0.4736842105
46 10	0.1228070175
14 64 29	0.0689655172
52 52 61	0.4238410596
13 49 53	0.3025906736
52 53 5	0.2315789474
10 21 49	0.0666666667
53 19 53	0.1901408451
69 1 49	0.0952380952
3 47 10	0.3738317757
32 59 49	0.0616966581
49 0 66	0.0831024931
6 6 61	0.4089456869
78 52 10	0.3076923077
13 2 49	0.0565610860
13 49	0.0371900826
78 49 5	0.3051643192
77 6 53	0.2248062016
3 3 10	0.3170731707
59 53	0.2448979592
10 5	0.2666666667
47 59 66	0.1153846154
69 21 53	0.3333333333
78 61	0.2941176471
3 64 29	0.0711111111
2 13 70	0.0666666667
13 66	0.0645161290
6 3 50	0.0758426966
49 22 53	0.1975308642
49 59 65	0.1395348837
3 47 65	0.1770833333
32 6 53	0.2684563758
49 52 65	0.1518324607
47 53	0.1954022989
3 52 53	0.3156462585
10 2 5	0.2777777778
49 46 10	0.1729729730
13 49 61	0.4183006536
3 6 18	0.0519480519
78 49	0.0442477876
46 61	0.1929824561
3 57 70	0.0526315789
47 0 10	0.3191489362
6 46 10	0.1803797468
6 8 49	0.0746268657
52 57 65	0.1571428571
3 13 65	0.1216216216
3 0	0.1904761905
61 5	0.2459016393
49 6 49	0.0618393235
14 78 61	0.3125000000
6 3 0	0.2884615385
13 50	0.1076923077
3 6 29	0.1153846154
52 61	0.2978723404
32 53	0.1621621622
6 70	0.0250000000
6 61	0.2916666667
52 1 10	0.2890995261
78 6 49	0.0767123288
60 52 10	0.4782608696
59 2 10	0.3200000000
6 65 9	0.0476190476
13 52 49	0.0648395722
47 49	0.0847457627
78 13 53	0.3636363636
13 11 49	0.0673758865
2 49	0.0319148936
47 52 49	0.0662939297
61 3 66	0.1132686084
49 66	0.0819672131
6 54 65	0.1052631579
2 49 53	0.1800000000
52 49	0.0609137056
52 59 68	0.0273972603
52 14 53	0.2655367232
49 56 53	0.3645833333
47 47 53	0.2187500000
6 47 66	0.1033707865
52 52 49	0.0648610121
52 46 10	0.1885714286
49 82 18	0.0727848101
13 46 61	0.2935483871
6 47 49	0.0787401575
6 6 18	0.0777202073
49 2	0.0070422535
47 49 61	0.3897058824
13 50 18	0.1048387097
61 56 53	0.3619489559
52 75 18	0.0723684211
52 50 53	0.2962962963
47 52 53	0.2742980562
6 60 65	0.2105263158
14 78 53	0.3548387097
2 49 61	0.2929292929
60 60 53	0.3571428571
59 61	0.1568627451
2 59 53	0.2812500000
49 51	0.0763358779
13 13 66	0.0788530466
46 38 10	0.1764705882
52 78 61	0.3333333333
78 53 2	0.0273972603
49 65	0.1500000000
10 3 61	0.3268292683
59 10	0.2000000000
6 78 66	0.0952380952
3 63 53	0.1587301587
13 52 65	0.1557377049
61 2 5	0.2913385827
6 59 61	0.4183006536
60 49	0.0958904110
3 6 49	0.0692194404
49 4 66	0.0782828283
61 19 53	0.3450704225
6 66 5	0.1887755102
52 14 66	0.1497005988
10 15 10	0.1993957704
10 7 68	0.0373134328
6 4 65	0.1153846154
59 3 66	0.0818363273
47 6 53	0.3116370809
49 68	0.0540540541
13 61 5	0.2213114754
3 66	0.0866666667
67 1 49	0.1224489796
52 13 10	0.3374485597
61 19 49	0.1018957346
0 3 10	0.1889763780
0 0	0.0312500000
0 59 61	0.3063973064
3 6 61	0.4206008584
0 6 14	0.0648648649
3 48 10	0.4059405941
0 66	0.0852459016
0 10	0.1125000000
17 49 52	0.0432208407
0 61	0.2200000000
3 52	0.0039840637
3 32 52	0.0034246575
0 53	0.2577319588
61 20	0.0205479452
61 7 66	0.1172950329
2 0	0.0909090909
61 20 14	0.0882352941
10 20	0.0666666667
17 0	0.1075268817
0 60 10	0.1666666667
3 59 53	0.3268124281
17 61	0.3548387097
0 6 7	0.0229357798
39 20 52	0.0504201681
0 14	0.1086956522
0 7 52	0.0576271186
61 66	0.0500000000
17 0 49	0.0634441088
17 0 0	0.0232558140
0 4 6	0.0283018868
3 3 52	0.0042417815
61 54 49	0.0893617021
3 52 10	0.3120567376
61 20 52	0.0362239297
0 49	0.0466019417
3 6	0.0037593985
0 13 6	0.0410958904
0 0 53	0.3129251701
0 6 61	0.2996941896
0 61 20	0.0759493671
61 7	0.0214285714
0 66 5	0.1972717733
39 20	0.1000000000
0 49 48	0.0841889117
17 59 10	0.2309859155
39 20 53	0.1384615385
0 6	0.0198300283
61 56 61	0.4191343964
0 47 53	0.2211895911
77 49 53	0.2727272727
3 61 51	0.1483050847
3 59 49	0.0598290598
6 78 53	0.2461538462
13 0	0.4000000000
60 49 61	0.4666666667
48 78 53	0.5000000000
60 59 53	0.3636363636
47 49 53	0.3076923077
52 13 66	0.0727762803
59 67	0.1176470588
64 36	0.0408163265
3 50	0.0520833333
6 53 53	0.1935483871
49 11 53	0.2341772152
52 54 65	0.0909090909
49 48 53	0.2340425532
64 3 53	0.1875000000
3 13 70	0.0595238095
59 49 5	0.2039106145
47 54 66	0.0695187166
13 10	0.2777777778
47 46 53	0.1654676259
47 53 51	0.1473684211
52 4 49	0.0733944954
48 61	0.2000000000
3 65	0.0882352941
47 32 65	0.1724137931
6 1 61	0.3548387097
52 42 66	0.1333333333
52 54 70	0.0338983051
6 32 53	0.3177570093
3 51 0	0.3714285714
60 53	0.4347826087
3 0 5	0.1818181818
47 14 53	0.1810344828
59 49 53	0.1994884910
52 49 10	0.3313432836
52 78 49	0.0690335306
10 15 49	0.0386206897
47 59 49	0.0706150342
6 49	0.0480000000
48 47 66	0.1228070175
13 65	0.0454545455
48 53	0.2777777778
59 66 5	0.1464019851
77 1 53	0.3125000000
49 13 53	0.2552447552
52 66 5	0.2067567568
6 6 53	0.2744128554
60 13 49	0.0553935860
59 70	0.0333333333
6 50 49	0.0754716981
78 13 66	0.0655737705
60 13 61	0.6078431373
6 2 49	0.0897097625
49 21 49	0.0888888889
59 3 67	0.0804597701
49 8 49	0.0774193548
3 67	0.0645161290
59 66	0.0583941606
48 61 51	0.1293103448
52 54 49	0.0901639344
47 6 10	0.3297872340
13 67	0.1428571429
13 32 53	0.3223140496
52 66 51	0.1010273973
52 47 66	0.1132723112
49 46 61	0.2527472527
48 10 2	0.0370370370
3 8 66	0.1020408163
47 3 53	0.3392857143
6 49 36	0.0230769231
59 52 66	0.0825958702
3 54 49	0.0575539568
59 47 31	0.0747663551
6 3 70	0.0416666667
13 57 67	0.0357142857
3 46 61	0.2687500000
60 6 49	0.0809968847
10 7 61	0.4329268293
3 13 67	0.0869565217
59 6 49	0.0571761960
60 61	0.3125000000
3 63 61	0.2706185567
49 60 53	0.2530120482
78 49 53	0.3037037037
47 13 61	0.4264705882
59 14 61	0.4366197183
78 49 49	0.0591259640
52 78 66	0.1107266436
3 1 49	0.0488400488
13 78 53	0.3333333333
49 1 65	0.1734693878
52 50 31	0.1168831169
49 53 49	0.0777027027
32 13 66	0.0423728814
14 6 53	0.1583333333
53 3 66	0.0886917960
32 49 5	0.1774193548
52 60 53	0.2887323944
52 50 18	0.1129629630
78 6 53	0.3065693431
47 57 65	0.1896551724
6 42 65	0.1428571429
13 2 10	0.3606557377
61 7 70	0.1000000000
14 13 49	0.0387409201
6 59 53	0.2877094972
13 47 53	0.2253968254
60 10	0.3500000000
32 49 66	0.0859106529
52 59 53	0.3379501385
78 6 10	0.3733333333
3 3 50	0.0485714286
61 56 49	0.0722642808
52 78 65	0.1818181818
52 78 70	0.0512820513
47 59 10	0.3023255814
61 20 49	0.0892098556
0 1 53	0.3389830508
63 61	0.5000000000
61 5 5	0.2162162162
10 64 29	0.1218487395
0 0 61	0.3000000000
10 3 52	0.0304990758
61 53	0.3000000000
0 14 53	0.2752808989
10 17 61	0.3000000000
0 32 49	0.0411985019
0 49 5	0.2090163934
0 52 1	0.0184615385
10 51 7	0.0083682008
10 5 5	0.2888888889
61 24 66	0.0862068966
63 0 53	0.3675213675
0 70	0.0638297872
10 20 52	0.0353634578
0 47 49	0.0623678647
0 6 8	0.0484261501
84 61	0.3846153846
10 20 70	0.0660377358
0 59 66	0.0729023384
10 20 53	0.2365747460
0 47 6	0.0179414542
63 20	0.1000000000
10 7 52	0.0213963964
0 8	0.0645161290
61 6 49	0.0680412371
84 10	0.1111111111
0 32 66	0.0409556314
0 3 67	0.1468531469
0 64 29	0.1266968326
61 47 66	0.1272727273
0 52	0.0417910448
49 49	0.0529595016
64 3 61	0.3720930233
6 3 65	0.1111111111
49 47 66	0.0868094701
49 57 49	0.0780399274
49 29	0.0769230769
32 61 5	0.2543859649
49 49 18	0.0396475771
64 29	0.0666666667
13 6 70	0.0593220339
52 8 49	0.0946969697
59 10 51	0.1428571429
13 63 10	0.1739130435
6 49 51	0.0822580645
47 11 49	0.0877659574
59 65	0.1153846154
52 3 61	0.3731343284
49 53 10	0.3728813559
52 49 70	0.0333333333
49 13 49	0.0330407847
32 52 49	0.0448979592
13 49 65	0.2019230769
64 76 18	0.0571428571
52 53 53	0.2352941176
52 0 65	0.2272727273
32 59 53	0.2982456140
13 49 66	0.1074895978
49 6 70	0.0555555556
6 59 49	0.0613057325
59 52 49	0.0537513998
49 20 10	0.3066037736
49 76 18	0.1038961039
49 48 49	0.0527522936
49 52 66	0.0818713450
59 6 53	0.2347328244
47 53 49	0.0775510204
75 52 49	0.0704225352
61 67 31	0.1384615385
0 0 52	0.0734265734
17 59 66	0.0806818182
0 54 49	0.0643015521
0 32 53	0.3133333333
0 52 66	0.0840286055
0 49 53	0.3072196621
2 0 8	0.1142857143
0 61 5	0.2608695652
61 52 53	0.3263157895
61 2	0.0227272727
17 0 50	0.0291970803
0 52 10	0.1936936937
0 53 5	0.2985074627
0 11 10	0.1794871795
17 59 49	0.0458593054
0 49 51	0.0665083135
17 49 10	0.2300000000
0 52 14	0.1234567901
17 5 50	0.2857142857
0 7 66	0.0936254980
0 49 20	0.0796460177
10 64 36	0.0388888889
0 1 10	0.2470588235
17 59 53	0.2821782178
2 61 20	0.0259740260
3 77 1	0.0263157895
0 3 53	0.3296875000
0 66 51	0.0602582496
0 1	0.0240000000
3 57 61	0.2000000000
0 6 49	0.0539073806
59 47 53	0.1935483871
47 47 10	0.3095238095
61 51 51	0.0527704485
47 50 18	0.1147540984
32 49 29	0.1176470588
49 59 49	0.0506566604
3 57 49	0.0622009569
49 54 66	0.0550458716
46 10 5	0.1737089202
49 22 49	0.0909090909
78 52 61	0.4727272727
49 46 53	0.1355932203
49 7 61	0.3238095238
6 57 10	0.3000000000
59 32 49	0.0643431635
59 48 65	0.1086956522
13 46 66	0.1674208145
6 47 31	0.0876288660
59 53 5	0.2456140351
47 31	0.0512820513
3 67 51	0.1875000000
47 6 36	0.0615384615
2 61	0.1785714286
2 64 29	0.0377358491
2 6 53	0.2383419689
0 11 1	0.0153061224
10 3 10	0.2323232323
0 13 52	0.0326923077
56 49	0.1000000000
56 54 65	0.4285714286
0 49 8	0.0404312668
0 52 53	0.2993326978
56 52	0.0909090909
0 65	0.1750000000
56 66	0.1875000000
0 6 53	0.2980049875
0 42 66	0.1111111111
17 59 52	0.0442610653
0 9	0.0500000000
0 3 6	0.0397686189
10 20 14	0.0779220779
43 0 53	0.4000000000
0 73 6	0.0163934426
38 61	0.3333333333
0 78 49	0.0513245033
56 49 53	0.5555555556
0 78 10	0.1206896552
0 6 10	0.2163355408
0 7	0.0400000000
38 10	0.0869565217
56 1 61	0.3125000000
10 7 10	0.2433460076
0 49 10	0.2009685230
10 7 70	0.1200000000
0 49 49	0.0433349034
61 3 53	0.3678160920
56 52 53	0.3888888889
0 59 10	0.1842818428
0 3 0	0.2556390977
56 8	0.1666666667
0 1 14	0.0638297872
0 70 29	0.1623376623
0 11 49	0.0590062112
17 49 61	0.3115727003
56 1 53	0.4444444444
0 22 66	0.1459854015
0 49 66	0.0596745027
56 3 61	0.2222222222
52 64 29	0.0585585586
78 59 49	0.0672268908
3 46 10	0.1986062718
3 53 5	0.2916666667
52 47 53	0.2273901809
52 52 10	0.3064516129
3 52 66	0.1231603408
13 66 5	0.1814814815
69 1 66	0.0982658960
6 1 10	0.2780748663
59 2 49	0.0617577197
59 49 48	0.0662650602
47 52 66	0.1075110457
49 6 61	0.3318584071
13 5 0	0.2727272727
49 52 53	0.2242990654
3 52 61	0.4350282486
3 7 66	0.1152542373
59 53 53	0.3500000000
52 8 66	0.1304347826
49 11 10	0.2727272727
49 2 10	0.2982456140
49 5 5	0.1995359629
52 3 53	0.3188720174
13 5 50	0.3600000000
3 13 53	0.3876221498
59 78 49	0.0579710145
60 32 53	0.3846153846
59 49 29	0.0821917808
13 49 5	0.2278481013
52 52 66	0.0953216374
49 6 53	0.2781569966
52 49 53	0.2516411379
78 10	0.2142857143
52 7 10	0.1612903226
47 49 5	0.2302839117
32 6 10	0.2564102564
6 3 10	0.2516339869
69 1 53	0.3373493976
3 4 53	0.2000000000
64 24 49	0.0547945205
13 52 10	0.3050847458
49 6 10	0.2774193548
49 19 10	0.2388059701
77 50 53	0.1911764706
13 14 53	0.2500000000
10 48	0.0833333333
6 6 49	0.0682730924
57 10	0.0909090909
13 49 10	0.3390476190
49 48	0.0333333333
11 10	0.0909090909
64 24 53	0.1282051282
49 52 10	0.2437673130
6 11 66	0.0885714286
13 46 10	0.1986970684
6 50 18	0.0986301370
64 36 48	0.0487804878
59 65 5	0.2093023256
52 49 5	0.2131979695
14 49	0.0163934426
3 63 66	0.1422680412
13 3 66	0.1054852321
3 52 49	0.0671342685
49 24 53	0.1827956989
2 53	0.1666666667
60 47 31	0.0500000000
60 49 66	0.1235955056
49 61 51	0.1062992126
49 1 53	0.2746666667
49 52 61	0.3933649289
49 18 66	0.0645161290
13 6 53	0.2761904762
3 47 66	0.1075268817
3 47 53	0.2342105263
32 10	0.1600000000
64 52 49	0.0730769231
6 0 66	0.0601503759
13 4 53	0.2857142857
52 49 61	0.3769230769
78 52 53	0.3236994220
52 1 61	0.4207920792
13 78 66	0.0909090909
6 3 66	0.0848896435
6 53 66	0.0830670927
52 8 53	0.2857142857
3 20 10	0.2758620690
6 53 51	0.1150442478
59 49 51	0.0786516854
59 11 53	0.2500000000
32 32 53	0.3076923077
52 2 53	0.2941176471
49 52 49	0.0576077397
49 29 53	0.2285714286
3 66 5	0.1869369369
49 78 53	0.2203389831
49 78 10	0.2840909091
32 13 10	0.2352941176
47 14 66	0.1240000000
13 1 53	0.2595419847
49 59 61	0.3383458647
59 6 70	0.0687022901
13 70	0.0526315789
49 9	0.0526315789
77 6 68	0.0333333333
13 61 51	0.1160714286
59 61 5	0.1984732824
52 47 10	0.3225806452
49 20 53	0.2261001517
32 2 61	0.2285714286
59 59 53	0.2333333333
53 20 65	0.1034482759
13 49 49	0.0648612504
6 1 53	0.2706552707
32 67 31	0.1230769231
49 82 29	0.0833333333
32 59 66	0.0806451613
6 59 10	0.3537117904
78 3 10	0.3866666667
52 31 10	0.2333333333
6 6 9	0.0408163265
3 57 10	0.2916666667
32 49 61	0.3225806452
49 8 53	0.2631578947
47 70 9	0.0149253731
52 48 10	0.1847826087
49 11 49	0.0729613734
89 20 53	0.1200000000
38 61 7	0.0392156863
0 48 6	0.0486725664
0 53 53	0.2358974359
0 47 52	0.0620957309
17 20 8	0.0500000000
0 49 6	0.0323308271
0 6 6	0.0327710843
89 20	0.1000000000
61 3 1	0.0212765957
0 59 52	0.0449881610
89 20 14	0.1666666667
0 78 53	0.3145539906
0 49 52	0.0487385321
0 6 66	0.0619266055
39 56 61	0.2580645161
17 0 20	0.0903225806
61 7 52	0.0203549061
89 20 52	0.0697674419
0 50 14	0.1153846154
0 67 1	0.1068702290
0 57 52	0.0603174603
0 47 8	0.0642458101
17 61 5	0.2456140351
0 52 52	0.0356294537
0 57 6	0.0268041237
38 61 53	0.1818181818
0 50 5	0.1951219512
0 32 6	0.0268656716
61 7 8	0.0402414487
39 56 52	0.0447761194
48 49	0.0579710145
47 57 53	0.2846715328
48 59 10	0.4583333333
47 2 10	0.3500000000
48 60 49	0.0666666667
59 14 66	0.1075268817
48 52 66	0.1568627451
49 49 49	0.0530303030
52 46 53	0.1551724138
47 49 2	0.0155038760
13 3 10	0.2959641256
52 61 51	0.1144067797
47 7 10	0.2413793103
6 11 53	0.2138364780
3 46 66	0.1188118812
47 11 66	0.0846905537
6 48 10	0.2844827586
3 59 61	0.4238410596
78 61 51	0.1657142857
78 78 53	0.5438596491
61 3 10	0.3000000000
59 6 10	0.2890365449
52 13 49	0.0376825247
52 49 51	0.0884955752
6 13 10	0.3232758621
59 49 61	0.3424657534
3 3 65	0.1568627451
47 50 36	0.0491803279
59 32 66	0.0600000000
3 11 49	0.0607375271
13 51 0	0.3818181818
59 6 66	0.0743801653
61 54 10	0.1714285714
17 50 20	0.0975609756
63 61 2	0.0344827586
89 0 52	0.0714285714
17 50	0.1333333333
17 59 61	0.2851985560
17 50 51	0.0508474576
0 48 53	0.3963963964
0 1 52	0.0418079096
0 50	0.0122699387
0 32 10	0.1752577320
0 78 7	0.1000000000
0 4 49	0.0574018127
61 20 7	0.0405405405
0 49 29	0.1337579618
17 0 66	0.0840000000
89 61	0.3636363636
0 52 49	0.0564195298
61 48	0.2000000000
0 10 5	0.3148148148
61 60 65	0.1333333333
61 19 8	0.0447761194
63 10	0.1578947368
17 49 66	0.0953920776
0 0 8	0.0887096774
0 7 49	0.0783132530
61 66 5	0.2125000000
0 1 8	0.0859728507
0 52 7	0.0322580645
17 49 49	0.0575853852
61 51 20	0.0368364030
61 6 7	0.0909090909
61 53 52	0.1428571429
10 15 53	0.4065934066
17 46 66	0.1030927835
61 7 10	0.3083003953
0 49 61	0.2885906040
0 59 53	0.3253234750
0 7 10	0.1886792453
10 5 20	0.0710526316
10 79 10	0.1600000000
61 52 66	0.1130434783
63 3 6	0.0909090909
61 53 66	0.1500000000
61 6 6	0.0547945205
63 10 5	0.3287671233
0 0 10	0.2696629213
0 53 65	0.1600000000
0 1 66	0.0977011494
17 0 2	0.0151515152
47 78 49	0.0978260870
52 52 53	0.2658102767
6 2 53	0.2777777778
49 50 53	0.2500000000
47 31 49	0.0398009950
60 3 53	0.3137254902
48 52 61	0.5357142857
3 3 66	0.1092307692
6 54 10	0.2884615385
60 46 10	0.2115384615
52 50 66	0.1116504854
52 46 66	0.1698113208
59 88 70	0.1111111111
60 47 10	0.4814814815
48 47 53	0.2857142857
48 10	0.1904761905
47 3 61	0.4285714286
48 13 50	0.0909090909
49 6 66	0.1004784689
6 6 10	0.3165137615
52 47 65	0.2000000000
59 8 10	0.0792079208
49 46 66	0.1212121212
3 4 66	0.0697674419
6 49 5	0.2142857143
2 61 51	0.1190476190
2 0 10	0.3333333333
61 6 66	0.1100000000
61 56 8	0.0272727273
61 3 61	0.4294478528
61 56 66	0.0982456140
3 3 14	0.0181818182
0 63 61	0.4827586207
0 1 61	0.3152709360
0 0 66	0.0911680912
61 3 6	0.0194610778
0 3 1	0.0353356890
17 0 14	0.0833333333
17 49 8	0.0842391304
0 3 61	0.3108108108
10 3 66	0.0883977901
3 48 6	0.0076530612
61 20 53	0.2696011004
0 32 52	0.0459770115
3 59 10	0.3513011152
0 70 5	0.1489361702
61 3 7	0.0409356725
17 89 61	0.2608695652
0 60 1	0.0370370370
14 47 53	0.1774193548
53 75 18	0.0539215686
53 15 53	0.2820512821
52 3 10	0.2584269663
49 17 61	0.2888888889
6 2 10	0.4333333333
52 46 61	0.2848837209
60 46 61	0.3953488372
78 64 29	0.0961538462
47 6 49	0.0671420083
47 66 51	0.0775862069
14 53	0.0588235294
47 68	0.0312500000
6 68 5	0.4666666667
14 59 49	0.0308880309
49 17 10	0.1702127660
49 1 49	0.0705596107
6 11 70	0.0500000000
67 1 53	0.3376623377
0 11 53	0.2488038278
0 29	0.1000000000
17 46 10	0.1397849462
10 7 49	0.0641458474
0 13 53	0.3770491803
17 10	0.0740740741
0 63 10	0.1466666667
0 54 10	0.1518987342
0 52 61	0.2885906040
3 3 53	0.3616071429
0 57 66	0.0816777042
0 36	0.0833333333
0 22 53	0.2297297297
17 17 61	0.2608695652
0 3 66	0.1044992743
0 6 18	0.0609318996
0 36 51	0.0500000000
61 7 1	0.0146579805
0 1 70	0.0851063830
0 7 65	0.2033898305
43 61	0.4000000000
56 53	0.0909090909
56 49 7	0.0322580645
61 6 8	0.1666666667
61 7 65	0.2000000000
56 49 29	0.2000000000
10 3 53	0.3111545988
56 7	0.1666666667
10 7 65	0.1549295775
0 76 29	0.1219512195
61 60 8	0.1428571429
0 10 51	0.0762195122
0 60 53	0.2957746479
0 8 4	0.0666666667
49 47 49	0.0738498789
6 13 53	0.3107692308
13 6 66	0.0921409214
3 63 10	0.1450617284
59 59 49	0.0519287834
49 57 53	0.2613065327
14 61	0.1785714286
13 57 10	0.2400000000
61 46 50	0.4666666667
6 49 10	0.3309608541
6 66 51	0.0814159292
59 32 61	0.3571428571
61 20 10	0.3255813953
10 5 2	0.0205761317
13 0 51	0.1694915254
6 57 66	0.0819672131
13 13 10	0.3010752688
0 66 7	0.0337078652
0 78 52	0.0483383686
0 59 65	0.2014925373
0 52 65	0.1959183673
84 0 8	0.1200000000
10 7 8	0.0528455285
0 32 61	0.2763157895
63 56 61	0.3750000000
61 56 52	0.0185185185
61 6 61	0.3000000000
0 53 51	0.0817073171
61 55 18	0.1136363636
61 20 1	0.0124333925
10 3 67	0.1046511628
6 3 53	0.2638888889
60 10 51	0.1515151515
6 49 49	0.0553608970
47 4 65	0.1428571429
47 54 53	0.3030303030
6 60 66	0.0937500000
6 3 61	0.3860465116
6 59 65	0.1067961165
59 49 10	0.2857142857
48 3 65	0.2352941176
47 46 66	0.1228070175
13 53 10	0.2941176471
3 3 0	0.3333333333
49 49 51	0.0823970037
64 29 5	0.1340782123
6 49 53	0.2524271845
3 59 66	0.0794140324
77 49 10	0.2000000000
52 1 66	0.0981595092
13 3 65	0.2075471698
59 7 10	0.1935483871
52 42 10	0.2307692308
49 47 10	0.3049645390
47 78 53	0.2564102564
3 53 53	0.2553191489
49 49 5	0.1703703704
78 78 61	0.5686274510
78 52 66	0.1096774194
32 47 53	0.2222222222
13 57 66	0.1038251366
53 5 5	0.1531531532
32 3 50	0.0451612903
3 2 53	0.2200000000
59 14 53	0.2796610169
78 61 5	0.3058823529
3 10 51	0.1567398119
49 57 66	0.0930232558
53 21 50	0.2195121951
47 59 53	0.3043478261
78 2 49	0.0645161290
6 54 49	0.0894568690
2 13 10	0.2340425532
61 77 21	0.0545454545
0 47 14	0.1315789474
2 0 53	0.3561643836
61 5 20	0.0291970803
0 57 10	0.1443298969
3 60 6	0.0062111801
0 68 20	0.1170212766
0 67 51	0.1600000000
17 17 0	0.1014492754
0 13 49	0.0343400910
0 1 49	0.0577172503
49 1 61	0.3641618497
6 60 10	0.3333333333
10 20 10	0.2432432432
52 67 51	0.2121212121
52 59 49	0.0636015326
14 49 5	0.1428571429
3 13 10	0.3175355450
3 50 66	0.1185185185
53 3 10	0.2541436464
52 32 66	0.0400000000
47 66 0	0.3478260870
13 6 49	0.0662251656
78 3 0	0.2500000000
13 7 49	0.0689655172
53 3 61	0.3695652174
46 17 0	0.1496062992
0 52 70	0.0837209302
56 60 70	0.2222222222
0 54 53	0.2394366197
0 3 70	0.1057692308
38 0 49	0.0441988950
10 5 7	0.0238532110
61 53 48	0.3000000000
61 54 70	0.1333333333
56 57 49	0.0833333333
38 0 53	0.3417721519
2 10	0.1304347826
10 20 8	0.0410628019
2 0 66	0.1376146789
0 59 70	0.0714285714
61 6 68	0.0444444444
59 46 53	0.1250000000
49 67 31	0.0875912409
10 85 10	0.0857142857
11 52 49	0.0175438596
53 64 29	0.0875000000
6 50 31	0.0923076923
14 49 61	0.1400000000
49 57 10	0.2988505747
47 31 51	0.0704225352
64 4 49	0.0597484277
14 52 49	0.0398773006
59 47 49	0.0733333333
47 70 29	0.0787401575
75 18	0.0638297872
77 21 66	0.1266968326
6 61 51	0.1138211382
13 3 61	0.3103448276
77 6 36	0.0606060606
3 6 36	0.0312500000
10 7	0.0074626866
0 0 9	0.0833333333
10 7 6	0.0103773585
10 3 6	0.0259019426
84 0 68	0.0588235294
63 56 49	0.0428571429
0 57 53	0.3054187192
33 20	0.1000000000
10 85 61	0.3555555556
0 68	0.0408163265
0 47 66	0.0753935377
0 54 66	0.0594594595
0 57 65	0.1538461538
0 53 52	0.0550161812
61 54 66	0.1294117647
0 47 7	0.0344827586
10 20 7	0.0192307692
61 52 49	0.0619047619
0 57 1	0.0404624277
0 67	0.0909090909
0 78 68	0.0727272727
33 20 52	0.0697674419
61 7 68	0.0548523207
84 39 20	0.1000000000
0 59 49	0.0456553756
61 3 52	0.0261489699
10 7 66	0.1038186158
0 14 7	0.1132075472
0 11 8	0.0828402367
0 47 10	0.1445783133
0 50 49	0.0608108108
61 3 14	0.0519480519
84 0 67	0.1875000000
0 4 10	0.1400000000
10 82 29	0.1167512690
0 47 65	0.1987179487
61 52 14	0.1428571429
0 80 4	0.1176470588
0 60 65	0.1794871795
0 49 18	0.0648967552
89 0 8	0.0975609756
17 61 53	0.3000000000
0 52 8	0.0805785124
0 50 29	0.1082802548
0 0 49	0.0686695279
89 0 53	0.3066666667
0 4 52	0.0680628272
0 65 5	0.2539682540
0 69 1	0.0492610837
17 49 7	0.0489130435
52 59 10	0.3318181818
52 48 65	0.1489361702
69 31 61	0.3000000000
2 49 49	0.0471698113
14 59 53	0.1780821918
13 49 70	0.0711111111
47 32 49	0.0616113744
6 13 66	0.0672043011
49 0 65	0.2037037037
49 60 65	0.2857142857
3 60 70	0.1428571429
59 47 66	0.0724971231
47 53 10	0.3200000000
49 10 2	0.0582524272
67 23 10	0.3617021277
52 47 68	0.0073529412
49 60 10	0.2307692308
52 31 53	0.4516129032
52 49 18	0.0696864111
47 57 70	0.1176470588
6 13 61	0.4580645161
2 0 61	0.3846153846
0 70 18	0.0685358255
10 51 48	0.0545454545
0 3 50	0.0343980344
61 64 29	0.1025641026
61 3 65	0.2336956522
56 32 52	0.0400000000
63 0 49	0.0634920635
56 59 49	0.1052631579
0 13 61	0.2746781116
10 7 1	0.0125786164
43 61 66	0.0625000000
0 2 49	0.0591133005
78 3 50	0.0878378378
47 52 10	0.2447916667
13 32 49	0.0515463918
13 14 61	0.4262295082
49 59 53	0.2400000000
3 32 61	0.3846153846
49 49 53	0.2347826087
6 46 61	0.2574850299
6 32 66	0.0752688172
3 14 61	0.4200000000
2 6 61	0.3384615385
49 24 10	0.2142857143
49 68 5	0.4666666667
49 65 5	0.2957746479
89 0 10	0.3076923077
0 53 14	0.1475409836
17 49 53	0.2904656319
10 51 20	0.0352697095
10 15 6	0.0263157895
0 11 7	0.0705882353
0 48 49	0.0662824207
84 0 52	0.0650406504
0 8 52	0.0588235294
84 0 50	0.0204081633
0 20 68	0.0344827586
0 0 0	0.1578947368
0 14 6	0.0217917676
61 24 49	0.0886075949
0 13 66	0.0641025641
61 52 65	0.1714285714
61 7 6	0.0139765555
0 77 21	0.1132075472
13 63 61	0.2705479452
52 59 66	0.0831792976
52 11 10	0.3260869565
49 4 53	0.2023121387
13 49 29	0.0901639344
52 11 66	0.0975609756
52 1 53	0.2816537468
59 54 49	0.0748663102
13 53 5	0.2361809045
3 11 10	0.2500000000
78 3 53	0.3709677419
32 3 53	0.2714285714
52 17 0	0.1600000000
53 20 49	0.0765027322
60 61 51	0.1492537313
13 1 10	0.3333333333
49 2 51	0.1156462585
2 3 50	0.0642201835
0 53 49	0.0875000000
0 24 53	0.2631578947
3 2 61	0.4772727273
17 61 51	0.0863309353
0 50 53	0.3555555556
0 11 66	0.0828402367
0 2 53	0.2698412698
0 6 29	0.1384615385
0 18 51	0.0666666667
3 10 5	0.2565789474
0 4 66	0.0869565217
3 13 49	0.0463439753
0 48 66	0.1118012422
0 20 53	0.2205882353
3 57 53	0.3282442748
3 53 51	0.1311475410
0 50 18	0.0720720721
0 13 10	0.2050359712
61 20 65	0.2010582011
10 3 1	0.0249110320
56 6 53	0.4782608696
43 10 5	0.2941176471
0 57 70	0.1176470588
0 1 65	0.1846153846
43 63 10	0.1666666667
63 63 61	0.4285714286
17 51 50	0.3000000000
0 14 66	0.1207430341
61 60 53	0.2666666667
38 0 65	0.1904761905
61 2 51	0.0923076923
56 66 51	0.1290322581
0 59 6	0.0425531915
0 3 8	0.1102362205
0 78 6	0.0301369863
61 54 1	0.0714285714
39 79 61	0.2500000000
0 1 6	0.0263691684
0 13 8	0.0238095238
0 48 52	0.0542168675
38 10 7	0.0408163265
39 56 6	0.0312500000
89 85 0	0.0263157895
0 3 52	0.0443786982
38 61 5	0.3076923077
17 0 53	0.2538461538
61 52 61	0.3230769231
17 49 14	0.0865800866
60 52 66	0.1304347826
64 52 66	0.0784313725
6 46 66	0.1322751323
59 3 61	0.3216374269
3 78 10	0.3281250000
49 13 61	0.3985507246
49 49 66	0.0695825050
78 10 51	0.1800000000
49 49 61	0.3488372093
77 21 61	0.3934426230
52 49 49	0.0599226804
78 59 61	0.5538461538
13 20 53	0.2352941176
13 47 10	0.3203125000
53 15 10	0.2038567493
3 50 49	0.0574712644
2 10 5	0.1914893617
6 61 5	0.2160000000
0 6 67	0.0707964602
17 5 0	0.1428571429
0 60 49	0.0747126437
0 10 10	0.0666666667
0 57 67	0.0714285714
48 38 61	0.2000000000
0 54 67	0.1034482759
0 14 49	0.0692041522
0 20 10	0.2173913043
0 66 67	0.1111111111
48 0 66	0.0329670330
48 61 66	0.0740740741
48 0 10	0.1600000000
0 2 10	0.2330097087
17 0 5	0.1603053435
39 20 67	0.0588235294
61 21 49	0.0720000000
17 49 67	0.0441176471
17 5 67	0.1818181818
48 61 5	0.2380952381
0 13 0	0.1739130435
63 0 14	0.1071428571
0 2 6	0.0424929178
0 53 20	0.0697674419
17 49 1	0.0299401198
0 2 52	0.0395387150
0 48 1	0.0634920635
2 59 65	0.0943396226
49 15 49	0.0481586402
64 52 31	0.0689655172
6 8 65	0.0937500000
59 46 10	0.1716417910
59 59 65	0.1235955056
49 48 5	0.1834862385
64 29 61	0.3600000000
78 59 70	0.0731707317
59 69 31	0.0960000000
47 23 10	0.1509433962
63 0 66	0.0994764398
17 38 10	0.1428571429
17 49 6	0.0283125708
63 0 61	0.3000000000
63 3 61	0.3823529412
63 10 20	0.1016949153
17 46 61	0.4329896907
17 0 52	0.0498084291
17 0 7	0.0232558140
61 20 6	0.0093123209
61 52 52	0.0727272727
17 20 65	0.0882352941
52 59 61	0.4791666667
3 48 67	0.0277777778
52 54 53	0.3583333333
6 64 36	0.0588235294
52 53 51	0.1334459459
47 57 10	0.3606557377
52 47 49	0.0906515581
48 52 53	0.3195876289
47 70 18	0.0689655172
77 21 49	0.0759878419
3 51 67	0.2222222222
59 52 53	0.2078125000
60 52 53	0.3258426966
77 1 49	0.0727272727
52 49 66	0.0761194030
77 21 53	0.3120567376
52 42 67	0.1111111111
52 11 53	0.2880434783
52 7 49	0.0829493088
3 13 66	0.0772833724
17 61 66	0.0500000000
0 4 53	0.2500000000
0 8 66	0.0942760943
17 51 0	0.2715231788
0 18 49	0.0441176471
17 20 49	0.0673076923
3 6 66	0.1005199307
0 48 10	0.1923076923
0 53 66	0.0791666667
0 0 5	0.0958904110
61 7 14	0.0617760618
17 56 53	0.1818181818
61 20 8	0.0611111111
89 0 49	0.1038251366
0 70 36	0.0289855072
89 0 65	0.2380952381
49 67 51	0.2121212121
13 6 10	0.3374485597
6 47 67	0.0727272727
49 10 51	0.1355932203
6 60 53	0.2900763359
47 67	0.0555555556
48 13 49	0.0675241158
6 49 18	0.0696202532
47 70 36	0.0630630631
52 10 51	0.1553784861
47 13 53	0.3355704698
6 2 66	0.0500000000
49 69 31	0.0872483221
53 20 10	0.2926829268
2 52 53	0.2500000000
6 47 53	0.2148148148
49 8 10	0.1096774194
47 49 49	0.0588235294
78 13 10	0.3454545455
2 49 10	0.2596153846
6 13 49	0.0332225914
14 6 66	0.0622009569
6 78 10	0.2843137255
52 78 53	0.2500000000
6 70 18	0.0513833992
6 75 36	0.1063829787
13 53 49	0.0909090909
49 48 66	0.0820512821
6 53 49	0.0752688172
53 56 61	0.4580645161
3 47 49	0.0889967638
0 8 10	0.0264550265
3 14 53	0.2479338843
3 32 53	0.3333333333
49 13 66	0.0559440559
78 6 70	0.0408163265
49 56 65	0.3333333333
53 56 65	0.2000000000
13 63 66	0.1256983240
78 11 53	0.1428571429
6 59 70	0.0412371134
32 13 53	0.3148148148
47 11 65	0.1935483871
52 1 65	0.1702127660
77 1 61	0.3382352941
32 3 66	0.0784313725
13 47 49	0.0799418605
49 61 5	0.2592592593
77 23 53	0.3116883117
59 52 61	0.3678756477
3 48 66	0.1245421245
47 2 49	0.0901639344
67 4 10	0.3529411765
47 7 49	0.0815217391
0 10 61	0.3448275862
0 11 14	0.0612244898
0 11 52	0.0575342466
0 10 7	0.0286738351
17 59 8	0.0802919708
61 47 31	0.1384615385
0 57 8	0.0987654321
32 2 49	0.0344827586
13 11 10	0.2678571429
13 7 66	0.1146496815
47 13 10	0.3063063063
59 47 10	0.3115942029
49 66 5	0.1764705882
49 18 53	0.2307692308
59 3 53	0.2426470588
77 4 66	0.0666666667
59 61 51	0.1026615970
60 78 10	0.1818181818
13 46 53	0.1854838710
60 78 61	0.4285714286
77 23 10	0.3114754098
59 3 0	0.2857142857
3 67 31	0.1180124224
47 59 65	0.2500000000
3 20 53	0.2340425532
14 52 53	0.2056074766
32 60 53	0.2424242424
77 6 66	0.0731707317
3 20 65	0.2608695652
2 3 65	0.1400000000
47 66 48	0.0915492958
53 64 36	0.0526315789
52 13 0	0.3258426966
49 7 66	0.0954151177
13 75 18	0.0763358779
49 53 5	0.2256637168
49 17 50	0.3333333333
53 20 53	0.2463343109
13 47 66	0.0909090909
78 46 10	0.2173913043
47 6 66	0.1038011696
47 53 5	0.2602739726
49 64 29	0.0726141079
0 60 66	0.0695970696
0 5 50	0.2666666667
3 6 10	0.3342465753
3 59 14	0.0094786730
61 6 10	0.2000000000
61 3 8	0.0640243902
0 11 67	0.0833333333
48 3 61	0.1538461538
0 13 67	0.1093750000
0 1 67	0.0919540230
61 21 66	0.1230769231
48 0 53	0.0925925926
17 59 67	0.0487804878
61 4 67	0.2000000000
0 53 67	0.1086956522
48 17 67	0.2857142857
63 61 53	0.3571428571
0 0 7	0.0344827586
61 54 53	0.2222222222
61 6 53	0.2600000000
10 85 0	0.0117647059
89 0 66	0.1500000000
0 19 10	0.1764705882
89 0 61	0.3043478261
0 4 65	0.1509433962
0 59 8	0.0807692308
0 3 65	0.1623376623
0 24 10	0.0833333333
10 75 36	0.0309278351
17 20 53	0.1969696970
78 3 66	0.1264822134
13 6 61	0.4312500000
49 1 70	0.0864197531
13 57 53	0.2660550459
3 48 49	0.0742187500
78 59 53	0.3984375000
6 8 70	0.0303030303
13 14 10	0.3414634146
6 0 53	0.3090909091
49 59 66	0.0695443645
6 49 48	0.0830945559
47 57 49	0.0857142857
49 56 61	0.2964601770
6 1 49	0.0579964851
32 32 61	0.3918918919
78 2 10	0.1875000000
13 8 66	0.1166666667
49 20 65	0.1414634146
60 49 49	0.0856031128
3 52 65	0.1520467836
17 59 70	0.0748299320
0 19 66	0.2058823529
17 56 66	0.1875000000
89 56 66	0.0697674419
0 22 7	0.1176470588
0 78 66	0.1000000000
17 59 6	0.0255474453
39 56 53	0.1290322581
0 54 52	0.0517928287
0 53 10	0.1891891892
56 2 6	0.0526315789
43 0 1	0.0357142857
0 42 65	0.1764705882
56 66 5	0.2045454545
56 78 10	0.1428571429
61 56 70	0.0283018868
56 32 65	0.2500000000
0 50 1	0.0432098765
61 24 1	0.0476190476
61 55 29	0.2000000000
56 52 61	0.2142857143
56 4 6	0.0666666667
0 6 65	0.1485714286
56 46 61	0.5555555556
56 59 52	0.0588235294
0 50 52	0.0878378378
61 24 6	0.0294117647
61 5 48	0.1034482759
56 32 53	0.4000000000
13 52 53	0.2724137931
32 49 18	0.0957446809
61 51 48	0.2055555556
48 10 5	0.1666666667
14 49 53	0.1494252874
6 57 53	0.2781065089
77 1 10	0.2891566265
3 47 31	0.0984455959
3 60 49	0.0566801619
59 67 31	0.0990099010
59 14 49	0.0613026820
47 60 66	0.0913705584
11 49 5	0.0666666667
59 11 10	0.2435897436
78 13 61	0.4545454545
6 46 53	0.1454545455
52 32 61	0.3469387755
60 13 50	0.0784313725
13 11 53	0.2173913043
47 53 53	0.2711864407
78 49 10	0.2873563218
6 57 49	0.0711382114
52 0 53	0.2604166667
2 49 66	0.0559701493
59 42 66	0.0666666667
47 32 10	0.3947368421
49 66 48	0.0956521739
59 4 10	0.2258064516
49 14 53	0.2083333333
59 6 61	0.3436123348
52 3 50	0.0677419355
49 18	0.0136986301
59 60 53	0.2962962963
59 3 10	0.2118644068
13 78 10	0.2368421053
6 48 49	0.0478654592
3 65 5	0.3333333333
13 32 66	0.0820895522
59 48 10	0.1886792453
6 50 53	0.2653061224
6 53 5	0.2164179104
64 4 53	0.2364864865
2 6 10	0.2448979592
59 8 53	0.2588235294
59 49 49	0.0520915549
6 13 50	0.0750000000
53 19 66	0.0655270655
3 1 10	0.3089430894
2 57 61	0.1666666667
14 10	0.1176470588
57 49 5	0.0666666667
47 11 10	0.3384615385
13 3 53	0.3121546961
0 19 68	0.0500000000
43 0 65	0.3333333333
63 0 52	0.0547945205
56 57 66	0.0243902439
43 10	0.1250000000
61 47 70	0.1333333333
56 53 65	0.3000000000
0 42 53	0.3448275862
38 61 51	0.0847457627
61 47 21	0.1111111111
56 6 49	0.0947368421
0 50 66	0.0645161290
56 49 51	0.1904761905
52 67	0.0370370370
6 14 49	0.0650887574
48 32 53	0.4800000000
59 49 36	0.0344827586
59 66 51	0.0827067669
49 11 66	0.0785907859
47 31 53	0.2765957447
48 49 61	0.5121951220
59 1 65	0.0800000000
6 49 61	0.3500000000
13 32 65	0.0370370370
60 6 61	0.5681818182
46 61 5	0.1395348837
59 53 51	0.1127049180
64 29 53	0.2625000000
48 47 49	0.1219512195
49 59 67	0.0408163265
13 49 48	0.0586734694
64 52 53	0.2110091743
52 70 5	0.1702127660
48 53 51	0.1460674157
6 65 5	0.2631578947
52 3 0	0.3437500000
48 52 49	0.0894941634
49 1 10	0.3130841121
47 32 53	0.3148148148
47 3 10	0.2676056338
49 1 66	0.0938697318
52 57 70	0.0857142857
3 46 53	0.1445086705
6 49 66	0.0881889764
52 10 5	0.2031250000
47 4 66	0.0729166667
61 46 67	0.3076923077
52 3 66	0.0996093750
13 48 61	0.2571428571
47 4 53	0.2413793103
59 78 10	0.2673267327
61 54 14	0.2000000000
0 78 61	0.3157894737
61 60 6	0.0370370370
63 20 53	0.2400000000
0 2 61	0.1860465116
0 57 49	0.0617886179
63 0 29	0.1333333333
0 78 65	0.2028985507
56 47 65	0.2222222222
56 46 14	0.1428571429
56 52 66	0.1153846154
61 19 70	0.1111111111
0 4 8	0.1025641026
61 64 9	0.1315789474
0 14 65	0.0476190476
0 10 48	0.2941176471
0 10 20	0.0952380952
43 0 49	0.0961538462
0 57 14	0.1000000000
43 61 53	0.1250000000
0 64 4	0.0238095238
0 59 1	0.0145454545
0 0 65	0.1964285714
61 54 67	0.0400000000
10 15 52	0.0213675214
17 59 65	0.1187500000
0 13 1	0.0142857143
10 77 1	0.0683760684
0 47 31	0.1191489362
47 6 65	0.1648351648
3 48 53	0.4226804124
49 17 0	0.1384615385
52 57 49	0.0702127660
49 0 49	0.0748987854
49 32 70	0.1372549020
67 31 53	0.4000000000
52 66 72	0.1333333333
13 52 61	0.4210526316
52 59 65	0.1388888889
6 68	0.0588235294
49 9 5	0.1538461538
32 52 70	0.0909090909
69 21 49	0.1162790698
47 57 68	0.0200000000
3 1 61	0.3680555556
39 82 18	0.0373831776
0 14 10	0.1730769231
0 15 10	0.0833333333
48 0 67	0.2500000000
59 32 10	0.2982456140
13 53 51	0.1226415094
32 10 51	0.1379310345
3 8 53	0.3235294118
59 49 66	0.0729001585
49 32 49	0.0572207084
3 48 61	0.4754098361
32 13 61	0.3962264151
32 48 53	0.4000000000
2 3 53	0.2536231884
47 50 66	0.1222707424
56 54 52	0.0666666667
43 61 7	0.0606060606
56 4 52	0.0833333333
48 6 53	0.2769230769
13 51 50	0.4200000000
48 32 10	0.5294117647
59 7 66	0.0938775510
3 54 66	0.0686695279
49 2 49	0.0630630631
52 4 53	0.2432432432
48 3 70	0.0370370370
48 53 5	0.1891891892
3 53 2	0.0199004975
52 3 65	0.0666666667
6 11 65	0.1142857143
48 14 61	0.3333333333
3 54 65	0.1509433962
52 4 10	0.2391304348
59 10 5	0.1928571429
61 64 36	0.0528846154
59 47 65	0.1451612903
52 4 66	0.0773195876
48 78 49	0.1060606061
6 13 67	0.0967741935
52 7 65	0.1395348837
13 10 5	0.2068965517
0 54 65	0.1547619048
89 61 51	0.0588235294
0 9 72	0.0400000000
61 47 53	0.3000000000
17 2 0	0.2500000000
61 60 52	0.1111111111
0 48 61	0.3043478261
0 47 21	0.0872483221
89 61 20	0.0526315789
61 75 18	0.0760095012
0 52 67	0.0406976744
63 0 9	0.1304347826
0 8 8	0.1341463415
63 3 53	0.4375000000
10 79 61	0.3000000000
0 7 68	0.0394736842
0 0 67	0.1538461538
61 47 52	0.1666666667
63 20 65	0.1111111111
63 82 29	0.1363636364
63 61 5	0.2790697674
84 0 6	0.0263157895
0 60 68	0.0303030303
84 0 49	0.0400000000
0 20 65	0.1052631579
0 6 68	0.0445859873
0 8 53	0.3095238095
63 43 61	0.2857142857
0 64 9	0.1219512195
63 20 10	0.0909090909
61 54 52	0.1578947368
78 60 49	0.0597014925
78 13 49	0.0622837370
49 70 29	0.0746268657
49 19 66	0.0668896321
64 29 49	0.0603773585
49 78 49	0.0543933054
32 49 10	0.2325581395
52 60 66	0.1168831169
49 4 10	0.2622950820
52 13 53	0.3201219512
3 1 65	0.0847457627
47 50 10	0.3750000000
47 53 66	0.0940438871
47 53 70	0.0377358491
3 13 0	0.3614457831
52 53 65	0.1833333333
53 56 53	0.3538461538
2 6 49	0.0636942675
6 7 66	0.1246819338
49 57 65	0.1058823529
59 1 49	0.0504731861
2 49 2	0.0071942446
61 20 68	0.0530973451
60 3 70	0.1176470588
14 32 61	0.3703703704
47 50 70	0.1315789474
13 13 61	0.4023668639
53 19 10	0.2151898734
0 14 52	0.0643939394
39 20 10	0.1739130435
17 0 51	0.1171875000
17 67 20	0.2000000000
39 20 8	0.0400000000
3 59 8	0.0043956044
0 49 7	0.0275761974
17 67 51	0.2000000000
2 52 66	0.0886597938
53 51 51	0.0716332378
14 49 10	0.1587301587
53 21 10	0.2941176471
13 32 61	0.4556962025
46 61 51	0.1309090909
3 13 61	0.4437869822
49 49 68	0.0144927536
32 47 66	0.0839160839
59 46 61	0.2277580071
52 70 9	0.0317460317
78 52 49	0.0686498856
47 48 68	0.0400000000
3 32 10	0.3205128205
52 7 66	0.1405895692
13 69 31	0.1011235955
53 20 68	0.0175438596
78 47 66	0.1307692308
6 14 66	0.1198156682
49 7 70	0.0210526316
52 52 65	0.1434977578
39 56 8	0.0526315789
3 78 53	0.3495934959
10 75 18	0.0680851064
3 3 61	0.4477611940
0 3 14	0.0694444444
0 66 48	0.1428571429
61 50 18	0.0750000000
10 3 14	0.0608695652
3 52 1	0.0020408163
61 56 7	0.0192307692
0 63 66	0.0928571429
78 3 61	0.2631578947
59 57 53	0.2905405405
3 66 51	0.0906432749
3 53 49	0.0601503759
3 66 48	0.1333333333
78 49 66	0.1163636364
13 66 48	0.1111111111
52 14 10	0.4000000000
13 48 10	0.2500000000
61 4 0	0.4666666667
52 57 10	0.2820512821
46 17 61	0.2250000000
6 50 36	0.0655737705
0 63 68	0.0400000000
10 5 48	0.2285714286
0 47 67	0.1076923077
61 52 1	0.0833333333
61 54 7	0.1428571429
10 2 20	0.0400000000
10 82 18	0.0765306122
56 54 49	0.1020408163
17 49 70	0.0773480663
0 8 6	0.0185185185
0 19 53	0.3170731707
63 0 68	0.0303030303
0 6 70	0.0607476636
56 2 49	0.0937500000
0 49 65	0.1796407186
13 7 10	0.2608695652
77 21 10	0.2857142857
2 61 5	0.2727272727
60 6 53	0.3365384615
78 47 10	0.3953488372
53 56 49	0.0679611650
47 60 49	0.0625000000
3 2 10	0.3048780488
13 14 66	0.1386138614
10 2 51	0.0987654321
3 1 66	0.0718750000
52 54 10	0.3548387097
0 47 70	0.0631578947
61 22 65	0.3571428571
0 67 20	0.2285714286
0 13 65	0.1549295775
56 54 53	0.3684210526
56 6 65	0.3333333333
61 53 51	0.1200000000
0 49 68	0.0405405405
0 42 10	0.0769230769
56 49 5	0.2558139535
61 67 1	0.1250000000
38 10 5	0.1428571429
0 50 20	0.0975609756
0 67 31	0.1131221719
38 10 20	0.1449275362
2 49 51	0.1011904762
75 18 49	0.0452261307
13 49 51	0.0792452830
47 23 53	0.1600000000
47 8 53	0.2500000000
49 19 53	0.1718750000
32 52 53	0.2450000000
47 23 65	0.1071428571
53 3 65	0.1584158416
59 1 53	0.2164948454
59 3 65	0.1428571429
47 64 36	0.0357142857
48 49 49	0.0862068966
52 13 61	0.4406779661
52 13 67	0.0735294118
48 3 53	0.2985074627
60 52 65	0.2083333333
59 57 66	0.0780141844
59 1 66	0.0766283525
3 52 67	0.0409836066
60 6 66	0.1127450980
78 60 10	0.2272727273
47 31 10	0.2558139535
49 32 53	0.3214285714
2 6 66	0.0757097792
14 6 65	0.0714285714
60 49 5	0.3360655738
49 88 10	0.3333333333
47 13 49	0.0475624257
3 10 20	0.0043290043
10 48 20	0.0333333333
0 14 14	0.2162162162
32 49 49	0.0594594595
52 8 10	0.0827586207
14 3 10	0.2400000000
47 50 29	0.0606060606
3 7 49	0.0710900474
59 88 49	0.0344827586
59 7 49	0.0707547170
48 64 29	0.0294117647
32 13 0	0.2195121951
57 47 53	0.0454545455
6 70 29	0.1000000000
59 70 36	0.0465116279
57 32 61	0.1250000000
0 54 6	0.0235294118
39 17 61	0.2500000000
0 59 7	0.0578512397
89 17 61	0.2000000000
3 14 66	0.1313131313
13 48 53	0.2649572650
13 11 66	0.0765306122
78 47 53	0.2830188679
3 11 53	0.2727272727
13 1 66	0.0978260870
32 6 61	0.3720930233
46 61 66	0.0952380952
10 7 67	0.0851063830
48 0 0	0.0625000000
0 60 67	0.1111111111
49 66 2	0.0058997050
3 78 61	0.3636363636
13 8 49	0.0743243243
52 32 10	0.3272727273
47 27 0	0.2592592593
6 11 10	0.2948717949
52 53 66	0.0794044665
6 57 70	0.0769230769
13 57 49	0.0731707317
59 57 65	0.0806451613
46 2 10	0.1764705882
77 4 53	0.1351351351
14 67 31	0.0731707317
3 8 49	0.0688073394
32 3 10	0.2315789474
49 18 10	0.2340425532
6 48 53	0.2324561404
53 55 29	0.1500000000
6 53 48	0.0967741935
49 59 10	0.2926829268
2 47 66	0.0649350649
6 78 49	0.0591497227
3 69 31	0.1200000000
49 49 10	0.2941176471
52 11 49	0.0801457195
49 15 10	0.1581920904
49 56 68	0.0476190476
13 8 70	0.0500000000
69 31 49	0.0600000000
78 53 51	0.1379310345
53 3 53	0.2715654952
52 49 65	0.1545454545
49 7 49	0.0596727623
2 17 0	0.2400000000
3 3 6	0.0038834951
0 8 49	0.0744680851
61 60 66	0.1142857143
0 1 1	0.0248962656
10 48 5	0.1904761905
61 52 10	0.2166666667
59 78 53	0.2500000000
6 10 61	0.1764705882
3 59 65	0.1547619048
60 59 10	0.3829787234
52 32 49	0.0557275542
59 59 10	0.2796610169
52 11 65	0.1265822785
6 14 53	0.2222222222
6 1 67	0.0312500000
3 61 5	0.2410714286
0 69 31	0.1409395973
17 10 5	0.2359550562
10 4 0	0.3200000000
0 5 0	0.1000000000
3 54 53	0.2560975610
47 10 61	0.2941176471
49 36 48	0.0869565217
2 13 50	0.1587301587
32 64 29	0.1034482759
2 60 53	0.1538461538
59 78 66	0.0666666667
52 31 61	0.3333333333
67 31 5	0.2336448598
13 4 10	0.1764705882
52 32 53	0.2682926829
13 64 36	0.0409836066
52 60 49	0.0541310541
52 8 65	0.1562500000
52 60 68	0.0322580645
78 2 61	0.5000000000
61 47 10	0.0666666667
2 0 7	0.1052631579
17 10 20	0.0813953488
49 78 61	0.2500000000
59 88 53	0.1818181818
49 50 66	0.0714285714
13 1 61	0.2878787879
78 78 49	0.0874316940
13 2 61	0.4200000000
6 10 51	0.1222222222
47 66 67	0.1428571429
6 48 66	0.0761904762
49 49 2	0.0060362173
60 52 61	0.5000000000
60 13 0	0.3000000000
6 4 53	0.2291666667
49 52 70	0.0655737705
59 50 18	0.0950413223
47 13 0	0.3783783784
52 14 61	0.5555555556
48 6 49	0.0745614035
47 31 61	0.3150684932
60 2 49	0.1063829787
60 47 53	0.2068965517
49 47 65	0.1438848921
49 61 53	0.0909090909
61 19 52	0.0434782609
61 19 6	0.0202020202
0 61 7	0.0314960630
56 1 65	0.2000000000
61 5 7	0.0195227766
0 7 6	0.0133333333
17 61 20	0.0144927536
89 61 5	0.3000000000
0 48 65	0.2250000000
61 7 7	0.0240963855
61 54 65	0.1500000000
0 53 2	0.0153846154
56 3 53	0.5294117647
61 66 51	0.0592592593
0 4 70	0.0784313725
56 11 49	0.0967741935
56 68 20	0.0909090909
56 50 18	0.0555555556
56 47 53	0.4400000000
17 84 61	0.2307692308
0 36 5	0.1111111111
0 18 5	0.1818181818
0 42 49	0.0526315789
0 18 53	0.2608695652
47 50 65	0.1538461538
49 13 10	0.2897196262
3 50 51	0.1395348837
49 50 18	0.0977011494
49 19 49	0.0521978022
32 14 61	0.2857142857
67 1 10	0.3404255319
67 23 49	0.0935960591
10 21 66	0.1600000000
60 47 65	0.3000000000
32 10 5	0.2264150943
59 10 2	0.0465116279
6 14 70	0.0384615385
46 56 49	0.1200000000
69 31 2	0.0500000000
13 13 49	0.0408401400
49 49 65	0.1111111111
60 13 53	0.4583333333
52 47 31	0.0955414013
13 3 0	0.2297297297
3 78 52	0.0053191489
3 47 6	0.0026007802
3 13 50	0.0985915493
43 63 61	0.4285714286
10 3 70	0.1166666667
0 52 68	0.0398009950
89 61 2	0.0588235294
63 0 1	0.0238095238
61 48 51	0.1777777778
17 20 10	0.1428571429
61 2 7	0.1200000000
61 53 53	0.1714285714
10 43 61	0.3333333333
17 20 52	0.0458015267
0 78 8	0.0980392157
63 0 8	0.0847457627
89 10 51	0.1500000000
61 60 49	0.1142857143
17 0 6	0.0170940171
0 11 65	0.1800000000
0 32 65	0.1276595745
56 13 52	0.0476190476
0 54 68	0.0238095238
0 59 14	0.0303030303
10 4 67	0.2400000000
63 61 7	0.0606060606
69 4 53	0.2040816327
78 59 10	0.4000000000
59 54 66	0.0779220779
49 53 51	0.1281464531
69 48 31	0.1034482759
3 50 18	0.0840000000
49 78 66	0.0816326531
33 20 6	0.0181818182
84 0 61	0.2857142857
84 0 53	0.3000000000
56 13 53	0.5000000000
56 47 10	0.1250000000
56 59 53	0.2857142857
63 0 0	0.0666666667
47 48 65	0.2200000000
32 49 9	0.0740740741
49 56 66	0.0887096774
6 10 5	0.1879699248
59 47 70	0.0138888889
47 50 53	0.3451327434
52 48 61	0.3098591549
53 2 5	0.2222222222
48 0 49	0.0344827586
3 14 49	0.0634146341
78 64 36	0.0735294118
49 53 66	0.0767045455
6 32 10	0.4000000000
13 20 10	0.3783783784
47 48 53	0.2666666667
49 24 66	0.0504201681
53 56 66	0.0803571429
0 49 14	0.0336134454
0 53 8	0.0592105263
33 20 49	0.0967741935
63 20 49	0.0967741935
84 0 10	0.2647058824
84 56 8	0.1666666667
33 56 49	0.0428571429
61 22 52	0.0425531915
49 49 48	0.0854700855
47 49 10	0.3493150685
78 59 66	0.0855614973
13 47 31	0.1034482759
0 63 53	0.1733333333
0 6 9	0.1052631579
61 60 67	0.0500000000
63 85 61	0.3846153846
0 49 1	0.0044247788
61 52 8	0.1818181818
17 46 53	0.1724137931
61 53 10	0.1333333333
61 47 49	0.1142857143
10 64 4	0.0376344086
0 60 52	0.0434782609
63 0 65	0.2916666667
0 2 66	0.0240000000
0 0 29	0.1000000000
14 3 53	0.2073170732
52 78 10	0.2736842105
46 3 61	0.2608695652
13 8 10	0.0675675676
52 60 10	0.2343750000
52 61 5	0.2352941176
63 56 66	0.0312500000
61 19 10	0.2658227848
33 20 53	0.2400000000
46 10 51	0.1111111111
6 54 53	0.3090909091
59 59 61	0.3675675676
3 2 49	0.0604395604
0 18 66	0.1153846154
0 6 36	0.0238095238
61 19 68	0.1190476190
0 49 9	0.1188118812
17 59 7	0.0909090909
61 3 70	0.0869565217
63 56 53	0.2916666667
0 14 61	0.2741935484
0 14 70	0.0606060606
10 3 65	0.1884057971
47 52 61	0.4135338346
78 49 61	0.4109589041
78 6 66	0.1083916084
3 57 66	0.0836236934
59 52 10	0.2371134021
59 57 10	0.2769230769
49 54 65	0.1034482759
78 14 61	0.3571428571
47 50 49	0.0618892508
13 6 65	0.1770833333
47 4 49	0.0850000000
47 21 49	0.0419161677
47 54 10	0.3571428571
2 13 49	0.0424628450
32 47 10	0.2549019608
47 8 65	0.1481481481
52 50 49	0.0754716981
6 17 0	0.3157894737
52 10 2	0.0352941176
6 13 0	0.2929292929
49 13 0	0.2421052632
17 20 70	0.0277777778
89 38 61	0.2000000000
63 0 10	0.1509433962
0 48 8	0.1269841270
47 8 66	0.1319148936
49 24 49	0.0466101695
47 23 70	0.0666666667
59 49 18	0.0724137931
6 1 70	0.0694444444
75 4 53	0.1555555556
47 59 61	0.3166666667
59 78 61	0.3442622951
47 49 29	0.0625000000
49 7 65	0.1300000000
47 21 66	0.0530973451
14 59 10	0.2045454545
52 53 49	0.0641399417
69 1 10	0.3428571429
6 53 65	0.1739130435
6 8 66	0.1255060729
49 67	0.0500000000
48 59 66	0.0795454545
48 13 61	0.4250000000
47 13 67	0.0454545455
0 76 18	0.0722891566
3 59 6	0.0014527845
61 56 14	0.0093457944
61 56 1	0.0043478261
0 7 8	0.0956521739
3 10 7	0.0039370079
17 61 7	0.0333333333
2 0 6	0.0320000000
10 20 6	0.0081081081
10 20 1	0.0084459459
3 47 21	0.0085470085
61 6 65	0.2000000000
89 10 5	0.2500000000
61 56 6	0.0155688623
0 50 48	0.0142857143
63 89 20	0.1000000000
89 63 61	0.5000000000
2 3 68	0.0357142857
32 13 49	0.0404191617
49 19 68	0.0238095238
6 53 10	0.3454545455
52 69 31	0.1021897810
32 32 10	0.1750000000
2 13 53	0.3108108108
46 63 61	0.2758620690
60 47 49	0.1386138614
49 18 49	0.0338461538
32 59 61	0.3559322034
77 6 10	0.1666666667
6 59 66	0.0656660413
64 30 29	0.1000000000
53 15 49	0.0373665480
2 10 48	0.3000000000
2 3 66	0.0876288660
59 4 49	0.0733333333
3 8 70	0.0344827586
48 49 51	0.0344827586
48 49 5	0.2661870504
59 11 66	0.0759878419
48 6 65	0.1739130435
13 88 53	0.2142857143
64 3 10	0.2077922078
47 10 51	0.1418918919
48 49 53	0.3500000000
0 17 50	0.2000000000
48 17 0	0.2173913043
63 0 70	0.0857142857
0 4 7	0.0681818182
10 20 65	0.1685393258
56 49 9	0.1250000000
0 13 70	0.0704225352
56 53 53	0.4375000000
17 49 65	0.1329113924
0 70 9	0.0657894737
2 39 20	0.1333333333
0 20 8	0.0138888889
61 75 9	0.1052631579
0 0 51	0.0793650794
0 29 5	0.3181818182
48 0 61	0.1363636364
13 3 70	0.0512820513
52 59 70	0.0515463918
2 49 48	0.0400000000
60 49 51	0.0784313725
47 6 70	0.0686274510
13 78 61	0.3818181818
61 20 70	0.0595238095
32 52 61	0.2622950820
10 17 10	0.1600000000
3 7 10	0.2258064516
13 48 49	0.0533333333
0 1 68	0.0566037736
0 49 70	0.0364583333
61 24 14	0.0740740741
56 60 66	0.0833333333
56 1 8	0.0833333333
43 10 20	0.1666666667
0 50 9	0.0677966102
84 10 5	0.2500000000
63 64 9	0.1250000000
0 50 6	0.0247933884
0 53 1	0.0285714286
61 7 67	0.0331491713
6 6 65	0.1428571429
52 50 36	0.0582524272
60 49 29	0.0769230769
32 49 65	0.1538461538
6 14 10	0.3750000000
0 57 7	0.0476190476
2 0 14	0.1176470588
17 0 48	0.0714285714
59 49 67	0.0196078431
10 3 8	0.0612244898
17 0 8	0.0487804878
17 20 7	0.0645161290
3 13 52	0.0023894863
3 77 21	0.0327868852
49 60 66	0.0833333333
47 65 5	0.2881355932
13 13 50	0.0869565217
49 50 10	0.2187500000
52 2 10	0.4146341463
14 52 10	0.1632653061
13 75 36	0.0731707317
47 23 49	0.0592885375
0 50 31	0.1538461538
3 52 52	0.0027137042
3 78 6	0.0054945055
2 49 5	0.1790123457
69 4 66	0.0762711864
59 1 61	0.2900000000
53 21 0	0.1818181818
49 14 49	0.0508474576
32 59 10	0.2105263158
61 75 36	0.0375000000
0 9 5	0.3846153846
3 14 10	0.3181818182
49 48 10	0.2222222222
48 32 61	0.5625000000
13 63 53	0.1406250000
13 13 65	0.1636363636
47 57 66	0.1085526316
67 1 66	0.1164383562
67 23 66	0.0707964602
32 60 61	0.3846153846
2 52 49	0.0623376623
49 75 36	0.0529411765
32 49 53	0.2147651007
47 8 49	0.0829875519
64 24 65	0.1600000000
75 18 61	0.2432432432
64 29 48	0.0707070707
47 13 70	0.1282051282
2 59 49	0.0431965443
75 24 10	0.0769230769
0 53 6	0.0193548387
61 19 1	0.0140845070
61 19 66	0.1082621083
33 85 61	0.3846153846
57 3 66	0.0416666667
3 10 10	0.0740740741
77 6 49	0.0572207084
59 64 29	0.0661764706
47 0 53	0.2588235294
49 70 36	0.0636363636
6 8 10	0.0580645161
64 29 51	0.1271676301
56 47 66	0.1111111111
63 63 10	0.1666666667
56 50 9	0.1250000000
56 49 48	0.2500000000
17 50 48	0.1428571429
0 60 61	0.2222222222
89 56 52	0.0740740741
0 8 7	0.0862068966
33 56 6	0.0434782609
63 20 52	0.0697674419
84 61 51	0.0909090909
84 61 66	0.0740740741
33 56 53	0.2916666667
0 2 65	0.2380952381
0 77 6	0.0571428571
10 64 9	0.0681818182
60 49 65	0.2222222222
6 49 65	0.1481481481
3 4 49	0.0619047619
13 3 67	0.0705882353
3 59 67	0.0238095238
48 78 61	0.4000000000
48 6 10	0.4081632653
49 0 67	0.1212121212
60 3 61	0.3529411765
48 32 49	0.0649350649
67 4 49	0.1136363636
53 21 53	0.3421052632
3 31 49	0.0408163265
52 70 18	0.0858585859
46 17 10	0.1875000000
6 7 10	0.2962962963
49 18 5	0.1407407407
32 61 51	0.1115879828
53 51 48	0.1573033708
2 47 49	0.0687022901
60 59 61	0.5416666667
56 6 66	0.0243902439
0 54 14	0.0666666667
0 0 70	0.0757575758
61 24 8	0.0851063830
56 13 0	0.0769230769
56 50 8	0.1000000000
84 0 66	0.0864197531
61 3 67	0.0796460177
0 63 52	0.0384615385
61 46 61	0.1333333333
0 50 67	0.1250000000
0 13 7	0.0322580645
0 1 7	0.0818181818
59 53 49	0.0877192982
48 47 31	0.0416666667
6 50 66	0.0970873786
48 6 66	0.1059602649
6 6 36	0.0470588235
47 67 31	0.0973451327
3 4 65	0.0810810811
17 46 14	0.1333333333
89 46 61	0.5000000000
0 11 70	0.0786516854
17 0 10	0.1578947368
49 22 66	0.1153846154
32 6 49	0.0579345088
3 50 53	0.3000000000
52 0 49	0.0645161290
3 52 70	0.0617283951
13 54 66	0.0655737705
2 60 10	0.1500000000
49 42 53	0.2173913043
13 70 29	0.1296296296
78 78 10	0.3333333333
69 4 49	0.0735294118
60 3 66	0.1111111111
59 60 10	0.1707317073
48 59 49	0.0717131474
52 13 65	0.1549295775
77 23 49	0.0706319703
6 75 18	0.0723684211
3 6 65	0.1562500000
2 10 51	0.1168831169
56 60 53	0.4615384615
56 1 70	0.2222222222
56 7 66	0.0625000000
75 4 10	0.2000000000
52 0 10	0.3148148148
47 13 65	0.2368421053
49 36	0.0322580645
49 32 10	0.2115384615
49 53 53	0.2480620155
10 3 68	0.0560747664
10 7 14	0.0566037736
61 20 67	0.0666666667
47 49 70	0.0833333333
75 18 5	0.0759493671
75 4 49	0.0439560440
52 53 10	0.2903225806
75 18 51	0.0705882353
67 23 65	0.3076923077
56 32 70	0.0909090909
2 0 49	0.0754716981
38 0 61	0.1333333333
56 11 53	0.3846153846
33 64 9	0.1250000000
10 82 9	0.1463414634
0 32 8	0.0396039604
10 20 67	0.0442477876
33 17 61	0.5000000000
10 77 21	0.0601503759
10 20 68	0.0412371134
32 6 65	0.1714285714
6 64 9	0.0434782609
53 21 66	0.1384615385
61 82 29	0.0750000000
47 78 66	0.1357142857
3 59 68	0.0123456790
2 49 70	0.0196078431
6 1 65	0.1340206186
6 78 70	0.0263157895
59 3 70	0.0506329114
49 32 65	0.0952380952
14 47 66	0.0754716981
3 64 36	0.0794701987
0 19 49	0.1011235955
6 32 61	0.3880597015
64 4 66	0.0866873065
13 54 49	0.0675675676
81 54 10	0.1176470588
49 46 50	0.0247933884
6 2 61	0.4166666667
48 13 53	0.3392857143
49 13 70	0.1086956522
48 59 61	0.4285714286
48 47 10	0.3703703704
59 32 70	0.0571428571
3 52 8	0.0056338028
0 66 0	0.1200000000
61 66 48	0.1111111111
39 17 10	0.0937500000
63 61 51	0.1473684211
17 10 51	0.0793650794
17 56 49	0.1500000000
69 1 65	0.2500000000
64 24 10	0.2307692308
47 47 31	0.0960000000
46 84 61	0.0689655172
32 53 51	0.1076923077
47 49 51	0.1209439528
32 47 49	0.0823529412
49 18 61	0.3555555556
47 49 18	0.0805369128
47 47 65	0.2413793103
52 48 49	0.0501672241
47 48 66	0.1151515152
6 10 2	0.0543478261
59 2 53	0.2916666667
13 1 65	0.0909090909
52 2 49	0.0829493088
60 53 5	0.3191489362
53 24 53	0.1698113208
47 10 5	0.2207792208
14 13 61	0.1111111111
49 60 61	0.1666666667
13 54 53	0.2692307692
49 47 31	0.0725806452
52 60 61	0.2000000000
3 59 52	0.0014814815
0 6 1	0.0157790927
3 60 53	0.2777777778
0 50 36	0.0404040404
3 60 61	0.2500000000
0 60 8	0.0625000000
56 50 52	0.0909090909
61 24 52	0.0526315789
56 57 70	0.1538461538
33 82 18	0.1025641026
63 10 7	0.0408163265
33 56 61	0.3750000000
17 0 61	0.3333333333
0 0 20	0.1060606061
0 14 8	0.1451612903
17 20 6	0.0069444444
61 6 14	0.1428571429
38 0 6	0.0291970803
61 56 65	0.1891891892
47 78 10	0.3548387097
2 3 10	0.2405063291
6 48 61	0.3552631579
32 46 61	0.2571428571
59 11 49	0.0727272727
10 46 67	0.1538461538
17 51 67	0.2800000000
2 52 65	0.1232876712
49 88 70	0.1538461538
60 6 65	0.2500000000
13 50 9	0.0526315789
47 88 70	0.1428571429
47 11 53	0.2400000000
2 49 65	0.1428571429
13 3 50	0.0501792115
13 47 70	0.0291970803
3 52 68	0.0133333333
3 63 68	0.0609756098
47 7 66	0.1367088608
48 14 49	0.0487804878
67 6 18	0.0909090909
47 3 0	0.3333333333
78 75 18	0.0786516854
13 1 49	0.0554216867
14 3 50	0.0563380282
6 47 10	0.3488372093
47 0 66	0.0873786408
52 67 31	0.1085972851
13 8 53	0.2786885246
32 61 48	0.2222222222
49 75 18	0.0563674322
6 54 66	0.1106557377
3 78 49	0.0521739130
64 52 10	0.1142857143
6 0 0	0.1666666667
13 10 51	0.1373390558
49 13 50	0.0653266332
49 51 2	0.0151515152
49 42 10	0.2727272727
14 46 61	0.1176470588
6 66 0	0.2083333333
61 21 50	0.1463414634
0 88 10	0.2500000000
0 63 14	0.1818181818
59 46 66	0.0995024876
32 49 51	0.0552147239
64 29 66	0.0761904762
49 4 49	0.0475000000
3 6 8	0.0057471264
16 50 52	0.1538461538
0 63 0	0.0112359551
0 22 52	0.0697674419
59 1 10	0.2323232323
60 47 66	0.1027397260
6 4 49	0.0802919708
49 47 67	0.0566037736
59 54 10	0.3428571429
48 49 65	0.1818181818
0 59 68	0.0319148936
56 4 70	0.1428571429
0 61 51	0.0495867769
0 47 68	0.0406976744
17 73 6	0.0386100386
0 19 8	0.1176470588
56 78 66	0.1333333333
56 6 29	0.1818181818
6 78 61	0.2758620690
59 57 49	0.0676691729
11 61 5	0.0833333333
3 0 51	0.1041666667
57 49 49	0.0265486726
59 48 66	0.0508474576
57 3 10	0.0769230769
0 88 53	0.0714285714
0 75 18	0.0583657588
0 78 67	0.0789473684
33 20 8	0.0500000000
0 59 67	0.0266666667
10 7 7	0.0406504065
0 8 1	0.0740740741
61 22 53	0.3714285714
33 43 61	0.2857142857
56 53 52	0.0666666667
10 51 51	0.0446428571
43 0 68	0.0909090909
56 1 10	0.1666666667
0 61 48	0.2500000000
17 59 68	0.0151515152
56 52 49	0.0681818182
0 0 50	0.0224719101
14 13 10	0.1818181818
14 48 61	0.2173913043
53 2 51	0.0833333333
52 49 29	0.0875912409
59 6 65	0.1500000000
49 57 70	0.0416666667
47 52 65	0.1372549020
47 48 49	0.0800000000
52 14 49	0.0897959184
47 60 53	0.2911392405
10 33 5	0.1230769231
61 53 8	0.5000000000
63 3 10	0.2413793103
0 14 1	0.0265486726
61 48 5	0.1200000000
89 0 6	0.0209790210
61 77 1	0.0620689655
63 0 6	0.0147058824
11 32 61	0.1250000000
11 6 53	0.0454545455
14 52 66	0.0510204082
49 18 51	0.0888888889
10 54 53	0.0750000000
32 46 10	0.1509433962
59 59 66	0.0559139785
14 13 50	0.0877192982
0 8 70	0.1666666667
61 24 65	0.2500000000
43 61 51	0.1935483871
33 20 68	0.1000000000
0 65 20	0.0133333333
49 50 36	0.0655737705
67 31 51	0.1538461538
49 8 67	0.0250000000
17 61 48	0.1250000000
52 48 53	0.2163742690
49 29 5	0.1368421053
59 75 18	0.0534351145
13 65 5	0.2820512821
13 50 66	0.0434782609
13 20 49	0.0773809524
77 49 49	0.0508474576
48 11 61	0.1428571429
48 60 61	0.3333333333
11 49 29	0.0909090909
59 67 51	0.1818181818
11 3 10	0.0769230769
52 42 53	0.2413793103
84 0 65	0.0769230769
0 53 68	0.0408163265
0 0 14	0.1489361702
14 78 10	0.1428571429
49 14 66	0.1167512690
49 6 65	0.1171171171
77 1 65	0.1600000000
10 48 51	0.0952380952
78 49 51	0.0551724138
49 8 66	0.1222222222
49 29 66	0.0666666667
47 2 53	0.2400000000
84 0 70	0.0555555556
0 68 5	0.3333333333
84 56 7	0.1666666667
84 61 5	0.2380952381
52 3 67	0.0588235294
6 49 2	0.0051903114
59 14 10	0.3269230769
49 60 49	0.0698689956
6 69 31	0.0939597315
49 76 29	0.1034482759
6 47 65	0.1557377049
3 65 9	0.0476190476
53 75 36	0.0266666667
77 6 65	0.1750000000
47 47 49	0.0758620690
49 47 70	0.0416666667
48 49 66	0.1140350877
59 54 65	0.0833333333
47 49 65	0.1538461538
61 21 0	0.3636363636
6 60 70	0.0434782609
64 4 10	0.3043478261
61 2 20	0.0403225806
0 20 49	0.0448430493
2 0 52	0.0404040404
17 25 52	0.1891891892
39 20 6	0.0129032258
0 7 14	0.1428571429
63 10 2	0.0416666667
89 56 8	0.1176470588
48 46 61	0.2352941176
47 4 10	0.1315789474
3 11 66	0.0676470588
77 6 18	0.0350877193
48 52 10	0.2972972973
49 29 49	0.0275229358
13 66 0	0.1875000000
13 13 0	0.2615384615
60 49 53	0.2727272727
0 50 70	0.1818181818
48 3 67	0.3333333333
47 21 65	0.1052631579
47 31 5	0.0547945205
59 49 65	0.1600000000
49 4 70	0.0298507463
67 31 61	0.4800000000
17 48 0	0.2173913043
56 6 18	0.0769230769
0 22 49	0.0865384615
46 46 10	0.2068965517
32 47 70	0.0400000000
49 15 53	0.2234042553
39 33 20	0.0625000000
13 0 5	0.2954545455
60 52 49	0.0921985816
69 31 5	0.2051282051
14 6 10	0.1803278689
47 59 70	0.0400000000
32 3 65	0.2727272727
13 49 18	0.0806451613
0 17 67	0.2727272727
6 70 5	0.1025641026
32 75 18	0.0851063830
52 13 68	0.0400000000
77 50 49	0.0634920635
52 49 48	0.0602409639
49 60 70	0.0740740741
6 78 65	0.1525423729
6 4 10	0.1470588235
46 56 53	0.2173913043
46 56 66	0.1842105263
6 66 48	0.1159420290
52 0 66	0.0772532189
60 2 10	0.4545454545
52 32 70	0.0909090909
61 22 66	0.1764705882
32 3 68	0.0555555556
56 4 49	0.0833333333
38 10 51	0.0545454545
3 48 52	0.0029154519
0 66 2	0.0070093458
89 20 1	0.0384615385
63 89 61	0.5454545455
0 3 7	0.0672268908
0 60 6	0.0263157895
0 48 14	0.1081081081
56 54 66	0.0714285714
56 50 29	0.2000000000
0 50 21	0.0888888889
0 13 50	0.0378787879
17 43 61	0.5000000000
89 2 0	0.0769230769
56 4 10	0.1428571429
0 78 70	0.0714285714
89 0 18	0.0555555556
17 50 5	0.2285714286
56 50 53	0.3000000000
43 0 8	0.0500000000
56 78 53	0.3636363636
0 17 0	0.2173913043
0 54 1	0.0205479452
61 22 67	0.1250000000
0 7 7	0.0746268657
89 56 6	0.0344827586
0 11 6	0.0195652174
61 6 1	0.0370370370
47 49 66	0.0894308943
3 51 50	0.4428571429
59 70 18	0.0378378378
3 6 6	0.0035587189
17 17 50	0.2000000000
61 47 6	0.0714285714
47 6 18	0.0616438356
52 53 67	0.0303030303
13 47 65	0.1465517241
52 53 70	0.0461538462
3 59 70	0.0851063830
39 20 49	0.0722891566
14 61 51	0.0820895522
52 66 2	0.0112359551
6 7 49	0.0632183908
53 46 50	0.4500000000
46 43 10	0.1000000000
49 50 31	0.0786516854
49 5 48	0.1363636364
61 21 53	0.1578947368
48 13 66	0.0882352941
49 66 51	0.0749506903
59 47 67	0.0392156863
49 55 18	0.0227272727
52 54 66	0.0989761092
3 60 10	0.2083333333
6 4 66	0.0601503759
75 18 53	0.1454545455
75 18 65	0.0666666667
69 1 61	0.2777777778
3 48 65	0.1964285714
77 4 65	0.1538461538
52 66 48	0.1016042781
3 75 18	0.0916030534
49 20 70	0.0327102804
61 82 18	0.0738255034
0 10 2	0.0091743119
39 56 66	0.0465116279
17 61 2	0.0408163265
56 1 49	0.0363636364
0 22 65	0.1500000000
61 64 4	0.0280373832
0 78 1	0.0168067227
43 17 50	0.2000000000
13 54 10	0.2500000000
2 52 10	0.3043478261
6 11 61	0.1428571429
6 0 49	0.0526315789
77 23 61	0.2400000000
52 48 66	0.0783410138
11 6 49	0.0245901639
14 49 29	0.1176470588
6 11 49	0.0700636943
11 10 5	0.0625000000
33 56 52	0.0625000000
64 52 70	0.0312500000
52 2 65	0.2105263158
69 1 70	0.0606060606
32 48 49	0.0196078431
60 67 31	0.1176470588
10 3 7	0.0403225806
61 53 49	0.0875000000
56 11 10	0.0909090909
56 6 61	0.2222222222
56 4 65	0.2222222222
0 43 61	0.5000000000
49 66 0	0.3793103448
6 53 2	0.0250000000
39 56 49	0.0200000000
63 2 0	0.0769230769
10 15 0	0.0048899756
89 79 61	0.2000000000
89 56 53	0.1333333333
0 48 7	0.0606060606
49 49 36	0.0612244898
6 14 61	0.5588235294
13 48 66	0.0800000000
0 77 1	0.0983606557
32 53 5	0.2439024390
3 53 65	0.1600000000
53 64 9	0.0769230769
52 31 49	0.0576923077
13 14 49	0.0638297872
32 52 66	0.0619718310
47 46 10	0.1822429907
59 32 53	0.2941176471
52 57 66	0.0864553314
2 52 61	0.4655172414
13 60 61	0.3684210526
53 21 49	0.0640000000
32 52 65	0.1521739130
60 32 61	0.3703703704
32 64 36	0.0363636364
60 11 53	0.2857142857
53 19 49	0.0545023697
52 48 70	0.0789473684
13 64 29	0.0696202532
49 48 61	0.2777777778
49 0 10	0.3164556962
0 3 68	0.0392156863
49 2 53	0.2580645161
32 52 10	0.2142857143
6 8 53	0.2672413793
53 22 66	0.0882352941
13 49 67	0.0482758621
3 70 18	0.0362318841
47 49 48	0.1140350877
47 66 72	0.0888888889
49 32 61	0.2173913043
47 48 67	0.0800000000
60 57 49	0.0512820513
49 88 53	0.4117647059
59 6 67	0.0253164557
49 70 18	0.0669144981
61 22 49	0.0227272727
56 64 29	0.1818181818
60 6 10	0.4716981132
32 48 10	0.2727272727
32 6 66	0.0756013746
59 70 5	0.1818181818
52 13 50	0.0708333333
3 59 1	0.0044247788
2 47 10	0.2068965517
47 23 61	0.2083333333
47 3 65	0.1142857143
60 32 10	0.1538461538
3 42 53	0.2727272727
3 78 66	0.1037037037
61 51 7	0.0035523979
6 0 10	0.2333333333
16 76 4	0.1176470588
39 82 29	0.0357142857
89 85 61	0.2307692308
89 56 61	0.2083333333
0 7 70	0.0500000000
59 70 29	0.1046511628
67 1 65	0.3500000000
78 6 65	0.2500000000
3 32 70	0.0588235294
3 2 65	0.0952380952
64 36 5	0.1428571429
52 65 5	0.2830188679
59 60 66	0.0952380952
77 1 67	0.0333333333
11 13 49	0.0254237288
14 59 66	0.0654205607
14 61 48	0.2500000000
2 59 10	0.2647058824
49 18 48	0.1333333333
6 13 70	0.0746268657
3 60 66	0.0506329114
6 67 31	0.0869565217
52 52 70	0.0519480519
77 1 66	0.0932642487
52 15 10	0.2325581395
52 57 53	0.2885906040
14 59 61	0.2333333333
3 50 70	0.1200000000
59 2 61	0.3863636364
47 48 10	0.2571428571
6 32 49	0.0560000000
13 10 2	0.0810810811
2 53 51	0.0666666667
56 11 68	0.1250000000
43 0 70	0.0769230769
56 60 1	0.0833333333
56 49 52	0.0227272727
0 8 14	0.1621621622
56 4 8	0.1111111111
0 60 70	0.1111111111
56 53 51	0.2142857143
56 66 7	0.0606060606
0 54 70	0.0810810811
38 0 70	0.1176470588
49 0 0	0.1304347826
52 47 67	0.0384615385
13 49 68	0.0283018868
14 32 53	0.2000000000
47 32 66	0.0597826087
0 52 31	0.0240963855
0 24 49	0.0465116279
49 32 66	0.0778688525
13 67 31	0.1123595506
17 38 61	0.2000000000
17 50 2	0.0526315789
0 66 72	0.0750000000
61 21 6	0.0169491525
59 57 70	0.0208333333
48 3 66	0.1230769231
89 61 7	0.0232558140
89 39 20	0.1000000000
49 61 66	0.1111111111
48 3 50	0.0547945205
78 49 65	0.2142857143
48 57 49	0.0476190476
56 6 70	0.1538461538
43 0 14	0.1000000000
0 14 68	0.0392156863
77 4 49	0.0701754386
49 6 18	0.0485436893
47 21 53	0.1506849315
49 24 65	0.1000000000
48 56 53	0.0909090909
10 46 50	0.3500000000
32 48 61	0.5000000000
3 42 10	0.2857142857
56 57 53	0.3750000000
56 49 10	0.1764705882
0 13 14	0.0202020202
84 2 0	0.0769230769
14 53 2	0.0333333333
53 21 65	0.1500000000
13 78 49	0.0663129973
63 0 18	0.0967741935
0 0 6	0.0243902439
0 69 21	0.0990099010
38 0 8	0.0540540541
38 63 20	0.1333333333
0 88 66	0.0625000000
13 53 66	0.0400000000
47 17 0	0.2083333333
49 64 36	0.0443786982
49 2 66	0.0421052632
59 53 48	0.1333333333
32 60 49	0.0297029703
14 52 61	0.2121212121
52 3 70	0.0370370370
6 42 10	0.1818181818
6 60 61	0.2333333333
14 48 53	0.1200000000
47 0 50	0.0370370370
0 18 48	0.1176470588
17 20 67	0.0833333333
2 69 31	0.0689655172
47 49 36	0.0714285714
56 65 9	0.1111111111
56 49 61	0.2727272727
16 76 18	0.0200000000
3 6 14	0.0067114094
89 61 53	0.2500000000
49 0 61	0.3000000000
14 13 65	0.1500000000
47 50 31	0.0990099010
32 49 68	0.0212765957
13 46 68	0.0540540541
49 65 9	0.0344827586
47 2 65	0.3333333333
17 0 1	0.0258620690
59 50 66	0.0476190476
78 48 53	0.0909090909
59 54 53	0.3278688525
78 14 53	0.2083333333
60 13 10	0.4186046512
69 4 10	0.3157894737
2 59 66	0.0650406504
2 59 61	0.2903225806
64 3 65	0.1111111111
63 56 6	0.0434782609
84 17 67	0.2857142857
69 21 70	0.1818181818
3 1 70	0.0714285714
78 47 49	0.0947867299
47 23 66	0.0454545455
52 42 49	0.0526315789
3 20 49	0.0928571429
6 49 29	0.0576923077
75 18 66	0.0588235294
3 50 65	0.1250000000
77 50 70	0.1052631579
13 78 65	0.1935483871
84 43 61	0.2000000000
6 70 9	0.0285714286
52 7 70	0.0204081633
6 13 65	0.1285714286
14 3 70	0.1250000000
47 88 53	0.2500000000
67 4 65	0.3636363636
14 6 49	0.0363036304
59 8 49	0.0643564356
57 49 66	0.0153846154
2 11 10	0.1250000000
14 49 51	0.0389610390
6 10 48	0.2500000000
2 46 10	0.1250000000
0 22 8	0.1250000000
61 21 8	0.0344827586
63 20 14	0.1666666667
17 0 65	0.0645161290
2 0 1	0.0487804878
38 0 52	0.0183486239
39 20 1	0.0294117647
56 52 10	0.2000000000
56 53 5	0.2000000000
56 3 65	0.2500000000
46 48 61	0.2000000000
13 60 10	0.2000000000
78 57 10	0.1428571429
13 50 51	0.1744186047
78 13 70	0.0967741935
64 24 66	0.0454545455
3 75 36	0.0731707317
13 50 5	0.2307692308
59 52 65	0.1230769231
56 52 65	0.2500000000
43 0 52	0.0769230769
56 50 66	0.1333333333
56 1 6	0.0666666667
3 3 1	0.0075471698
3 47 14	0.0243902439
0 0 68	0.0212765957
56 64 9	0.1250000000
48 60 53	0.3125000000
48 78 10	0.3684210526
0 0 1	0.0402684564
14 32 49	0.0147058824
77 64 29	0.0754716981
78 64 9	0.0714285714
77 4 10	0.2857142857
38 63 10	0.1538461538
56 46 10	0.1875000000
38 0 66	0.0654205607
6 15 10	0.1774193548
2 61 48	0.2500000000
32 13 50	0.1363636364
84 17 61	0.2000000000
67 23 61	0.4500000000
48 75 18	0.1153846154
3 8 10	0.0686274510
48 67 31	0.0588235294
48 13 65	0.1764705882
59 66 48	0.1250000000
77 27 67	0.1111111111
59 57 67	0.0555555556
52 50 70	0.0588235294
53 24 49	0.0443037975
52 14 65	0.1000000000
77 64 36	0.0344827586
52 70 29	0.0989010989
6 64 29	0.0167597765
11 49 49	0.0265486726
47 0 49	0.0642857143
61 54 6	0.0500000000
3 6 7	0.0051813472
14 13 0	0.1200000000
14 47 49	0.0496894410
3 61 2	0.0434782609
14 49 49	0.0394088670
56 6 8	0.0526315789
2 47 31	0.0600000000
2 3 0	0.1578947368
47 52 70	0.0833333333
52 7 68	0.0416666667
59 64 36	0.0490196078
59 4 66	0.0650406504
61 51 2	0.0068807339
48 49 36	0.0681818182
60 6 70	0.1142857143
2 13 0	0.1000000000
60 61 5	0.3055555556
32 3 61	0.2647058824
3 61 7	0.0043668122
13 32 10	0.3333333333
0 20 52	0.0268456376
0 50 8	0.1000000000
63 64 29	0.1000000000
84 0 0	0.1000000000
53 20 70	0.0571428571
13 42 53	0.1764705882
6 47 70	0.0367647059
69 31 51	0.1315789474
75 24 53	0.0869565217
47 78 65	0.1724137931
3 11 65	0.1250000000
48 49 18	0.1028037383
0 53 70	0.0675675676
49 10 10	0.0769230769
78 49 18	0.1028037383
17 17 10	0.0588235294
63 82 18	0.1025641026
84 89 20	0.1000000000
3 6 67	0.0133333333
14 3 61	0.1034482759
49 51 51	0.0579150579
47 60 10	0.3125000000
60 3 10	0.1538461538
32 14 53	0.2307692308
3 53 66	0.0707964602
56 53 66	0.1600000000
0 32 70	0.0588235294
2 0 65	0.1764705882
56 54 10	0.1538461538
0 22 6	0.0176991150
47 7 65	0.1666666667
60 3 0	0.2105263158
89 0 14	0.1052631579
63 38 61	0.2000000000
63 39 20	0.1333333333
13 2 0	0.3333333333
47 52 67	0.0405405405
61 60 10	0.0666666667
49 49 29	0.0818181818
78 6 61	0.4250000000
6 53 70	0.0181818182
47 69 31	0.0909090909
47 54 49	0.0855855856
0 49 67	0.0394736842
63 20 6	0.0181818182
61 53 5	0.1000000000
63 61 48	0.2857142857
56 3 6	0.0454545455
56 53 68	0.1250000000
67 1 61	0.4117647059
77 49 61	0.2105263158
52 47 70	0.0298507463
78 3 65	0.3207547170
6 50 29	0.0303030303
60 49 18	0.1506849315
32 53 2	0.0163934426
0 13 68	0.0555555556
56 2 52	0.0312500000
56 60 52	0.0588235294
13 50 2	0.0259740260
3 64 9	0.0344827586
46 38 61	0.2500000000
13 61 2	0.0441176471
6 2 65	0.2000000000
78 67 31	0.1320754717
63 56 52	0.0625000000
3 70 29	0.1250000000
2 78 53	0.2352941176
60 78 53	0.4000000000
78 13 50	0.1195652174
3 48 0	0.2000000000
49 2 65	0.2352941176
53 24 65	0.1071428571
38 0 14	0.0952380952
47 53 65	0.1875000000
2 46 61	0.1666666667
3 4 10	0.1315789474
2 17 67	0.1666666667
0 50 7	0.0365853659
61 60 70	0.1000000000
64 36 51	0.0555555556
3 32 49	0.0500000000
2 3 61	0.2941176471
59 3 50	0.0427631579
2 67 31	0.0975609756
49 29 51	0.1368421053
60 3 65	0.2380952381
77 6 61	0.2857142857
49 17 67	0.1428571429
52 50 10	0.2000000000
78 53 5	0.2976190476
49 54 10	0.2592592593
0 29 48	0.1666666667
57 49 36	0.0555555556
48 64 36	0.0800000000
49 50 29	0.0606060606
47 13 66	0.0710659898
52 2 66	0.0272727273
48 47 67	0.1538461538
84 17 50	0.1000000000
47 64 29	0.0625000000
3 7 65	0.0540540541
2 59 70	0.0666666667
39 43 61	0.2727272727
56 3 66	0.1333333333
56 60 6	0.0370370370
59 52 67	0.0095238095
59 11 65	0.0869565217
47 54 65	0.1590909091
47 60 70	0.0975609756
48 59 53	0.3898305085
3 47 67	0.0625000000
48 46 10	0.2142857143
3 3 67	0.0865384615
3 54 10	0.2352941176
53 5 48	0.0754716981
46 43 61	0.2333333333
3 50 36	0.0327868852
56 60 65	0.1250000000
33 20 10	0.0909090909
49 4 65	0.0819672131
59 48 49	0.0428134557
0 19 7	0.1818181818
61 19 14	0.0555555556
38 0 0	0.0512820513
89 82 29	0.0454545455
56 78 65	0.2500000000
0 9 20	0.0606060606
56 2 53	0.2857142857
56 46 66	0.1333333333
49 11 65	0.0958904110
49 51 48	0.0490196078
3 70 5	0.1515151515
89 0 1	0.0163934426
78 47 31	0.1060606061
60 57 61	0.1250000000
57 59 53	0.0526315789
11 11 61	0.2857142857
3 3 7	0.0084033613
17 49 68	0.0267379679
56 49 20	0.0882352941
49 6 68	0.0175438596
49 75 9	0.0625000000
13 11 65	0.0975609756
48 3 10	0.4186046512
11 13 61	0.0526315789
11 2 61	0.0833333333
14 53 51	0.0800000000
53 24 66	0.0517241379
49 66 72	0.0666666667
67 1 67	0.0500000000
84 56 52	0.0909090909
84 17 0	0.0952380952
77 50 66	0.0683760684
64 4 65	0.0961538462
46 17 50	0.4000000000
60 2 53	0.3529411765
59 4 53	0.2325581395
49 21 50	0.2352941176
3 57 65	0.1320754717
3 11 6	0.0031645570
6 6 67	0.0360360360
61 56 67	0.0312500000
47 88 10	0.1666666667
47 8 70	0.1000000000
52 0 0	0.1578947368
0 50 2	0.0045871560
13 6 68	0.0227272727
32 75 36	0.0588235294
49 22 10	0.2105263158
13 7 65	0.0740740741
6 7 65	0.0833333333
60 57 53	0.2857142857
10 21 65	0.3000000000
38 63 61	0.2727272727
60 47 67	0.0769230769
52 53 2	0.0169491525
17 50 7	0.0350877193
13 60 53	0.2000000000
49 64 9	0.0441176471
77 6 70	0.0344827586
69 6 18	0.1111111111
47 88 66	0.0714285714
63 0 50	0.0360360360
47 6 29	0.0845070423
59 42 53	0.2068965517
59 53 66	0.0727272727
33 20 14	0.1666666667
63 56 65	0.1818181818
3 57 6	0.0031645570
3 47 8	0.0086580087
2 10 20	0.0303030303
0 49 2	0.0012919897
43 61 5	0.1250000000
48 49 10	0.3818181818
14 6 61	0.1333333333
13 49 36	0.0288461538
47 53 2	0.0273972603
56 50 14	0.1250000000
56 1 66	0.0384615385
0 64 36	0.0059880240
52 1 70	0.0606060606
2 13 61	0.3750000000
78 47 65	0.2432432432
52 8 70	0.0857142857
52 50 65	0.0882352941
69 21 66	0.0847457627
52 52 68	0.0095238095
46 46 61	0.2400000000
6 48 67	0.0204081633
59 54 70	0.0285714286
49 61 2	0.0133333333
3 47 52	0.0073937153
67 31 49	0.0714285714
52 49 36	0.0480000000
67 23 53	0.3898305085
69 31 53	0.4000000000
6 88 66	0.0434782609
2 52 70	0.0394736842
56 6 10	0.1764705882
61 47 14	0.2500000000
61 52 70	0.1600000000
11 64 29	0.0588235294
59 48 53	0.1545454545
52 50 29	0.0601092896
11 53 51	0.0487804878
11 49 66	0.0153846154
47 10 48	0.1666666667
0 32 7	0.0408163265
6 50 10	0.1351351351
3 31 10	0.1875000000
53 48 51	0.1538461538
6 50 9	0.0338983051
63 0 7	0.0909090909
10 2 7	0.0400000000
49 42 66	0.0571428571
3 50 31	0.1034482759
61 6 70	0.0727272727
60 2 61	0.4736842105
61 60 1	0.1000000000
0 24 66	0.0200000000
13 66 51	0.0575916230
49 49 67	0.0217391304
64 4 70	0.0517241379
3 11 67	0.0476190476
63 61 20	0.0588235294
78 60 53	0.4166666667
78 13 0	0.3793103448
3 47 7	0.0084033613
3 11 61	0.2000000000
39 20 14	0.1538461538
52 4 65	0.1052631579
46 3 10	0.2631578947
3 78 65	0.0909090909
49 6 29	0.0816326531
47 66 2	0.0099009901
59 50 36	0.0416666667
6 50 65	0.1052631579
47 21 10	0.1111111111
14 47 10	0.2000000000
33 82 29	0.1363636364
53 5 2	0.0470588235
48 57 53	0.0909090909
56 13 6	0.0500000000
56 57 52	0.0625000000
56 13 61	0.3000000000
75 24 65	0.1111111111
64 3 66	0.0277777778
39 33 5	0.0731707317
59 50 49	0.0634920635
14 3 66	0.0877192982
47 68 5	0.2727272727
49 0 9	0.0769230769
63 82 9	0.1250000000
14 48 10	0.2352941176
32 47 31	0.0625000000
43 17 0	0.0769230769
10 33 20	0.0400000000
47 3 66	0.1111111111
69 21 10	0.1875000000
59 49 68	0.0109890110
49 53 65	0.2363636364
3 61 48	0.1111111111
59 14 65	0.0526315789
48 13 0	0.5000000000
49 7 67	0.0153846154
6 42 53	0.1739130435
56 13 70	0.1428571429
3 50 29	0.0606060606
53 22 65	0.1428571429
6 42 68	0.0909090909
6 67 51	0.1923076923
14 49 66	0.0596026490
47 17 50	0.3000000000
49 48 51	0.0990099010
47 7 68	0.0441176471
46 2 61	0.2307692308
63 3 52	0.0416666667
63 10 48	0.1250000000
60 32 49	0.0537634409
56 57 65	0.3333333333
38 10 48	0.0909090909
61 19 67	0.0967741935
63 33 20	0.0714285714
61 24 67	0.0714285714
61 21 65	0.1500000000
2 78 61	0.3500000000
59 10 48	0.2307692308
57 47 66	0.0196078431
59 8 66	0.0939226519
49 36 5	0.1428571429
75 18 10	0.0303030303
60 10 5	0.2777777778
77 6 29	0.1200000000
48 75 36	0.0909090909
48 6 61	0.3870967742
59 8 67	0.0370370370
6 32 70	0.1162790698
32 49 70	0.0697674419
6 6 70	0.0471204188
3 77 6	0.0104166667
2 0 68	0.0476190476
11 47 53	0.0454545455
49 6 36	0.0434782609
57 64 29	0.0588235294
57 2 61	0.0833333333
6 3 67	0.0654205607
52 13 70	0.0588235294
0 50 51	0.0508474576
0 5 67	0.2000000000
89 20 49	0.0322580645
2 47 53	0.1911764706
43 61 48	0.1666666667
6 57 65	0.1216216216
13 6 29	0.1333333333
6 32 65	0.0967741935
75 4 66	0.0459770115
53 22 53	0.1714285714
59 49 2	0.0018518519
61 21 10	0.1176470588
48 60 10	0.2000000000
49 21 66	0.1600000000
59 49 70	0.0285714286
60 60 49	0.0512820513
6 78 68	0.0200000000
3 10 61	0.1764705882
56 6 6	0.0571428571
43 0 66	0.0980392157
2 17 50	0.1000000000
13 2 66	0.0307692308
33 56 70	0.0909090909
61 47 67	0.0666666667
2 53 5	0.0714285714
49 53 48	0.0937500000
2 14 61	0.1666666667
84 61 7	0.0377358491
84 63 61	0.2000000000
67 1 70	0.0384615385
59 59 70	0.0574712644
13 50 29	0.0731707317
63 20 67	0.1111111111
61 21 68	0.0714285714
49 6 9	0.0357142857
59 60 49	0.0491803279
47 4 70	0.0277777778
64 52 65	0.0714285714
89 56 7	0.0909090909
89 0 20	0.0909090909
0 20 67	0.1818181818
14 13 53	0.1830985915
52 70 36	0.0430107527
14 6 68	0.0357142857
47 47 68	0.0138888889
13 4 65	0.1428571429
38 33 20	0.1333333333
63 10 51	0.0444444444
56 66 48	0.0833333333
67 4 53	0.1724137931
3 6 70	0.0500000000
47 0 68	0.0312500000
84 61 20	0.0454545455
84 0 14	0.0588235294
49 21 10	0.2222222222
48 14 10	0.2666666667
6 0 70	0.1000000000
47 50 68	0.0250000000
38 61 66	0.0370370370
48 38 10	0.0714285714
69 6 9	0.1250000000
56 50 49	0.0555555556
56 11 65	0.4000000000
56 3 10	0.2000000000
3 27 0	0.1666666667
49 29 10	0.1764705882
32 3 0	0.1052631579
59 10 10	0.0476190476
2 13 66	0.0652173913
59 6 18	0.0329670330
59 14 67	0.0312500000
67 6 36	0.0384615385
49 53 70	0.0483870968
49 29 61	0.0769230769
56 60 8	0.0769230769
38 61 20	0.0952380952
60 49 70	0.0303030303
6 78 67	0.0526315789
49 0 18	0.0454545455
11 52 53	0.0555555556
11 6 66	0.0229885057
10 54 49	0.0344827586
6 4 62	0.0158730159
48 14 53	0.2666666667
77 23 66	0.0536912752
61 5 2	0.0441988950
0 0 18	0.0555555556
33 85 0	0.0263157895
78 49 29	0.1071428571
46 61 53	0.2105263158
49 5 2	0.0142348754
3 13 6	0.0013368984
3 3 8	0.0125000000
3 61 20	0.0240000000
3 32 6	0.0036630037
6 0 50	0.1149425287
57 59 49	0.0208333333
49 54 53	0.2291666667
89 20 8	0.0500000000
49 0 70	0.0615384615
3 88 66	0.0434782609
47 57 67	0.0666666667
67 4 66	0.0625000000
39 79 10	0.0937500000
0 19 52	0.0526315789
3 78 68	0.0357142857
47 32 70	0.1521739130
49 50 49	0.0350877193
3 66 0	0.3125000000
78 11 10	0.1428571429
52 27 0	0.1578947368
2 6 65	0.1250000000
13 50 31	0.1034482759
81 54 61	0.2222222222
52 66 0	0.3333333333
69 4 65	0.2307692308
14 2 10	0.0769230769
14 53 5	0.1562500000
53 19 70	0.0476190476
14 2 61	0.2222222222
75 52 53	0.1379310345
32 3 70	0.0851063830
56 11 66	0.0666666667
61 22 10	0.0909090909
56 47 68	0.1666666667
49 14 10	0.2727272727
0 48 70	0.1111111111
47 65 9	0.0588235294
3 48 70	0.0612244898
75 3 61	0.0588235294
14 59 70	0.0454545455
13 57 65	0.1025641026
78 48 10	0.1818181818
48 49 70	0.0416666667
49 1 67	0.0307692308
49 6 67	0.0337078652
0 20 7	0.0294117647
49 22 65	0.1666666667
0 10 54	0.0588235294
63 79 61	0.5000000000
56 49 49	0.0851063830
0 53 48	0.0769230769
56 49 65	0.2500000000
49 50 65	0.1000000000
13 70 18	0.0357142857
57 52 49	0.0175438596
11 59 49	0.0208333333
78 49 70	0.0652173913
0 29 51	0.0833333333
0 50 10	0.0312500000
49 53 2	0.0246305419
56 75 18	0.0769230769
17 46 52	0.0400000000
6 61 48	0.2000000000
33 64 29	0.1000000000
33 17 10	0.0714285714
56 13 10	0.1111111111
32 61 2	0.0144927536
56 53 70	0.1428571429
49 14 61	0.2727272727
33 20 67	0.1111111111
59 53 10	0.3529411765
60 59 65	0.1578947368
47 13 50	0.0080000000
56 50 65	0.1428571429
14 49 36	0.0833333333
14 78 49	0.0449438202
38 0 10	0.1481481481
48 47 65	0.2272727273
47 8 10	0.0780141844
11 3 53	0.1111111111
6 6 29	0.0430107527
57 3 53	0.1111111111
53 22 49	0.0227272727
57 49 18	0.0256410256
33 33 20	0.0714285714
0 42 68	0.1538461538
49 10 48	0.2857142857
57 6 49	0.0245901639
3 50 10	0.1875000000
59 50 29	0.0487804878
49 42 49	0.0681818182
67 31 2	0.0400000000
49 48 65	0.1111111111
75 24 49	0.0322580645
52 11 70	0.0857142857
32 59 65	0.0952380952
14 61 5	0.1587301587
61 47 8	0.1666666667
3 67 1	0.0104166667
48 13 67	0.1764705882
14 49 65	0.0800000000
14 3 65	0.2500000000
47 49 9	0.0333333333
59 52 70	0.0344827586
56 4 66	0.0588235294
0 50 65	0.0526315789
89 10 20	0.0666666667
0 76 36	0.0434782609
6 66 2	0.0056338028
61 3 68	0.0077519380
47 75 36	0.0588235294
48 10 51	0.0677966102
13 53 65	0.0909090909
47 75 18	0.0851063830
49 50 70	0.0800000000
49 78 65	0.0645161290
60 64 29	0.0588235294
47 0 65	0.1282051282
43 0 6	0.0263157895
56 1 52	0.0882352941
0 8 67	0.0540540541
77 23 70	0.0540540541
52 60 65	0.0937500000
33 56 8	0.0625000000
60 11 49	0.0512820513
78 52 65	0.2105263158
52 48 68	0.0277777778
52 2 61	0.3870967742
43 17 61	0.5454545455
13 4 49	0.0714285714
49 54 49	0.0606060606
32 69 31	0.1034482759
3 52 14	0.0052910053
0 68 9	0.0816326531
78 10 2	0.0256410256
67 6 29	0.1000000000
14 13 66	0.0384615385
56 8 53	0.1250000000
52 32 65	0.0714285714
32 14 10	0.2500000000
49 52 68	0.0119047619
78 14 49	0.0123456790
14 48 49	0.0206185567
47 78 67	0.0869565217
81 54 53	0.1176470588
84 56 66	0.0625000000
78 47 70	0.0444444444
11 48 10	0.1250000000
0 53 9	0.0588235294
56 67 31	0.1176470588
14 11 61	0.1666666667
11 64 36	0.0416666667
47 48 31	0.0588235294
75 4 70	0.0526315789
78 2 53	0.1000000000
3 32 66	0.0516431925
60 53 51	0.0990099010
60 59 49	0.0543478261
63 20 68	0.1000000000
63 20 1	0.0384615385
61 52 67	0.0400000000
60 13 66	0.1298701299
3 10 2	0.0384615385
52 42 68	0.0769230769
56 32 49	0.0666666667
61 56 0	0.0018903592
78 60 61	0.5555555556
11 49 61	0.0833333333
32 47 68	0.0227272727
47 24 10	0.2222222222
84 0 9	0.1111111111
49 61 48	0.2307692308
52 11 61	0.1250000000
6 14 65	0.0666666667
52 88 70	0.1428571429
52 88 49	0.0588235294
57 57 61	0.2857142857
48 49 29	0.0357142857
57 52 53	0.0555555556
52 49 67	0.0500000000
78 3 70	0.0888888889
0 8 65	0.0937500000
14 47 68	0.0384615385
78 49 36	0.0681818182
0 22 10	0.1764705882
17 56 52	0.0909090909
52 42 65	0.1764705882
56 68 9	0.1111111111
56 53 49	0.0645161290
56 50 70	0.1428571429
47 67 51	0.1515151515
77 23 65	0.1212121212
78 10 5	0.2222222222
49 59 70	0.0394736842
0 48 68	0.0370370370
49 4 68	0.0178571429
13 11 70	0.0512820513
69 31 10	0.0833333333
11 6 61	0.0476190476
59 6 29	0.1190476190
60 48 10	0.1250000000
13 53 2	0.0256410256
46 10 2	0.0136986301
6 60 67	0.0740740741
0 78 14	0.0540540541
17 56 7	0.1666666667
39 64 29	0.0500000000
0 49 36	0.0196078431
6 49 70	0.0446428571
47 54 70	0.0487804878
60 69 31	0.1176470588
52 14 70	0.0303030303
13 57 70	0.0666666667
59 42 67	0.1111111111
6 53 67	0.1071428571
3 50 2	0.0072463768
2 0 70	0.0769230769
49 13 65	0.1551724138
48 6 70	0.0333333333
89 0 7	0.0800000000
60 78 49	0.0487804878
59 10 61	0.2727272727
84 0 1	0.0294117647
56 47 21	0.0769230769
78 11 61	0.2500000000
32 32 49	0.0387096774
47 21 61	0.2121212121
77 50 10	0.2000000000
59 2 65	0.1538461538
3 53 68	0.0588235294
32 47 65	0.1707317073
49 36 51	0.0877192982
47 24 66	0.1000000000
89 0 70	0.0400000000
52 53 68	0.0222222222
33 20 70	0.0769230769
77 27 0	0.2777777778
47 47 70	0.1000000000
84 0 7	0.1176470588
63 79 10	0.0714285714
49 60 67	0.0625000000
6 57 61	0.1428571429
52 57 61	0.1250000000
13 60 66	0.0714285714
14 52 70	0.0606060606
84 2 61	0.2857142857
2 78 10	0.2142857143
59 42 10	0.3076923077
61 21 52	0.0285714286
60 64 36	0.0540540541
49 10 61	0.1176470588
49 13 67	0.0600000000
11 49 18	0.0256410256
2 13 65	0.1363636364
47 14 49	0.1000000000
13 78 68	0.0370370370
89 38 10	0.1428571429
13 52 70	0.0390625000
14 10 5	0.1212121212
47 3 50	0.0377358491
78 49 48	0.0178571429
59 11 61	0.1250000000
10 54 66	0.0103092784
52 75 36	0.0638297872
60 59 66	0.0515463918
59 32 65	0.0740740741
48 11 49	0.0476190476
84 61 53	0.1818181818
56 53 6	0.0434782609
0 4 68	0.0243902439
52 49 2	0.0067567568
13 78 70	0.0400000000
13 64 9	0.0312500000
3 50 5	0.1698113208
43 0 50	0.0666666667
13 42 65	0.1818181818
53 21 68	0.0714285714
13 54 65	0.0625000000
13 14 70	0.0666666667
78 69 31	0.1034482759
57 57 10	0.0909090909
56 47 70	0.1111111111
2 60 49	0.0288461538
10 21 50	0.1176470588
2 59 68	0.0294117647
47 0 70	0.0250000000
17 89 10	0.0588235294
49 48 67	0.0645161290
53 4 0	0.3333333333
67 31 10	0.1923076923
89 56 49	0.0352941176
3 70 36	0.0303030303
48 13 10	0.3750000000
56 67 1	0.0833333333
57 52 66	0.0172413793
10 34 29	0.0588235294
48 52 65	0.1600000000
52 14 67	0.0270270270
6 49 67	0.0545454545
47 14 68	0.0270270270
47 53 48	0.0384615385
52 53 48	0.0666666667
2 6 70	0.0425531915
57 48 61	0.1666666667
53 3 70	0.0609756098
3 50 68	0.0384615385
0 22 70	0.0500000000
13 61 48	0.2000000000
64 29 10	0.1428571429
61 6 67	0.0333333333
49 0 50	0.0106951872
47 3 67	0.0425531915
60 10 2	0.0769230769
59 48 61	0.2000000000
57 13 49	0.0254237288
48 57 61	0.1428571429
17 84 10	0.1111111111
61 21 1	0.0344827586
47 24 49	0.0555555556
13 10 48	0.2500000000
0 20 70	0.0250000000
47 10 10	0.1538461538
48 49 67	0.0769230769
49 2 61	0.1333333333
56 47 31	0.1176470588
47 11 70	0.0754716981
56 57 6	0.0263157895
6 42 66	0.1142857143
49 68 9	0.0606060606
10 34 18	0.0357142857
14 57 61	0.1666666667
78 52 70	0.1063829787
47 8 67	0.0333333333
13 2 65	0.0769230769
11 14 10	0.0769230769
11 59 53	0.0526315789
57 6 61	0.0476190476
56 57 8	0.0555555556
56 53 10	0.1111111111
56 78 68	0.1428571429
49 29 48	0.0784313725
49 52 31	0.0256410256
89 0 29	0.1000000000
56 53 48	0.1666666667
48 61 2	0.0512820513
49 21 53	0.1875000000
56 60 49	0.0333333333
77 50 67	0.0666666667
84 10 20	0.0666666667
47 6 68	0.0333333333
53 51 2	0.0097087379
13 48 65	0.0731707317
17 0 70	0.0222222222
89 20 6	0.0181818182
49 78 67	0.0285714286
47 59 67	0.0833333333
52 61 48	0.1818181818
49 20 67	0.0309278351
6 48 65	0.0882352941
78 13 65	0.2608695652
69 21 65	0.2500000000
63 38 10	0.1428571429
3 10 48	0.1764705882
60 3 67	0.1428571429
47 53 67	0.0769230769
64 4 67	0.0322580645
49 88 66	0.0731707317
32 59 70	0.0769230769
47 64 9	0.0714285714
84 56 53	0.0909090909
59 50 53	0.2631578947
48 52 67	0.0952380952
57 49 53	0.0303030303
14 64 36	0.0833333333
6 70 36	0.0178571429
46 61 2	0.0294117647
0 11 68	0.0277777778
49 55 29	0.1000000000
52 1 67	0.0410958904
6 11 67	0.0333333333
56 78 49	0.0555555556
78 49 9	0.0666666667
60 61 2	0.0833333333
43 0 9	0.1111111111
52 78 68	0.0196078431
33 56 66	0.0312500000
49 57 67	0.0625000000
78 57 53	0.1428571429
2 60 61	0.2941176471
13 6 18	0.0645161290
6 46 68	0.0312500000
53 19 68	0.0476190476
52 46 68	0.0270270270
53 55 36	0.0384615385
0 65 9	0.0606060606
78 59 65	0.0937500000
14 14 53	0.0714285714
6 6 68	0.0131578947
52 54 67	0.0714285714
10 75 9	0.1034482759
13 13 70	0.0400000000
75 36 5	0.0212765957
3 32 65	0.1142857143
78 14 10	0.2272727273
47 78 70	0.0500000000
14 49 18	0.0833333333
52 64 36	0.0514705882
48 3 0	0.3333333333
48 59 65	0.1333333333
11 60 61	0.1666666667
61 47 65	0.1333333333
56 54 68	0.1111111111
61 21 70	0.0909090909
47 47 67	0.0833333333
32 52 68	0.0250000000
52 53 9	0.0769230769
46 3 53	0.1000000000
13 13 67	0.0357142857
52 78 67	0.0606060606
33 56 65	0.1818181818
78 75 36	0.0689655172
14 32 10	0.1538461538
3 50 9	0.0416666667
13 60 49	0.0252100840
64 29 70	0.1000000000
52 52 67	0.0174418605
6 54 67	0.0714285714
38 0 68	0.0526315789
13 50 49	0.0285714286
47 3 70	0.1428571429
47 49 67	0.0357142857
61 21 14	0.0714285714
3 47 70	0.0240000000
53 56 70	0.0416666667
3 4 70	0.0322580645
60 49 67	0.0666666667
52 1 68	0.0270270270
14 49 70	0.0416666667
47 2 66	0.0250000000
75 24 66	0.0181818182
0 42 67	0.1111111111
59 1 67	0.0512820513
32 2 10	0.1538461538
6 0 65	0.0769230769
14 69 31	0.0588235294
0 57 68	0.0163934426
52 0 68	0.0270270270
47 13 68	0.0357142857
33 82 9	0.1250000000
49 21 65	0.2000000000
6 88 53	0.2727272727
32 13 65	0.2000000000
59 66 0	0.1904761905
2 32 53	0.0769230769
63 20 70	0.0769230769
49 70 9	0.0147058824
49 22 70	0.0555555556
13 68 5	0.1818181818
56 11 52	0.0434782609
13 2 53	0.2368421053
3 54 70	0.0392156863
56 50 6	0.0588235294
56 54 70	0.0909090909
6 61 2	0.0285714286
52 49 9	0.0163934426
53 24 10	0.1363636364
57 46 10	0.0769230769
60 49 36	0.0645161290
60 49 9	0.0666666667
6 1 68	0.0128205128
11 3 0	0.0769230769
11 14 61	0.0588235294
47 60 68	0.0384615385
52 88 53	0.1250000000
3 66 2	0.0045045045
47 10 2	0.0192307692
60 59 70	0.0800000000
57 47 10	0.0909090909
56 3 68	0.1428571429
78 3 68	0.0512820513
13 1 68	0.0285714286
32 60 10	0.1428571429
59 8 70	0.0357142857
59 75 36	0.0487804878
2 52 68	0.0181818182
47 24 53	0.0769230769
56 50 1	0.1000000000
78 61 2	0.0377358491
49 8 65	0.0833333333
56 49 18	0.0555555556
13 4 66	0.0689655172
3 88 70	0.1111111111
57 6 66	0.0229885057
49 70 5	0.1282051282
47 59 68	0.0416666667
67 23 70	0.1379310345
57 53 5	0.1052631579
46 10 48	0.0625000000
63 61 66	0.0263157895
75 3 10	0.0800000000
32 10 48	0.1666666667
13 51 67	0.0952380952
57 13 61	0.0526315789
59 42 49	0.0526315789
59 50 70	0.0769230769
11 59 10	0.0370370370
56 8 66	0.0625000000
60 6 67	0.1052631579
61 56 68	0.0136986301
47 54 67	0.0833333333
0 39 20	0.1000000000
59 50 10	0.0555555556
57 3 0	0.0769230769
13 48 67	0.0400000000
63 20 8	0.0500000000
13 3 68	0.0294117647
56 57 10	0.0833333333
13 50 53	0.1818181818
59 66 2	0.0051282051
49 49 70	0.0224719101
60 11 61	0.1250000000
11 49 53	0.0303030303
59 53 2	0.0113636364
33 20 1	0.0384615385
56 4 53	0.1818181818
52 60 70	0.0454545455
53 55 18	0.0454545455
75 3 65	0.1111111111
77 21 65	0.1212121212
59 4 65	0.0740740741
2 53 2	0.0526315789
57 10 5	0.0625000000
2 47 65	0.1000000000
48 53 2	0.0303030303
52 61 2	0.0294117647
49 9 72	0.0400000000
47 6 67	0.0172413793
59 11 67	0.0666666667
49 56 70	0.0400000000
14 46 10	0.0344827586
11 13 53	0.0416666667
0 18 61	0.1111111111
47 53 9	0.0400000000
52 10 48	0.3333333333
59 78 67	0.0285714286
3 88 10	0.1428571429
47 0 0	0.2352941176
69 4 70	0.0384615385
63 56 70	0.0909090909
78 57 61	0.2500000000
61 24 10	0.1363636364
78 13 67	0.0434782609
33 20 65	0.1111111111
59 61 48	0.2500000000
52 10 61	0.1176470588
49 21 0	0.2857142857
0 14 67	0.0243902439
3 11 70	0.0161290323
52 57 67	0.0333333333
3 53 10	0.2222222222
32 13 70	0.0740740741
60 13 67	0.1111111111
78 48 49	0.0243902439
78 57 49	0.0408163265
89 33 20	0.0714285714
57 53 51	0.0487804878
11 32 53	0.0625000000
59 8 65	0.0769230769
60 61 48	0.1428571429
78 61 48	0.1428571429
10 21 53	0.1875000000
47 60 65	0.0625000000
3 31 53	0.0625000000
11 52 61	0.0625000000
14 2 49	0.0172413793
13 49 9	0.0441176471
56 6 9	0.1250000000
59 6 36	0.0217391304
8 35 61	0.1176470588
60 48 61	0.1666666667
49 0 29	0.1500000000
59 60 61	0.1600000000
49 13 68	0.0227272727
52 49 68	0.0117647059
6 13 68	0.0192307692
59 78 65	0.0701754386
13 52 67	0.0219780220
10 79 20	0.1500000000
3 14 6	0.0037735849
11 49 36	0.0555555556
13 42 66	0.1200000000
59 50 31	0.0731707317
43 0 0	0.0400000000
13 7 70	0.0500000000
47 50 67	0.0909090909
3 1 67	0.0208333333
13 50 36	0.0434782609
14 13 70	0.0666666667
6 49 9	0.0344827586
49 55 36	0.0384615385
3 68 5	0.1111111111
3 42 49	0.0555555556
6 0 67	0.0952380952
47 52 68	0.0119047619
75 52 65	0.0666666667
75 3 53	0.0434782609
57 61 5	0.0833333333
78 49 67	0.0434782609
11 46 10	0.0769230769
59 61 2	0.0246913580
6 10 10	0.0555555556
13 48 70	0.0312500000
49 82 9	0.0263157895
3 2 0	0.1000000000
13 88 70	0.0909090909
3 4 62	0.0158730159
61 46 10	0.0500000000
60 60 10	0.0714285714
52 57 68	0.0227272727
59 7 65	0.0714285714
13 70 36	0.0192307692
6 48 70	0.0200000000
32 6 68	0.0256410256
6 50 67	0.1333333333
56 52 52	0.0322580645
57 49 61	0.0833333333
59 88 66	0.0434782609
3 6 68	0.0082644628
6 68 9	0.0270270270
56 46 53	0.0909090909
6 42 49	0.0227272727
6 66 72	0.0333333333
63 85 0	0.0263157895
13 20 65	0.0344827586
49 20 68	0.0097087379
49 1 68	0.0119047619
57 59 66	0.0136986301
57 3 50	0.0344827586
60 49 48	0.0847457627
75 52 66	0.0588235294
47 14 10	0.0909090909
52 50 67	0.0384615385
59 6 68	0.0101010101
49 50 9	0.0238095238
6 66 67	0.1428571429
57 49 29	0.0909090909
32 49 48	0.0327868852
52 14 68	0.0192307692
56 47 49	0.0333333333
78 3 67	0.0540540541
3 47 68	0.0160000000
59 1 70	0.0344827586
56 49 70	0.0909090909
13 8 65	0.0526315789
32 64 9	0.0909090909
48 59 70	0.0833333333
56 53 1	0.0769230769
53 3 68	0.0166666667
57 47 31	0.0555555556
13 54 70	0.0588235294
60 60 61	0.1250000000
47 48 70	0.0800000000
13 42 68	0.1111111111
56 54 6	0.0294117647
11 47 66	0.0196078431
6 54 70	0.0217391304
14 61 2	0.0243902439
13 49 2	0.0013140604
11 47 10	0.0909090909
56 52 68	0.1428571429
3 88 53	0.2727272727
60 64 9	0.0909090909
47 27 67	0.0909090909
78 52 67	0.0344827586
59 42 65	0.0588235294
52 8 67	0.0540540541
13 6 67	0.0161290323
14 49 68	0.0384615385
3 3 70	0.0288461538
2 14 10	0.1250000000
2 0 0	0.0714285714
78 52 68	0.0250000000
3 6 9	0.0192307692
56 53 14	0.1250000000
57 14 61	0.0588235294
8 35 53	0.0526315789
11 61 51	0.0555555556
63 56 8	0.0625000000
2 32 61	0.0769230769
49 7 68	0.0081300813
78 48 61	0.1428571429
57 32 53	0.0625000000
60 11 10	0.0714285714
67 6 9	0.0714285714
60 47 70	0.0333333333
56 53 8	0.0769230769
49 49 9	0.0178571429
59 11 70	0.0172413793
49 18 65	0.0434782609
6 50 70	0.0434782609
52 11 67	0.0606060606
3 3 68	0.0227272727
75 4 65	0.1052631579
6 88 10	0.1428571429
3 20 70	0.0400000000
6 49 68	0.0120481928
47 70 5	0.0344827586
52 4 62	0.0158730159
3 68 9	0.0476190476
46 63 10	0.0769230769
53 22 10	0.0909090909
11 3 50	0.0344827586
60 13 70	0.1333333333
6 7 70	0.0250000000
13 88 10	0.1250000000
77 50 65	0.1111111111
46 84 10	0.1176470588
47 11 67	0.0952380952
11 59 66	0.0136986301
69 6 29	0.1000000000
49 4 0	0.0192307692
59 88 10	0.1428571429
59 60 70	0.0769230769
59 64 9	0.0384615385
53 75 9	0.0588235294
3 42 66	0.0666666667
59 66 72	0.0333333333
64 46 10	0.0526315789
57 52 61	0.0625000000
78 49 68	0.0232558140
49 46 67	0.0555555556
57 13 53	0.0416666667
13 52 68	0.0084033613
10 21 70	0.1428571429
3 54 68	0.0384615385
17 56 8	0.1666666667
11 53 5	0.1052631579
3 2 66	0.0080000000
3 88 49	0.0344827586
14 14 61	0.0476190476
57 64 36	0.0416666667
47 53 68	0.0303030303
13 5 67	0.1111111111
52 60 67	0.0370370370
56 47 52	0.0322580645
32 6 70	0.0232558140
59 53 65	0.0714285714
60 57 10	0.0714285714
59 54 67	0.0588235294
6 88 70	0.1111111111
59 2 66	0.0307692308
13 0 48	0.1250000000
13 47 67	0.0408163265
49 76 36	0.0588235294
49 59 68	0.0181818182
57 60 61	0.1666666667
47 6 9	0.0232558140
57 6 53	0.0454545455
2 49 29	0.0666666667
14 10 51	0.0338983051
78 47 68	0.0270270270
59 68 5	0.1111111111
2 11 61	0.1666666667
53 82 18	0.0384615385
64 46 61	0.0909090909
14 10 48	0.1250000000
48 13 70	0.0666666667
11 3 66	0.0416666667
47 7 67	0.0370370370
78 11 49	0.0408163265
59 57 61	0.1250000000
3 5 50	0.2000000000
13 70 5	0.1052631579
3 60 65	0.0666666667
13 42 10	0.1111111111
46 17 67	0.0714285714
57 61 51	0.0555555556
10 51 2	0.0049261084
52 0 70	0.0232558140
57 59 10	0.0370370370
3 8 65	0.0400000000
53 21 70	0.0909090909
2 57 10	0.1250000000
3 53 70	0.0400000000
78 6 68	0.0294117647
47 60 67	0.0555555556
14 3 68	0.0555555556
59 49 9	0.0156250000
60 3 50	0.0192307692
48 52 70	0.0454545455
49 11 70	0.0153846154
13 50 10	0.0909090909
13 6 9	0.0370370370
10 21 68	0.1250000000
13 14 65	0.0833333333
11 52 66	0.0172413793
48 11 53	0.0909090909
3 13 68	0.0178571429
64 3 70	0.0285714286
11 48 61	0.1666666667
14 3 0	0.0833333333
52 17 50	0.1000000000
57 48 10	0.1250000000
60 52 67	0.0526315789
52 50 9	0.0172413793
6 8 67	0.0277777778
60 52 70	0.0333333333
10 54 10	0.0500000000
13 88 66	0.0312500000
13 48 0	0.0769230769
2 52 67	0.0204081633
2 49 18	0.0322580645
13 32 70	0.0357142857
3 66 72	0.0285714286
11 11 10	0.0909090909
32 49 36	0.0270270270
13 13 68	0.0250000000
14 52 65	0.0333333333
60 13 68	0.0666666667
49 52 67	0.0072463768
2 3 70	0.0294117647
8 35 10	0.0588235294
11 47 31	0.0555555556
13 47 68	0.0104166667
57 14 10	0.07692