0	0.1038961039
1	0.0000000000
2	0.0000000000
3	0.1379310345
4	0.0000000000
5	0.0000000000
6	0.0000000000
7	0.0000000000
8	0.0000000000
9	0.0000000000
10	0.0000000000
11	0.0000000000
12	0.0000000000
13	0.0000000000
14	0.0000000000
15	0.0000000000
16	0.0000000000
18	0.0000000000
19	0.0000000000
20	0.0000000000
21	0.0000000000
22	0.0000000000
23	0.0000000000
24	0.0000000000
25	0.0000000000
26	0.0000000000
27	0.0000000000
28	0.0000000000
29	0.0000000000
30	0.0000000000
31	0.0000000000
32	0.0000000000
33	0.0000000000
34	0.0000000000
35	0.0000000000
36	0.0000000000
37	0.0000000000
38	0.0000000000
39	0.0000000000
40	0.0000000000
41	0.0000000000
42	0.0000000000
43	0.0000000000
44	0.0000000000
45	0.0000000000
46	0.0000000000
47	0.0000000000
48	0.0000000000
49	0.0000000000
50	0.0000000000
51	0.0000000000
52	0.0000000000
53	0.0000000000
54	0.0000000000
55	0.0000000000
56	0.0769230769
57	0.0000000000
58	0.0000000000
59	0.0000000000
60	0.0000000000
61	0.0000000000
62	0.0000000000
63	0.0000000000
64	0.0000000000
65	0.0000000000
66	0.0000000000
67	0.0000000000
68	0.0000000000
69	0.0000000000
70	0.0000000000
71	0.0000000000
72	0.0000000000
73	0.0000000000
74	0.0000000000
75	0.0000000000
76	0.0000000000
77	0.0000000000
78	0.0000000000
79	0.1666666667
80	0.0000000000
81	0.0000000000
82	0.0000000000
83	0.0000000000
84	0.0000000000
85	0.0000000000
86	0.0000000000
87	0.0000000000
88	0.0000000000
89	0.1250000000
90	0.0000000000
91	0.0000000000
92	0.0000000000
0 13	0.2022471910
61 6 13	0.2107142857
0 3	0.2040404040
61 19 13	0.1596638655
0 53 13	0.1459227468
0 17	0.3728813559
0 13 3	0.1832669323
10 20 3	0.1906906907
61 20 3	0.2383838384
0 52 3	0.2132043734
0 57 3	0.2163543441
0 6 3	0.1671902269
10 43 17	0.2352941176
0 17 5	0.3302752294
63 56 13	0.0434782609
61 21 3	0.1333333333
0 6 13	0.2018896072
33 56 3	0.0408163265
0 6 17	0.3452914798
84 17	0.0625000000
0 53 17	0.3880597015
10 7 3	0.1890971039
61 7 17	0.3333333333
0 20 3	0.1448763251
0 53 3	0.0594059406
61 47 3	0.2727272727
33 17 17	0.2857142857
10 20 17	0.3652173913
0 3 13	0.1934051997
0 49 17	0.3600000000
61 54 3	0.2384615385
84 0 17	0.1333333333
10 3 13	0.1813664596
0 1 13	0.2096648480
0 5	0.2500000000
0 47 17	0.4304123711
0 3 5	0.3698630137
10 17 17	0.3333333333
10 46 5	0.2800000000
0 78 13	0.1960784314
0 52 17	0.4000000000
0 47 71	0.2307692308
0 57 13	0.2186915888
0 3 3	0.2081326913
61 7 13	0.1940976163
10 7 13	0.1956043956
0 60 3	0.2458563536
33 56 17	0.1071428571
0 20 13	0.1935483871
61 21 5	0.3333333333
0 11 13	0.2166666667
0 78 3	0.1878669276
0 13 5	0.3245382586
0 48 13	0.1748878924
63 85 17	0.0740740741
0 32 13	0.1978609626
84 0 3	0.0432098765
0 59 3	0.1824395373
61 53 13	0.2444444444
0 3 71	0.2647058824
61 20 13	0.2268370607
10 20 13	0.1853546911
61 3 13	0.2003891051
61 24 13	0.1803278689
0 14 3	0.2394736842
0 11 3	0.1664074650
33 20 17	0.0681818182
61 56 17	0.4161073826
61 52 3	0.1923076923
84 43 17	0.0588235294
0 49 13	0.2165775401
61 56 13	0.2129870130
10 15 17	0.3280423280
63 79 17	0.2857142857
10 3 3	0.1720779221
63 56 17	0.1578947368
61 3 3	0.2269170579
10 4 5	0.2000000000
0 52 13	0.1963730570
0 66 5	0.0244299674
63 0 13	0.2765957447
63 3 13	0.2205882353
17 49 13	0.2365680966
10 7 17	0.2653061224
61 6 3	0.1697674419
84 17 5	0.1666666667
3 5	0.5128205128
60 3	0.2978723404
7 17	0.4444444444
46 43 17	0.3376623377
60 13	0.1851851852
6 3	0.2142857143
3 3	0.1919191919
17 48	0.2708333333
53 14 17	0.5797101449
14 3	0.3125000000
17 51	0.3673469388
6 48 13	0.2736318408
60 52 27	0.3333333333
0 2 13	0.2073490814
66 7 13	0.2638888889
52 13	0.2105263158
66 3 3	0.2143742255
52 7 17	0.6987951807
52 48 13	0.2439024390
52 3	0.3070175439
46 17	0.3492063492
66 7 3	0.2589473684
1 6 3	0.1785283474
14 0 13	0.1702127660
52 59 3	0.2405498282
14 1 3	0.2903225806
52 66	0.0219780220
3 51	0.4117647059
52 59 66	0.0682926829
14 0	0.1428571429
1 13	0.2285714286
1 49 46	0.0281690141
66 15 17	0.4379084967
6 13	0.2000000000
14 0 3	0.2686567164
47 4 13	0.2807017544
52 46 17	0.4325842697
53 3 13	0.2593406593
3 6 17	0.4719101124
14 17	0.4117647059
6 6 13	0.2423756019
52 1 3	0.2437275986
52 48 3	0.2394366197
52 17	0.4137931034
17 2	0.1645569620
53 3	0.1700000000
0 10 46	0.3481481481
60 47 17	0.6428571429
52 47 13	0.3119266055
1 3	0.2262773723
53 17	0.4137931034
1 14 17	0.5869565217
52 0	0.0500000000
2 10 46	0.1111111111
3 6 3	0.1894273128
3 48 13	0.1594202899
3 13	0.1975308642
0 53 46	0.1990171990
61 7 0	0.1020408163
39 20 17	0.3571428571
2 17 51	0.4107142857
2 17	0.3611111111
3 52 13	0.1908602151
3 60 3	0.2432432432
0 60 17	0.3666666667
61 20 15	0.1000000000
17 17	0.3000000000
17 5	0.3195266272
61 60 3	0.2500000000
61 5 15	0.0648648649
0 47 3	0.1934628975
0 66 56	0.0315789474
0 63	0.0563380282
61 46 5	0.3727272727
61 20 17	0.4135802469
17 51 63	0.0410334347
0 3 27	0.2972972973
17 51 51	0.4025974026
3 13 51	0.4408602151
0 3 51	0.3545454545
3 13 5	0.3000000000
61 6 17	0.3272727273
61 7 3	0.2172470978
17 0 51	0.0061728395
17 51 46	0.0452261307
17 46 17	0.4969696970
48 17	0.3421052632
17 59 3	0.2135338346
39 20 0	0.0625000000
39 20 3	0.2181818182
0 1 3	0.2014725569
48 17 5	0.3150684932
48 0 0	0.0416666667
61 46	0.2702702703
0 6 66	0.0269028871
48 17 48	0.1379310345
39 56 3	0.1678832117
0 54 3	0.1923076923
39 56 17	0.3404255319
0 2 3	0.1239837398
0 13 13	0.1946153846
10 15 3	0.1331444759
0 17 51	0.4471544715
56 3	0.0350877193
0 66	0.0303797468
56 6 3	0.0291545190
56 13	0.0370370370
43 17	0.0869565217
0 7 13	0.2546125461
63 89 0	0.0370370370
0 8 3	0.2544802867
43 0 3	0.0813008130
0 8 13	0.2608695652
0 22 13	0.2678571429
56 60 3	0.1351351351
56 47 17	0.0540540541
0 13 2	0.1000000000
0 50 13	0.1891891892
0 47 13	0.1829787234
0 63 3	0.2193548387
56 66	0.0232558140
2 0 3	0.2772277228
0 17 2	0.1967213115
56 53 3	0.0314960630
0 14 13	0.2175925926
38 0 13	0.1711711712
0 3 2	0.0920245399
38 0 3	0.2158273381
56 78 13	0.0178571429
3 53 15	0.0927152318
10 46	0.1904761905
3 46	0.0232558140
3 46 17	0.4090909091
0 5 2	0.2604166667
3 61 56	0.0529801325
3 13 13	0.1993243243
0 4 13	0.2472727273
3 52 3	0.2064965197
0 47 0	0.1116279070
46 46	0.0909090909
0 3 46	0.0538461538
10 15	0.0491803279
3 3 5	0.3626373626
0 4 46	0.0555555556
0 13 63	0.0643564356
0 52 27	0.3670886076
17 46	0.0422535211
10 4 63	0.0666666667
17 10 46	0.2000000000
17 0	0.0260869565
63 0	0.0888888889
17 0 66	0.0232558140
89 17	0.1818181818
10 85 17	0.3265306122
89 46 17	0.7058823529
61 19 3	0.1489361702
0 0 17	0.5135135135
0 2 17	0.2000000000
17 2 51	0.2988505747
0 51	0.3636363636
61 56 3	0.1900826446
38 10 4	0.3076923077
0 49 4	0.0447761194
17 61 46	0.2631578947
61 54 13	0.2095238095
0 49 46	0.0841584158
0 60 13	0.2240259740
0 59 46	0.0371428571
17 5 63	0.0729483283
89 56	0.0769230769
61 54 66	0.0176470588
0 50 15	0.0500000000
17 0 3	0.1320422535
17 49 0	0.1304347826
89 20 3	0.1750000000
89 56 3	0.1754385965
0 13 51	0.3548387097
39 56 13	0.2031250000
61 6 0	0.1000000000
17 20 13	0.2403560831
0 61 4	0.2941176471
39 56	0.0769230769
61 52 13	0.1627906977
38 10 46	0.1764705882
0 49 56	0.0422077922
17 59 66	0.0583994232
0 53 56	0.0316455696
48 61 46	0.2857142857
0 54 66	0.0400000000
61 4 51	0.4000000000
0 54 13	0.2142857143
2 0	0.0833333333
0 13 66	0.0462776660
0 7 17	0.4145077720
17 49 17	0.4545454545
0 50 71	0.1836734694
17 0 5	0.0562500000
0 59 66	0.0392364793
0 52 46	0.0445859873
0 5 63	0.0502512563
89 56 0	0.0416666667
38 17	0.1111111111
0 57 46	0.0401234568
0 47 66	0.0200267023
0 6 46	0.0406091371
0 53 15	0.0498839907
17 17 5	0.2967032967
89 56 13	0.2222222222
0 32 46	0.0296610169
17 49 66	0.0317700454
0 32 3	0.1446208113
0 53 4	0.1642857143
17 67 46	0.3513513514
6 6 3	0.2085253456
7 60 3	0.2340425532
53 66 21	0.2000000000
6 1 13	0.2142857143
53 66	0.0327868852
1 46 17	0.4113300493
60 17	0.3181818182
6 3 5	0.3289473684
52 49 0	0.0967741935
1 6 13	0.2086206897
0 66 46	0.2037037037
3 59 3	0.2312775330
50 18 3	0.1075268817
60 0 13	0.1320754717
53 56 3	0.1457286432
6 17	0.4444444444
1 52 3	0.2018209408
6 13 13	0.2201834862
3 63 3	0.2631578947
7 3	0.3333333333
50 1 66	0.0274725275
70 23 3	0.1627906977
14 6 3	0.2037037037
53 46	0.0400000000
6 71	0.1250000000
53 52 13	0.2358722359
53 13	0.1956521739
3 2	0.1071428571
6 49 13	0.2229437229
14 52 17	0.7727272727
52 52 13	0.2524590164
8 24 13	0.2441860465
3 3 51	0.4812030075
7 52 3	0.2280701754
6 53 3	0.0756302521
0 3 63	0.0540540541
0 0 4	0.0666666667
89 85 17	0.3333333333
0 52 15	0.0960000000
17 49 46	0.0549048316
0 48 3	0.2462686567
0 32 66	0.0509708738
0 10 15	0.0226628895
0 13 46	0.0498489426
0 10 21	0.1904761905
89 2 17	0.4615384615
17 20 3	0.1847507331
10 4	0.0666666667
0 1 46	0.0382775120
61 4	0.1333333333
17 46 3	0.2189781022
89 2 0	0.0769230769
0 4 3	0.2417582418
6 66	0.0428571429
6 4 17	0.5185185185
50 3 13	0.1991341991
3 48	0.1578947368
1 11 13	0.2047619048
53 15 3	0.1951219512
1 52 27	0.4444444444
6 8 3	0.2195121951
53 57 13	0.1891891892
53 8 3	0.2808988764
53 32 13	0.2658227848
53 52 66	0.0257142857
8 24 3	0.1860465116
67 1 3	0.2222222222
0 14 0	0.1204819277
1 3 5	0.4923076923
52 3 48	0.2068965517
53 6 3	0.1781376518
1 11 66	0.0697674419
7 3 51	0.4117647059
1 4 13	0.3378378378
1 3 27	0.4285714286
7 0	0.1176470588
0 11 66	0.0439560440
60 6 3	0.1856287425
53 46 17	0.4145077720
6 3 13	0.1986062718
3 2 3	0.1000000000
10 5 15	0.0672268908
0 24 46	0.1481481481
61 56	0.0259740260
10 46 63	0.0615384615
0 47 46	0.0510835913
3 32 13	0.1981981982
10 7 66	0.0259179266
0 3 66	0.0346534653
0 4 27	0.4172661871
10 46 46	0.0434782609
0 49 66	0.0360902256
61 3 46	0.0675241158
0 11 46	0.0338028169
48 17 17	0.3529411765
17 48 51	0.4122137405
2 17 5	0.3294117647
48 17 51	0.3733333333
0 2 46	0.0544554455
10 3 66	0.0240000000
46 43	0.0909090909
17 17 51	0.5161290323
3 3 27	0.4285714286
0 22 3	0.3152173913
17 0 17	0.3452380952
3 11 3	0.2857142857
3 60 13	0.1232876712
3 6 13	0.2044198895
3 57 3	0.2857142857
3 3 3	0.2207792208
3 52 27	0.4883720930
10 2 56	0.0400000000
17 51 2	0.1340206186
61 46 17	0.3333333333
56 57 13	0.0645161290
43 17 17	0.2272727273
56 54 13	0.1250000000
56 1 3	0.0548780488
61 20 0	0.1250000000
0 22 66	0.0145985401
10 15 13	0.1465201465
56 47 3	0.0606060606
56 46 17	0.1344537815
61 53 46	0.1000000000
0 0	0.0285714286
0 43 17	0.7058823529
10 20 15	0.0923076923
89 0 13	0.3571428571
0 0 0	0.1315789474
0 0 3	0.1589242054
20 13 46	0.1538461538
20 59 46	0.1304347826
33 56	0.1333333333
56 46	0.0714285714
43 38	0.1666666667
85 38	0.1666666667
64 52 46	0.1250000000
20 60 46	0.0769230769
20 46	0.0370370370
20 52 46	0.1485148515
20 15	0.1000000000
20 47 46	0.1428571429
56 49 46	0.0944881890
82 52 46	0.1212121212
56 13 46	0.1120689655
56 13 63	0.0151515152
20 32 46	0.0588235294
20 54 46	0.0857142857
56 57 46	0.0576923077
33 3 46	0.0967741935
20 1 46	0.1282051282
20 3 46	0.1186440678
20 70 15	0.1250000000
82 18 46	0.1346153846
56 3 46	0.0847457627
56 52 15	0.1200000000
20 52 15	0.1500000000
82 24 46	0.0512820513
20 53 56	0.0930232558
0 60 0	0.1219512195
10 20 46	0.0603015075
0 14 17	0.4275362319
89 0 3	0.2873563218
61 20 46	0.0709459459
17 5 48	0.2166666667
0 14 10	0.0161290323
0 63 89	0.0625000000
63 0 3	0.2290076336
17 0 13	0.1703056769
0 4 17	0.4000000000
0 66 15	0.0389344262
6 3 3	0.2075187970
7 17 5	0.3478260870
1 52 17	0.5735294118
53 13 51	0.4117647059
1 66 21	0.0952380952
67 23 66	0.0487804878
53 66 46	0.1071428571
52 17 51	0.3200000000
14 15 0	0.0851063830
6 3 66	0.0483870968
3 3 2	0.1015625000
53 17 51	0.3200000000
3 63 0	0.0829268293
53 3 3	0.2149712092
60 46 17	0.4645669291
1 6 66	0.0437262357
1 13 5	0.4296296296
1 32 13	0.2191780822
53 6 13	0.2123142251
47 23 13	0.3333333333
6 53 13	0.1607142857
60 49 13	0.2711864407
53 50 3	0.1136363636
66 3 13	0.2354533153
7 1 13	0.2190476190
50 31 3	0.1139240506
6 59 3	0.2037383178
1 3 51	0.3393939394
52 47 3	0.3211009174
60 6 17	0.6530612245
1 13 3	0.1938325991
6 47 27	0.6000000000
10 51 46	0.1200000000
3 52 17	0.5166666667
0 49 0	0.0869565217
3 53 56	0.0731707317
3 47 3	0.2051282051
0 19 66	0.0588235294
3 47 17	0.5121951220
3 3 13	0.1818181818
3 47 27	0.6000000000
0 24 3	0.2340425532
10 5 46	0.3771929825
3 78 3	0.2189781022
3 13 46	0.0883977901
50 71	0.2307692308
66 15 13	0.1851851852
53 4	0.1666666667
52 53 3	0.1275862069
6 49 4	0.0254237288
6 18 3	0.0519480519
1 3 3	0.2047413793
1 59 3	0.2182741117
1 66	0.0212765957
52 49 13	0.2336956522
1 3 2	0.0777202073
1 1 3	0.1845730028
52 60 3	0.2941176471
4 27	0.1000000000
66 46	0.1666666667
6 1 3	0.2117647059
1 66 4	0.3157894737
52 7 13	0.3000000000
53 1 3	0.2313624679
53 52 3	0.2210953347
6 24 3	0.1702127660
3 6 0	0.0975609756
6 4 66	0.0333333333
0 52 0	0.1015228426
6 13 3	0.2244897959
3 13 66	0.0514705882
14 54 66	0.0263157895
50 23 13	0.2158273381
7 6 3	0.2207792208
52 3 3	0.2893401015
6 0 5	0.2500000000
53 20 3	0.2692307692
6 47 3	0.2111553785
0 52 66	0.0207175341
1 3 13	0.2219387755
66 56 13	0.1743421053
6 4 27	0.5806451613
60 17 2	0.0800000000
6 13 5	0.3030303030
1 52 66	0.0350553506
67 4 13	0.0666666667
7 0 3	0.2808988764
53 15 17	0.3113772455
48 0	0.1081081081
48 52 0	0.2142857143
48 6 13	0.1162790698
48 52 17	0.1818181818
48 46 17	0.1521739130
48 61 4	0.0909090909
48 0 3	0.1837606838
0 63 0	0.1150000000
48 3 3	0.1525423729
48 0 13	0.1666666667
48 14 3	0.0909090909
48 53 66	0.0515463918
48 3	0.0555555556
48 1 3	0.1182795699
48 6 3	0.1374045802
17 0 0	0.0582524272
3 13 63	0.0925925926
0 18 46	0.2068965517
61 56 63	0.0312500000
61 6 66	0.0200000000
61 5 46	0.4918032787
63 38 17	0.1428571429
61 56 46	0.0466321244
0 8 10	0.0038610039
61 51 15	0.0576131687
61 6 71	0.1750000000
10 33 56	0.0909090909
0 3 48	0.0942408377
17 5 5	0.3369565217
0 8 46	0.0281690141
0 19 13	0.2641509434
17 59 46	0.0377541142
0 14 15	0.0600000000
6 18 13	0.1388888889
66 5 4	0.3500000000
46 17 5	0.4545454545
1 53 46	0.1315789474
53 46 5	0.2888888889
53 53 4	0.2368421053
53 56 13	0.1602564103
1 66 5	0.0501792115
50 52 3	0.2577777778
66 56 17	0.4421052632
1 46 3	0.2347826087
1 49 66	0.0578947368
68 20 13	0.1219512195
53 51 46	0.2000000000
3 5 2	0.2452830189
1 54 3	0.1730769231
52 14 3	0.2151898734
52 1 13	0.2355555556
1 7 17	0.4693877551
66 22 17	0.5333333333
48 52 66	0.0208333333
48 53 3	0.1250000000
48 53 17	0.1818181818
48 3 13	0.2600000000
48 1 13	0.1830985915
48 0 66	0.0514018692
0 0 13	0.1791666667
63 61 56	0.0175438596
61 54 10	0.0285714286
17 49 10	0.0047095761
61 52 27	0.3333333333
2 0 66	0.0183486239
61 66 46	0.3111111111
48 53 13	0.1944444444
48 52 3	0.1428571429
48 3 51	0.3913043478
48 53 46	0.0500000000
10 4 51	0.2800000000
48 17 2	0.0555555556
0 13 48	0.0646153846
53 51 4	0.3636363636
1 59 66	0.0590909091
4 1 13	0.0833333333
52 13 3	0.2445255474
46 17 51	0.3157894737
6 46 17	0.4263565891
60 66 4	0.2000000000
52 14 17	0.6530612245
8 4 13	0.2333333333
1 4 3	0.2656250000
52 54 66	0.0405405405
53 66 5	0.0251396648
52 3 5	0.4561403509
60 17 51	0.3500000000
66 3 66	0.0579399142
53 3 51	0.4457831325
6 47 66	0.0365853659
1 50 3	0.1417322835
1 13 13	0.2103896104
6 14 17	0.4814814815
48 3 5	0.1111111111
17 0 21	0.1884057971
48 1 66	0.0655737705
48 0 17	0.4444444444
48 52 13	0.2592592593
52 3 13	0.2491909385
1 50 13	0.1842105263
6 10 46	0.2444444444
60 32 13	0.3617021277
46 2 0	0.0909090909
68 52 3	0.2542372881
52 49 17	0.5060240964
53 47 3	0.2622950820
1 3 48	0.1739130435
1 8 13	0.2650602410
52 13 13	0.2610619469
60 3 13	0.2977099237
14 7 17	0.6875000000
52 57 13	0.2400000000
53 17 2	0.1250000000
52 52 66	0.0400667780
7 60 17	0.7727272727
68 24 3	0.3636363636
52 3 51	0.3619631902
60 7 17	0.6557377049
0 42 13	0.1111111111
60 6 13	0.2159624413
14 6 17	0.6000000000
60 66	0.0476190476
52 52 27	0.3837209302
60 48 66	0.0540540541
1 2 13	0.1803278689
6 7 17	0.5681818182
53 19 3	0.2602739726
50 7 13	0.1333333333
70 4 3	0.2553191489
1 7 3	0.2181818182
1 57 3	0.1851851852
1 54 13	0.2378048780
52 8 3	0.3278688525
0 7 66	0.0215208034
0 5 5	0.2727272727
17 43 17	0.7058823529
17 46 48	0.0285714286
0 53 0	0.1276595745
89 17 51	0.4736842105
50 21 13	0.2653061224
53 1 13	0.2103658537
50 31 13	0.2500000000
46 3 13	0.1590909091
6 13 2	0.0806451613
53 50 13	0.3050847458
1 49 13	0.2264808362
7 52 13	0.2236842105
53 60 17	0.5641025641
6 0	0.1176470588
60 4 13	0.2727272727
66 56 3	0.1969309463
60 54 13	0.2000000000
6 60 13	0.1276595745
56 13 2	0.0454545455
61 22 3	0.1219512195
17 5 2	0.2421524664
0 50 3	0.0642398287
38 61 21	0.1538461538
52 47 17	0.5833333333
1 13 51	0.3416666667
52 13 51	0.4608695652
68 3 13	0.2150537634
3 13 3	0.2005813953
7 0 5	0.2500000000
53 78 13	0.2093023256
6 53 17	0.8275862069
50 19 3	0.2608695652
53 0	0.0500000000
1 6 17	0.6237623762
66 19 13	0.2637362637
70 3 3	0.2365591398
60 1 3	0.2416666667
17 0 15	0.0438596491
3 48 3	0.2470588235
61 4 5	0.3333333333
3 61 46	0.3829787234
61 51 56	0.0634441088
48 43 17	0.3529411765
53 78 3	0.2950819672
53 13 13	0.2555555556
68 19 66	0.0472440945
60 13 13	0.3428571429
52 52 3	0.2579787234
1 57 13	0.2564102564
68 7 3	0.2142857143
3 32 3	0.2108843537
60 52 13	0.2727272727
1 1 13	0.2173913043
60 52 3	0.2620967742
60 11 13	0.3125000000
52 13 5	0.5900000000
89 20 46	0.1111111111
0 61 46	0.3275862069
61 60 17	0.3250000000
17 50 46	0.4545454545
0 51 46	0.0384615385
0 68 46	0.0649350649
53 52 17	0.5952380952
1 88 13	0.1428571429
52 53 66	0.0520833333
3 20 3	0.1090909091
52 47 0	0.0714285714
4 27 5	0.2500000000
6 61 4	0.0714285714
4 1 3	0.1379310345
53 56 17	0.2765957447
3 10 46	0.3023255814
3 3 46	0.0783132530
52 66 5	0.0196078431
52 50 3	0.1470588235
14 1 13	0.1971830986
6 0 3	0.2808988764
47 4 3	0.2266666667
6 3 2	0.1055276382
6 4 3	0.2087912088
70 23 13	0.1470588235
50 21 3	0.2318840580
6 49 17	0.5000000000
66 85 17	0.4081632653
53 11 13	0.2479338843
52 66 46	0.1311475410
67 31 13	0.2500000000
7 17 2	0.1034482759
6 13 51	0.4525547445
6 2 3	0.1326530612
6 78 3	0.1879194631
17 0 63	0.1568627451
3 47 13	0.1666666667
0 57 66	0.0354267311
10 15 0	0.0521327014
0 22 46	0.1071428571
1 32 66	0.0675675676
53 24 13	0.3333333333
1 10 46	0.1272727273
14 6 13	0.2553191489
3 51 51	0.3055555556
1 13 66	0.0648148148
1 54 66	0.0748663102
53 20 13	0.2424242424
46 89 17	0.2666666667
52 77 27	0.3846153846
7 6 13	0.2700000000
6 6 17	0.6403508772
53 3 5	0.3382352941
50 3 3	0.2213740458
52 49 66	0.0590551181
60 47 13	0.2666666667
50 71 5	0.0769230769
6 32 3	0.1768292683
68 3 3	0.2671755725
0 67 46	0.3623188406
2 0 13	0.1466666667
1 2 3	0.1400000000
1 14 13	0.2162162162
60 60 3	0.2037037037
6 11 13	0.2307692308
1 52 13	0.2287234043
60 53 4	0.1000000000
66 4	0.1666666667
70 4 13	0.2682926829
52 32 3	0.2400000000
6 18 4	0.1111111111
6 32 13	0.2307692308
1 48 13	0.1547619048
1 49 17	0.5384615385
60 3 51	0.4210526316
50 21 17	0.5833333333
6 60 3	0.2361111111
50 1 3	0.2587064677
52 8 13	0.2941176471
53 66 51	0.0219780220
7 7 3	0.2083333333
60 46 3	0.2619047619
3 5 48	0.4473684211
14 3 51	0.3478260870
1 2 66	0.0875000000
47 4 17	0.5862068966
3 14 13	0.1466666667
7 66 46	0.1666666667
66 19 3	0.2843137255
61 7 46	0.0608856089
46 46 17	0.2923076923
0 7 3	0.2372093023
17 46 46	0.0869565217
3 46 38	0.1666666667
3 52 46	0.0706521739
0 7 46	0.0415094340
3 10 15	0.0673076923
10 46 51	0.3333333333
48 14 17	0.3000000000
48 10 46	0.3333333333
84 2 17	0.0769230769
61 21 13	0.1481481481
63 20 3	0.0750000000
10 46 48	0.0909090909
0 88 13	0.2463768116
61 21 51	0.2222222222
0 15 0	0.0638297872
46 56 3	0.3076923077
60 8 3	0.3962264151
46 17 48	0.3076923077
60 50 3	0.1538461538
14 17 51	0.3703703704
1 53 3	0.0648464164
6 59 66	0.0751633987
3 5 5	0.4545454545
52 78 3	0.2666666667
52 88 13	0.3809523810
1 60 13	0.2547169811
39 17 0	0.0285714286
0 7 0	0.1150442478
61 46 51	0.2307692308
63 10 15	0.0500000000
63 0 17	0.3243243243
89 0 66	0.0428571429
61 6 46	0.0742857143
61 53 3	0.1200000000
89 0 0	0.2000000000
52 13 2	0.1208791209
60 11 3	0.2837837838
53 6 17	0.5742574257
52 32 13	0.2721088435
1 4 66	0.0510204082
0 0 63	0.0666666667
0 6 71	0.1690140845
0 0 5	0.1494252874
10 48 56	0.0800000000
56 57 3	0.0520833333
56 52 27	0.1224489796
0 61 21	0.1111111111
56 4 27	0.3000000000
10 5 56	0.0297397770
16 50 71	0.1379310345
3 3 48	0.0918367347
6 48 3	0.2739130435
52 53 46	0.0840336134
60 13 3	0.2480000000
70 52 3	0.2452830189
1 8 3	0.2235294118
60 59 3	0.2153846154
60 60 17	0.2000000000
3 10 4	0.1739130435
1 4 27	0.2222222222
53 57 3	0.2231404959
66 22 13	0.3018867925
60 3 3	0.2448979592
6 78 66	0.0405405405
7 0 13	0.1969696970
53 47 66	0.0243902439
50 52 0	0.0869565217
6 7 13	0.2333333333
6 53 46	0.0919540230
66 46 5	0.4285714286
0 78 66	0.0390243902
53 60 3	0.2647058824
6 47 17	0.6610169492
48 53 4	0.3333333333
48 7 0	0.0909090909
0 47 27	0.2222222222
61 46 2	0.1923076923
52 53 13	0.2660550459
66 7 17	0.6304347826
60 57 13	0.3030303030
70 46 17	0.2857142857
14 0 5	0.2500000000
68 7 17	0.6666666667
7 3 2	0.2272727273
60 3 66	0.0270270270
46 63 0	0.0657894737
52 57 66	0.0602409639
60 60 13	0.1860465116
1 10 21	0.1538461538
6 88 66	0.0714285714
6 49 66	0.0674486804
50 18 27	0.5000000000
66 5 46	0.1954022989
6 13 48	0.1562500000
47 23 3	0.2715231788
52 52 17	0.6134453782
66 24 13	0.3809523810
3 52 66	0.0323529412
50 52 13	0.2500000000
1 11 3	0.1682242991
60 3 48	0.1400000000
53 53 46	0.0517241379
60 47 3	0.3015873016
1 32 3	0.1756756757
60 8 13	0.3023255814
68 24 66	0.0370370370
60 78 3	0.3333333333
66 15 3	0.2197452229
63 0 66	0.0261780105
63 3 3	0.1904761905
61 20 10	0.0344827586
10 3 46	0.0375939850
48 0 5	0.2666666667
48 6 66	0.0833333333
48 6 17	0.2500000000
48 60 0	0.2142857143
89 20 17	0.1818181818
39 43 17	0.3913043478
60 52 17	0.4814814815
4 6 3	0.0958904110
8 56 13	0.0769230769
53 47 17	0.4035087719
52 66 4	0.2272727273
50 49 13	0.0952380952
1 10 4	0.3703703704
1 53 13	0.1785714286
46 2 17	0.4615384615
14 66 46	0.2380952381
66 56 0	0.0780669145
60 47 66	0.0222222222
53 10 46	0.1666666667
52 13 66	0.0696202532
53 19 66	0.0898876404
52 50 13	0.2962962963
47 24 17	0.4166666667
68 19 3	0.1886792453
8 50 71	0.2121212121
52 60 17	0.5625000000
60 57 3	0.2753623188
17 56 46	0.0833333333
10 85 0	0.0422535211
6 66 4	0.0666666667
1 53 66	0.0379746835
52 54 13	0.2333333333
70 18 13	0.2173913043
1 3 71	0.2142857143
53 13 5	0.2903225806
1 48 3	0.1630434783
17 0 4	0.2083333333
52 10 4	0.1000000000
2 39 56	0.0526315789
61 46 46	0.0571428571
3 77 27	0.4680851064
17 17 0	0.0289855072
61 4 63	0.0888888889
6 17 5	0.3478260870
48 63 0	0.0714285714
0 61 56	0.0314136126
61 7 66	0.0153121319
0 36 56	0.2500000000
0 24 66	0.0400000000
63 0 5	0.2702702703
56 32 13	0.0515463918
17 48 5	0.2653061224
39 46 46	0.2500000000
38 0 66	0.0093457944
61 51 46	0.3750000000
0 54 46	0.0401785714
89 46 46	0.1666666667
0 10 4	0.2941176471
89 20 15	0.1000000000
10 7 46	0.0498338870
0 52 71	0.1538461538
63 56 3	0.0408163265
50 29 3	0.1506849315
60 1 13	0.2450000000
7 17 51	0.4038461538
14 4 27	0.3000000000
14 46 17	0.4074074074
7 46 17	0.4126984127
6 54 3	0.2666666667
66 15 0	0.0807453416
56 6 13	0.0333333333
39 56 0	0.0483870968
0 19 3	0.1694915254
61 5 21	0.2162162162
3 46 43	0.2142857143
14 53 3	0.1860465116
14 17 5	0.4242424242
50 18 13	0.2278481013
6 61 46	0.1904761905
3 3 66	0.0337078652
0 42 66	0.0363636364
0 1 66	0.0358381503
52 2 66	0.0923076923
7 52 17	0.8275862069
50 22 13	0.3181818182
53 3 66	0.0452488688
53 50 66	0.0461538462
60 66 46	0.1395348837
0 0 2	0.0093457944
0 14 46	0.0273972603
61 48 46	0.2857142857
61 46 63	0.0700000000
38 0 17	0.3103448276
17 17 2	0.1186440678
0 8 15	0.0714285714
10 5 21	0.1311475410
56 6 46	0.0666666667
20 48 46	0.1052631579
82 18 56	0.1333333333
82 29 56	0.1304347826
20 11 46	0.0967741935
20 3 63	0.0303030303
56 17 38	0.1666666667
56 8 15	0.0666666667
56 32 46	0.0540540541
46 39 79	0.1666666667
56 53 56	0.0779220779
20 46 46	0.2000000000
56 66 56	0.0941176471
17 10 17	0.3000000000
20 7 46	0.1632653061
64 29 15	0.0625000000
56 46 38	0.3000000000
56 17 46	0.0588235294
56 3 51	0.0491803279
56 47 13	0.0555555556
61 52 46	0.0533333333
17 17 17	0.3500000000
48 7 17	0.2500000000
48 4 27	0.2000000000
89 56 46	0.0714285714
0 6 0	0.0990099010
10 20 0	0.0901639344
63 61 4	0.3333333333
0 66 4	0.2000000000
61 66 21	0.1600000000
17 2 17	0.4615384615
0 6 15	0.0461538462
89 0 5	0.3333333333
89 17 5	0.3846153846
3 6 66	0.0263852243
10 51 15	0.0206185567
3 52 15	0.1500000000
52 0 3	0.2242990654
1 61 46	0.2000000000
60 3 5	0.3396226415
50 29 13	0.3414634146
50 23 3	0.1840490798
6 3 51	0.4276729560
39 56 46	0.0377358491
61 54 46	0.0470588235
52 4 27	0.3750000000
68 7 13	0.1428571429
2 17 48	0.0909090909
2 0 0	0.1250000000
6 48 66	0.0520231214
6 47 13	0.1941176471
53 49 13	0.1945945946
53 53 66	0.0425531915
53 15 13	0.1800000000
6 14 13	0.2000000000
6 78 13	0.1810344828
67 23 3	0.1272727273
0 22 17	0.4000000000
0 20 46	0.0460526316
61 56 0	0.0565217391
3 53 46	0.2500000000
3 11 46	0.0909090909
17 10 15	0.0588235294
3 13 2	0.1224489796
0 0 66	0.0256410256
0 78 10	0.0073529412
17 2 63	0.0483870968
6 10 4	0.1304347826
6 24 17	0.2000000000
53 13 3	0.2289719626
53 11 3	0.1651376147
70 52 66	0.0428571429
4 31 3	0.1333333333
53 59 66	0.0526315789
56 52 13	0.0168067227
48 56 3	0.1538461538
0 48 46	0.0601503759
0 10 63	0.2000000000
0 5 48	0.3200000000
61 53 10	0.0666666667
17 51 48	0.3380281690
89 0 17	0.5531914894
61 3 10	0.0184049080
0 60 66	0.0282131661
0 51 51	0.2500000000
61 3 66	0.0324825986
0 63 46	0.0649350649
52 7 3	0.2600000000
1 53 4	0.2400000000
3 0 21	0.0588235294
61 5 56	0.0406504065
61 4 46	0.1142857143
10 2 46	0.1111111111
39 79 0	0.0285714286
0 78 46	0.0360000000
3 47 46	0.0629370629
3 2 13	0.1764705882
17 61 56	0.0519480519
0 50 66	0.0247933884
3 10 17	0.1111111111
3 60 46	0.0714285714
3 52 0	0.0975609756
53 53 17	0.6250000000
52 52 0	0.1323529412
53 0 13	0.1707317073
3 6 15	0.2000000000
17 2 5	0.4528301887
61 2 15	0.0500000000
48 60 3	0.1428571429
48 3 2	0.0500000000
10 5 4	0.1351351351
63 10 4	0.2500000000
61 22 17	0.2000000000
60 2 13	0.1351351351
67 1 13	0.2727272727
53 6 66	0.0288713911
60 7 13	0.2333333333
53 49 66	0.0188679245
48 7 3	0.1578947368
50 22 3	0.2941176471
53 19 13	0.1935483871
52 61 46	0.2400000000
52 2 3	0.1250000000
52 60 13	0.1250000000
70 3 13	0.2674418605
0 0 15	0.0365853659
17 0 43	0.3750000000
17 17 46	0.1860465116
48 66 46	0.3076923077
48 53 0	0.2142857143
1 14 3	0.2500000000
60 0 3	0.1641791045
52 4 13	0.2272727273
3 47 66	0.0392156863
52 14 13	0.1315789474
53 20 17	0.5370370370
1 1 66	0.0529100529
70 29 3	0.0625000000
52 46 3	0.2162162162
52 2 17	0.3333333333
46 84 17	0.3333333333
53 53 3	0.1260869565
53 14 3	0.2388059701
52 0 13	0.1707317073
56 3 2	0.0389610390
0 10 17	0.3809523810
48 60 17	0.1818181818
0 49 15	0.0373134328
3 59 66	0.0591715976
1 49 4	0.0970873786
0 48 66	0.0222222222
52 53 17	0.6250000000
3 2 5	0.1666666667
43 17 5	0.1875000000
56 3 13	0.0147783251
43 17 0	0.0243902439
14 3 13	0.2000000000
70 1 13	0.1538461538
53 54 3	0.1860465116
53 8 66	0.0152671756
6 8 13	0.1851851852
68 20 3	0.2241379310
50 24 17	0.2000000000
67 23 13	0.2075471698
50 1 13	0.2131147541
53 32 66	0.0714285714
50 52 17	0.5384615385
3 14 3	0.1868131868
56 3 3	0.0336134454
0 15 17	0.3947368421
14 52 3	0.2600000000
1 49 0	0.1403508772
3 51 48	0.3529411765
53 22 17	0.6666666667
7 1 3	0.2700729927
6 17 48	0.2352941176
1 78 13	0.2000000000
14 3 3	0.2000000000
17 56 13	0.3076923077
61 2 46	0.2727272727
60 7 3	0.2658227848
3 78 13	0.2105263158
53 2 66	0.0600000000
68 46 17	0.3508771930
60 17 5	0.2857142857
1 7 0	0.0937500000
0 18 3	0.1298701299
3 2 46	0.1052631579
0 53 66	0.0135922330
6 0 13	0.1969696970
60 53 3	0.1360000000
52 17 5	0.4038461538
53 59 3	0.2500000000
6 14 3	0.2142857143
52 78 13	0.2461538462
14 53 17	0.7727272727
2 61 21	0.1538461538
17 89 17	0.3500000000
89 56 17	0.2105263158
0 51 2	0.1818181818
10 15 43	0.1818181818
50 46 17	0.4516129032
53 48 13	0.1333333333
1 66 46	0.1029411765
3 48 51	0.2083333333
1 78 3	0.2166666667
7 3 3	0.1800000000
1 60 3	0.2621359223
39 46 43	0.2500000000
0 50 46	0.0833333333
38 10 15	0.0444444444
0 51 63	0.0526315789
0 53 21	0.1818181818
0 7 15	0.1000000000
61 66 4	0.2666666667
20 6 15	0.1000000000
20 6 46	0.0775193798
20 49 56	0.1463414634
85 3 46	0.1111111111
56 7 46	0.1538461538
33 20 46	0.0428571429
64 29 56	0.0625000000
82 4 46	0.1034482759
56 52 46	0.0937500000
33 56 38	0.1666666667
64 36 56	0.2000000000
17 10 79	0.2000000000
56 3 63	0.0183486239
56 49 56	0.1200000000
0 13 10	0.0028490028
61 7 15	0.1500000000
63 0 51	0.2222222222
61 56 66	0.0277777778
10 79 0	0.0400000000
17 38 0	0.0666666667
56 50 3	0.0416666667
56 52 3	0.0204081633
56 49 13	0.0321100917
0 88 3	0.2075471698
68 15 3	0.3333333333
66 7 66	0.0335365854
7 0 66	0.0526315789
47 24 13	0.1333333333
53 54 13	0.2250000000
53 32 3	0.1692307692
63 2 17	0.4615384615
89 17 48	0.2727272727
14 53 13	0.2500000000
52 47 27	0.4444444444
70 18 66	0.0408163265
8 34 71	0.2380952381
47 24 3	0.2272727273
1 6 71	0.2142857143
17 48 63	0.0564516129
61 46 48	0.2916666667
0 4 66	0.0349462366
60 13 51	0.4285714286
52 15 17	0.4736842105
53 8 13	0.2461538462
66 46 51	0.2222222222
6 57 13	0.1833333333
60 60 66	0.0322580645
6 2 13	0.2142857143
52 15 0	0.0638297872
52 67 46	0.0769230769
52 3 2	0.1156462585
52 11 3	0.1869158879
14 53 46	0.0408163265
66 56 66	0.0613207547
53 24 3	0.3235294118
1 14 0	0.1034482759
17 33 56	0.1578947368
0 60 46	0.0451977401
17 46 38	0.0769230769
17 10 4	0.1176470588
61 53 15	0.0769230769
84 0 13	0.0629921260
0 42 3	0.1090909091
84 0 5	0.2307692308
33 43 17	0.0909090909
3 6 46	0.0656565657
0 29 46	0.2857142857
17 0 56	0.0210084034
0 24 17	0.2666666667
50 3 66	0.0674157303
67 4 17	0.5833333333
63 10 46	0.2666666667
39 20 46	0.0845070423
38 63 56	0.0526315789
89 85 0	0.0263157895
0 19 10	0.0588235294
61 60 46	0.0545454545
0 2 66	0.0486486486
60 53 13	0.2452830189
6 11 3	0.1944444444
60 78 13	0.2083333333
0 2 51	0.4000000000
3 3 63	0.0737327189
0 1 15	0.0500000000
39 56 66	0.0348837209
46 10 4	0.4500000000
53 60 13	0.1153846154
1 13 48	0.1208791209
60 13 66	0.0689655172
61 51 4	0.2105263158
46 3 3	0.1481481481
70 1 3	0.2631578947
53 14 0	0.0571428571
14 3 5	0.1111111111
53 1 66	0.0486486486
53 17 48	0.1764705882
61 47 46	0.0750000000
56 1 13	0.0454545455
52 54 3	0.2622950820
89 63 89	0.1428571429
0 68 15	0.0434782609
0 50 56	0.0204081633
63 0 10	0.0377358491
33 56 13	0.0434782609
63 20 17	0.1363636364
61 24 3	0.2222222222
48 66 4	0.5000000000
56 13 5	0.0985915493
56 13 13	0.0233918129
39 20 13	0.0909090909
53 53 13	0.2149532710
4 6 66	0.0312500000
6 7 3	0.2096774194
70 29 13	0.1707317073
50 6 13	0.0952380952
1 7 13	0.2777777778
50 71 2	0.1052631579
53 46 48	0.0666666667
7 14 17	0.5882352941
84 17 17	0.0588235294
10 79 17	0.2500000000
3 32 46	0.0571428571
0 2 63	0.0666666667
6 3 48	0.1120000000
1 52 0	0.0731707317
52 32 66	0.0714285714
52 1 66	0.0578034682
70 18 3	0.1179487179
68 15 17	0.4166666667
68 7 66	0.0845070423
60 52 66	0.0303030303
14 3 2	0.2631578947
14 47 3	0.2666666667
6 60 17	0.7727272727
61 5 4	0.1666666667
17 89 38	0.1250000000
0 18 13	0.1666666667
56 13 51	0.0156250000
17 50 15	0.0380952381
17 89 63	0.3750000000
61 52 66	0.0086956522
46 39 56	0.0555555556
60 4 27	0.3000000000
6 17 51	0.4038461538
10 7 0	0.0857142857
63 89 17	0.4545454545
43 0 13	0.0588235294
17 61 4	0.2666666667
48 38 17	0.1428571429
56 61 56	0.1111111111
64 3 46	0.1428571429
17 33 17	0.2857142857
56 78 46	0.1025641026
82 3 46	0.1315789474
3 59 46	0.0188172043
3 47 0	0.0566037736
0 77 27	0.2222222222
14 7 3	0.2333333333
53 15 0	0.0656565657
1 13 2	0.1186440678
70 52 13	0.3636363636
60 50 13	0.3750000000
50 7 66	0.1000000000
46 17 17	0.2926829268
6 6 0	0.0566037736
66 19 66	0.0614035088
8 24 66	0.0588235294
53 2 17	0.3333333333
53 46 3	0.2241379310
0 66 63	0.0349650350
89 79 17	0.1428571429
38 0 5	0.2000000000
68 19 13	0.2178217822
53 10 4	0.1428571429
52 57 3	0.2323232323
53 17 5	0.4038461538
50 71 51	0.1739130435
53 66 4	0.3600000000
53 5 4	0.1666666667
2 17 2	0.1428571429
50 1 17	0.4358974359
0 88 66	0.0487804878
66 79 17	0.2500000000
60 53 17	0.4545454545
10 15 63	0.0740740741
17 20 46	0.0378378378
61 24 46	0.0303030303
1 3 66	0.0485829960
6 6 66	0.0431519700
0 66 21	0.1219512195
0 17 48	0.1428571429
68 4 13	0.2972972973
48 56 13	0.2307692308
10 85 48	0.1111111111
1 57 66	0.0611111111
48 17 0	0.0277777778
48 43 0	0.0714285714
17 84 17	0.2222222222
6 88 13	0.2380952381
6 57 66	0.0126582278
66 4 5	0.2121212121
0 65 15	0.0583333333
89 10 4	0.1666666667
60 8 66	0.0128205128
52 47 66	0.0343642612
53 6 0	0.1000000000
50 52 66	0.0379746835
53 0 3	0.2242990654
6 49 46	0.0265780731
52 7 0	0.1132075472
0 24 13	0.1764705882
46 61 4	0.2777777778
3 53 4	0.2666666667
53 14 13	0.0769230769
66 22 3	0.1578947368
89 17 17	0.1428571429
33 20 3	0.0277777778
17 46 63	0.0392156863
60 11 66	0.0609756098
47 23 66	0.0666666667
0 66 51	0.0078828829
89 0 10	0.0512820513
39 43 0	0.0344827586
60 0 5	0.2500000000
52 11 13	0.2477876106
53 52 27	0.3829787234
14 52 13	0.2028985507
52 78 66	0.0800000000
60 48 13	0.1600000000
52 88 3	0.1764705882
67 31 3	0.1139240506
66 5 21	0.1212121212
60 53 0	0.1428571429
53 52 0	0.1304347826
6 60 0	0.0714285714
60 57 66	0.0724637681
68 52 66	0.0434782609
53 47 13	0.1803278689
46 43 0	0.0847457627
7 4 27	0.3000000000
14 7 0	0.1000000000
0 18 21	0.1111111111
17 89 0	0.0281690141
0 1 10	0.0062500000
3 10 79	0.1111111111
53 48 3	0.2857142857
60 48 3	0.3125000000
6 2 17	0.2666666667
0 0 56	0.0240963855
89 56 66	0.0465116279
39 20 15	0.1000000000
3 2 51	0.4090909091
53 2 13	0.0566037736
89 85 46	0.1666666667
47 4 66	0.0537634409
60 32 66	0.0789473684
3 48 5	0.3333333333
7 52 66	0.0219780220
53 50 71	0.1176470588
89 38 17	0.1428571429
0 65 46	0.0508474576
3 46 63	0.0769230769
68 4 17	0.5200000000
8 4 3	0.1250000000
53 2 3	0.0425531915
61 66 56	0.0466666667
0 2 0	0.2727272727
63 61 46	0.3043478261
3 46 3	0.1250000000
50 18 66	0.0357142857
60 49 46	0.0675675676
52 49 46	0.0295358650
56 33 17	0.1666666667
20 4 46	0.0714285714
33 20 15	0.0666666667
20 15 38	0.2857142857
85 0 79	0.1666666667
79 61 56	0.0769230769
56 1 46	0.1186440678
20 49 15	0.0750000000
48 48 0	0.0500000000
2 0 15	0.0666666667
2 61 46	0.3333333333
50 22 17	0.6500000000
10 51 56	0.0551724138
3 57 13	0.1153846154
6 32 66	0.0434782609
60 54 3	0.1388888889
46 61 46	0.1063829787
14 1 66	0.0491803279
6 66 5	0.0187793427
60 13 2	0.1290322581
52 0 5	0.3043478261
56 53 13	0.0285714286
56 3 5	0.0392156863
60 2 3	0.0952380952
17 17 38	0.1250000000
60 32 3	0.1707317073
60 53 66	0.0408163265
50 19 13	0.2380952381
43 17 51	0.1515151515
43 0 5	0.1666666667
52 47 71	0.1111111111
17 89 46	0.3750000000
68 3 66	0.0350877193
60 6 71	0.0909090909
1 7 66	0.0159574468
6 53 21	0.1538461538
6 53 0	0.1000000000
6 3 27	0.4545454545
60 7 0	0.1315789474
6 49 21	0.0769230769
7 6 17	0.7407407407
52 53 4	0.1282051282
68 52 13	0.2000000000
68 20 17	0.4000000000
53 48 4	0.0714285714
89 20 0	0.0714285714
84 17 48	0.2307692308
68 4 66	0.0222222222
7 3 13	0.1904761905
14 54 3	0.2333333333
53 20 0	0.1034482759
89 46 89	0.1428571429
0 43 0	0.1428571429
0 9 15	0.1764705882
56 14 46	0.0666666667
82 29 46	0.1200000000
20 10 79	0.1666666667
56 59 46	0.0821917808
56 11 13	0.0416666667
0 18 17	0.1666666667
0 49 21	0.1463414634
38 61 4	0.1428571429
60 66 51	0.0136986301
3 20 13	0.1636363636
66 24 66	0.0714285714
14 66 21	0.1111111111
53 11 66	0.0400000000
17 50 56	0.0155038760
7 6 66	0.0428571429
60 53 46	0.0508474576
56 66 5	0.0077519380
17 17 48	0.2068965517
89 61 4	0.2857142857
0 11 10	0.0061728395
17 2 0	0.0263157895
3 11 13	0.1153846154
10 79 84	0.1111111111
89 63 0	0.1428571429
0 0 10	0.0112359551
6 57 3	0.2168674699
60 1 66	0.0655737705
52 2 13	0.1142857143
52 3 66	0.0569948187
0 18 66	0.0769230769
3 10 21	0.1176470588
53 4 3	0.1000000000
0 10 43	0.0909090909
89 46 43	0.1666666667
61 53 66	0.0333333333
56 2 13	0.0652173913
0 0 51	0.0208333333
7 3 5	0.2307692308
6 8 66	0.0212765957
4 6 13	0.1451612903
68 20 0	0.0909090909
52 66 51	0.0123456790
7 14 3	0.1875000000
53 0 5	0.3043478261
60 66 5	0.0382513661
70 1 17	0.3333333333
33 85 17	0.0740740741
84 56 13	0.0769230769
7 17 48	0.2352941176
61 56 43	0.1250000000
0 66 17	0.0454545455
10 20 10	0.0081967213
0 19 46	0.0487804878
14 3 48	0.0909090909
43 0 17	0.2000000000
3 46 46	0.0666666667
2 0 5	0.2333333333
89 61 46	0.2222222222
66 4 51	0.5263157895
60 66 21	0.0769230769
14 15 17	0.3421052632
3 61 4	0.1851851852
52 4 66	0.0357142857
52 17 2	0.1250000000
0 8 66	0.0208816705
6 66 46	0.0851063830
0 10 0	0.0545454545
1 6 0	0.1320754717
56 11 3	0.0142857143
46 48 17	0.0555555556
3 53 21	0.1600000000
20 1 15	0.1000000000
82 18 15	0.1081081081
85 89 79	0.1666666667
56 11 46	0.0750000000
33 5 56	0.0416666667
85 0 15	0.1000000000
46 38 0	0.0666666667
3 61 21	0.1538461538
56 46 3	0.0312500000
48 10 4	0.1428571429
48 61 21	0.1111111111
53 0 66	0.0431034483
38 33 56	0.0526315789
7 3 48	0.2000000000
56 60 13	0.0967741935
2 0 63	0.0285714286
0 10 38	0.1000000000
38 0 63	0.0588235294
47 24 0	0.0909090909
6 77 27	0.3500000000
0 18 79	0.1666666667
0 29 56	0.0625000000
46 10 46	0.2068965517
53 13 66	0.0625000000
52 0 51	0.2857142857
68 4 3	0.2000000000
39 17 17	0.1818181818
56 32 3	0.0215053763
53 22 66	0.0384615385
6 2 0	0.2857142857
82 29 15	0.1034482759
20 46 38	0.3750000000
20 68 15	0.1250000000
56 47 46	0.0789473684
20 14 46	0.1000000000
20 49 46	0.0869565217
61 21 66	0.0222222222
63 3 46	0.0952380952
61 48 15	0.1333333333
10 15 46	0.0235294118
6 2 66	0.0500000000
53 54 66	0.0373831776
53 49 46	0.0263157895
14 6 71	0.1333333333
7 7 17	0.7407407407
10 17 0	0.0400000000
6 50 13	0.1428571429
0 29 15	0.1250000000
0 5 46	0.0769230769
6 13 66	0.0536912752
1 78 66	0.0357142857
52 11 66	0.0638297872
52 10 46	0.1538461538
39 79 17	0.1818181818
56 54 3	0.1176470588
0 22 10	0.0588235294
3 78 46	0.1034482759
66 46 2	0.0769230769
46 56 13	0.3076923077
17 5 46	0.0526315789
70 18 4	0.1538461538
38 61 46	0.1052631579
0 70 15	0.0555555556
53 49 21	0.1764705882
63 0 0	0.0666666667
52 0 66	0.0431034483
6 49 0	0.1224489796
53 57 66	0.0483870968
50 21 0	0.0909090909
61 19 66	0.0173410405
17 56 3	0.2307692308
1 48 66	0.0149253731
0 10 79	0.1176470588
6 47 0	0.1142857143
50 18 46	0.0750000000
56 4 3	0.2500000000
61 22 13	0.0952380952
48 6 0	0.0909090909
56 53 15	0.0707070707
20 53 46	0.0384615385
56 49 15	0.0428571429
56 63 79	0.1666666667
64 36 17	0.1666666667
56 4 13	0.0714285714
14 6 66	0.0420168067
38 17 2	0.2000000000
17 46 89	0.0689655172
7 60 13	0.1111111111
89 17 46	0.1428571429
1 88 3	0.0588235294
6 18 21	0.1111111111
60 2 17	0.3000000000
70 52 17	0.3000000000
53 6 71	0.1612903226
50 6 3	0.1111111111
14 2 0	0.2857142857
46 61 21	0.1764705882
0 0 21	0.1904761905
0 14 66	0.0108225108
66 79 0	0.0800000000
82 46 17	0.0714285714
79 10 17	0.1666666667
85 0 17	0.0408163265
64 4 46	0.0740740741
53 53 0	0.1176470588
56 78 3	0.0126582278
61 60 0	0.0571428571
53 78 66	0.0298507463
50 24 3	0.1304347826
14 52 0	0.0714285714
66 46 48	0.4000000000
68 24 13	0.1764705882
6 24 0	0.1250000000
3 13 48	0.0392156863
53 3 71	0.1250000000
52 4 3	0.1000000000
43 39 79	0.1666666667
85 48 38	0.1666666667
56 63 56	0.0833333333
85 61 56	0.0967741935
79 63 56	0.0833333333
64 36 79	0.1250000000
56 46 46	0.1200000000
0 57 10	0.0078740157
61 56 84	0.0869565217
6 4 13	0.1475409836
6 0 51	0.2857142857
7 0 51	0.2857142857
17 17 43	0.3750000000
1 60 66	0.0428571429
0 18 15	0.1875000000
14 54 13	0.2400000000
61 53 4	0.1000000000
56 33 56	0.0833333333
50 49 71	0.2352941176
52 3 27	0.4545454545
63 43 17	0.0909090909
61 6 10	0.0111111111
10 17 84	0.1111111111
14 53 66	0.0370370370
52 60 0	0.1176470588
60 13 5	0.5000000000
50 24 0	0.1250000000
14 53 0	0.0714285714
10 2 15	0.0666666667
70 3 66	0.0576923077
10 43 0	0.0476190476
66 48 46	0.2916666667
60 59 66	0.0270270270
53 47 0	0.1034482759
1 49 21	0.0952380952
7 7 0	0.0588235294
6 53 66	0.0364963504
7 1 66	0.0425531915
53 60 66	0.0081300813
14 14 3	0.0909090909
53 3 2	0.0359712230
56 49 17	0.0294117647
56 65 15	0.0952380952
56 66 46	0.0333333333
0 48 10	0.0156250000
0 22 0	0.1304347826
2 0 17	0.0666666667
89 38 0	0.0666666667
0 18 56	0.1250000000
53 49 4	0.0441176471
38 17 51	0.2631578947
6 50 71	0.0588235294
6 1 66	0.0500000000
84 56 3	0.0769230769
52 13 48	0.1506849315
17 67 15	0.0344827586
6 14 0	0.1176470588
6 42 66	0.0666666667
1 61 4	0.1764705882
56 47 0	0.0263157895
52 49 4	0.0266666667
46 17 0	0.0202020202
60 3 2	0.0384615385
43 17 2	0.1428571429
3 50 46	0.1666666667
89 10 46	0.2857142857
56 13 3	0.0144927536
10 7 15	0.1333333333
6 46 3	0.1555555556
89 85 43	0.1666666667
10 4 46	0.0857142857
0 36 17	0.1666666667
1 10 17	0.1818181818
60 4 3	0.1500000000
64 24 46	0.0370370370
8 56 3	0.0769230769
3 0 4	0.1000000000
50 23 66	0.0396039604
17 46 84	0.0588235294
14 14 17	0.3000000000
0 36 79	0.1250000000
60 0 66	0.0285714286
1 66 51	0.0091324201
7 6 0	0.0588235294
20 14 15	0.1333333333
82 18 79	0.1666666667
56 48 46	0.1428571429
43 39 56	0.0833333333
66 43 17	0.2352941176
53 24 66	0.0555555556
61 19 46	0.0266666667
14 0 66	0.0526315789
53 3 48	0.0630630631
17 84 0	0.0243902439
17 43 0	0.1428571429
63 38 0	0.0666666667
56 2 3	0.0377358491
17 59 10	0.0073126143
20 65 15	0.0555555556
20 53 15	0.0882352941
20 17 46	0.0952380952
60 67 46	0.2222222222
60 47 0	0.0869565217
61 48 4	0.1428571429
52 48 66	0.0178571429
52 60 66	0.0097087379
66 17 0	0.0800000000
6 0 66	0.0526315789
60 6 0	0.1379310345
2 17 46	0.0181818182
6 42 3	0.2000000000
70 23 66	0.0666666667
7 60 66	0.0158730159
0 4 10	0.0147058824
66 85 0	0.0563380282
50 24 66	0.0333333333
53 4 51	0.3076923077
48 38 0	0.0666666667
6 7 0	0.0769230769
61 7 10	0.0076045627
53 5 46	0.0714285714
60 6 66	0.0254777070
53 0 2	0.0322580645
68 15 0	0.0400000000
0 66 79	0.0185185185
3 57 46	0.0909090909
1 77 27	0.3500000000
52 66 21	0.0952380952
60 0 51	0.2857142857
50 22 66	0.0204081633
4 31 13	0.1200000000
53 4 13	0.2272727273
6 71 51	0.0833333333
0 7 10	0.0136986301
17 46 43	0.2222222222
56 66 79	0.1000000000
0 17 46	0.0408163265
0 42 46	0.0333333333
70 4 17	0.1666666667
53 2 0	0.1428571429
43 0 0	0.0384615385
7 52 0	0.1000000000
14 17 48	0.1818181818
17 0 10	0.0147058824
0 36 46	0.1428571429
10 15 38	0.1818181818
53 56 66	0.0491803279
70 18 27	0.1000000000
6 67 46	0.2222222222
46 84 0	0.0487804878
79 10 15	0.0400000000
20 67 15	0.1250000000
6 24 13	0.0882352941
6 10 21	0.1176470588
50 21 66	0.0169491525
46 38 17	0.2857142857
63 2 0	0.0769230769
66 51 46	0.2500000000
56 66 15	0.0208333333
85 0 56	0.0833333333
82 9 15	0.1250000000
47 24 66	0.0666666667
52 88 66	0.0714285714
66 24 3	0.1764705882
61 66 15	0.0142857143
1 53 21	0.1428571429
61 56 38	0.1250000000
66 17 17	0.3333333333
0 3 10	0.0022271715
50 7 3	0.1176470588
47 4 0	0.1304347826
56 89 38	0.1666666667
56 53 46	0.0175438596
85 89 56	0.0833333333
7 2 17	0.2666666667
17 84 63	0.1428571429
56 59 3	0.0129032258
14 52 66	0.0142857143
52 17 48	0.1764705882
10 48 15	0.0666666667
61 24 66	0.0149253731
6 6 71	0.0555555556
60 54 66	0.0487804878
52 8 66	0.0100000000
20 57 46	0.0689655172
6 4 0	0.1176470588
63 0 2	0.0151515152
60 60 0	0.1250000000
14 17 2	0.1250000000
46 17 2	0.0757575758
53 4 5	0.0952380952
60 10 46	0.1875000000
6 11 66	0.0394736842
0 66 2	0.0035650624
85 89 17	0.1666666667
56 63 38	0.1666666667
17 61 21	0.0769230769
60 17 48	0.1428571429
6 50 3	0.0163934426
89 0 63	0.1111111111
46 39 17	0.1666666667
53 60 0	0.0869565217
52 2 0	0.1428571429
60 2 66	0.0857142857
1 67 46	0.1428571429
6 53 4	0.0370370370
6 24 66	0.0200000000
43 39 17	0.1666666667
52 50 66	0.0212765957
53 48 66	0.0434782609
14 2 17	0.2666666667
66 7 0	0.0937500000
68 4 0	0.0909090909
79 63 79	0.1666666667
6 0 2	0.0400000000
0 63 48	0.0181818182
50 1 0	0.0869565217
53 22 3	0.1739130435
61 2 4	0.1250000000
53 13 2	0.0545454545
82 18 17	0.1666666667
14 0 2	0.0476190476
1 8 66	0.0132450331
67 1 66	0.0384615385
38 0 0	0.0256410256
17 84 43	0.1428571429
85 17 46	0.0588235294
52 53 0	0.1176470588
53 0 51	0.2857142857
66 22 66	0.0153846154
52 0 2	0.0322580645
6 14 66	0.0147058824
6 88 3	0.1764705882
7 14 0	0.0714285714
50 50 71	0.0833333333
0 52 10	0.0018975332
6 60 66	0.0158730159
52 7 66	0.0062111801
14 52 27	0.3000000000
0 59 10	0.0021052632
4 27 51	0.1666666667
20 10 17	0.1666666667
79 10 79	0.1250000000
6 66 51	0.0064935065
64 9 15	0.1250000000
60 78 66	0.0277777778
53 5 21	0.1764705882
60 49 66	0.0588235294
6 71 2	0.2000000000
10 48 46	0.1428571429
17 38 17	0.1428571429
1 50 71	0.1111111111
50 29 66	0.0800000000
60 50 71	0.1538461538
20 10 15	0.0357142857
56 6 15	0.1333333333
60 7 66	0.0166666667
6 17 2	0.1034482759
60 4 66	0.0357142857
4 49 13	0.1538461538
60 50 66	0.0285714286
53 66 2	0.0058139535
20 50 46	0.0344827586
0 4 0	0.0714285714
67 4 3	0.1363636364
7 2 0	0.2857142857
53 4 27	0.1000000000
64 46 17	0.0714285714
20 46 17	0.0075187970
60 52 0	0.1176470588
20 8 15	0.1000000000
70 18 46	0.0192307692
52 14 0	0.0344827586
3 67 46	0.1176470588
6 29 4	0.1666666667
56 50 46	0.0250000000
56 70 15	0.1250000000
8 4 66	0.0270270270
70 36 4	0.1666666667
67 4 66	0