0	0.0000000000
1	0.0000000000
2	0.0000000000
3	0.0000000000
4	0.0000000000
5	0.0000000000
6	0.0000000000
7	0.0000000000
8	0.0000000000
9	0.0000000000
10	0.0000000000
11	0.0000000000
12	0.0000000000
13	0.0000000000
14	0.0000000000
15	0.0000000000
16	0.0000000000
17	0.0000000000
18	0.0000000000
19	0.0000000000
20	0.0000000000
21	0.0000000000
22	0.0000000000
23	0.0000000000
24	0.0000000000
25	0.0000000000
26	0.0000000000
27	0.0000000000
28	0.0000000000
29	0.0000000000
30	0.0000000000
31	0.0000000000
32	0.1250000000
33	0.0000000000
34	0.0000000000
35	0.0000000000
36	0.0000000000
37	0.0000000000
38	0.0000000000
39	0.0000000000
40	0.0000000000
41	0.0000000000
42	0.0000000000
43	0.0000000000
44	0.0000000000
45	0.0000000000
46	0.0000000000
47	0.1000000000
48	0.0000000000
49	0.0000000000
50	0.0000000000
51	0.0000000000
52	0.0000000000
53	0.0000000000
54	0.0000000000
55	0.0000000000
56	0.0000000000
57	0.0000000000
58	0.0000000000
59	0.0000000000
60	0.0000000000
61	0.0000000000
62	0.0000000000
63	0.0000000000
64	0.0000000000
65	0.0000000000
66	0.0000000000
67	0.0000000000
68	0.0000000000
69	0.0000000000
70	0.0000000000
71	0.0000000000
72	0.0000000000
73	0.0000000000
74	0.0000000000
75	0.0000000000
76	0.0000000000
77	0.0000000000
78	0.0000000000
79	0.0000000000
80	0.0000000000
81	0.0000000000
82	0.0000000000
83	0.0000000000
84	0.0000000000
85	0.0000000000
86	0.0000000000
87	0.0000000000
89	0.0000000000
90	0.0000000000
91	0.0000000000
92	0.0000000000
3 60	0.1000000000
66 24	0.1666666667
49 7	0.0526315789
6 53 88	0.1666666667
49 6	0.0588235294
57 60	0.2500000000
1 52 59	0.1186440678
49 52	0.0535714286
49 49 52	0.0735294118
32 49	0.0400000000
6 11	0.1000000000
59 49	0.0166666667
66 51 3	0.0814814815
64 3	0.0909090909
13 49	0.0298507463
53 13	0.0666666667
49 49 50	0.0493827160
3 6	0.0425531915
6 13 47	0.0294117647
8 47	0.1000000000
47 52	0.0476190476
49 60	0.1250000000
1 32	0.2000000000
53 1	0.0833333333
59 11 60	0.1428571429
59 49 20	0.0700000000
47 4 60	0.1428571429
64 52	0.1000000000
6 49	0.0156250000
59 47 50	0.0526315789
65 15 13	0.0555555556
6 68 4	0.2222222222
47 3	0.0192307692
49 19 32	0.2000000000
1 1	0.1250000000
13 1	0.0833333333
2 47 57	0.1111111111
32 1 32	0.2631578947
13 48 57	0.2000000000
66 56 50	0.0476190476
53 51 7	0.0666666667
47 32	0.2500000000
1 6	0.1034482759
3 57	0.1666666667
65 22 52	0.0217391304
57 6 6	0.0514705882
49 19 60	0.1428571429
65 7	0.0500000000
53 20 1	0.0754716981
47 57	0.1538461538
57 49	0.0303030303
49 54 1	0.1052631579
6 57	0.2222222222
64 36 3	0.0967741935
8 6	0.0588235294
66 3	0.1111111111
47 49 13	0.0218978102
13 6	0.0588235294
6 3 3	0.0109890110
68 3 6	0.0476190476
49 51 20	0.0425531915
3 61 24	0.2222222222
7 60	0.1428571429
3 59	0.1578947368
13 6 1	0.0869565217
32 4 53	0.0769230769
7 57	0.1250000000
13 6 3	0.0280898876
57 32	0.1250000000
6 48	0.1000000000
66 59	0.1111111111
57 68 4	0.1428571429
49 52 13	0.0440000000
57 54	0.0909090909
8 60	0.1428571429
32 66 3	0.0454545455
53 11 60	0.1428571429
11 13	0.0666666667
49 78 52	0.0612244898
8 57 3	0.0277777778
6 0 57	0.1250000000
6 1 57	0.2105263158
1 57 8	0.0370370370
7 54 6	0.0294117647
11 1	0.0833333333
47 49	0.0163934426
10 7 59	0.0714285714
32 60	0.1428571429
57 59 6	0.0294117647
3 13 13	0.0448717949
1 49	0.0238095238
6 6	0.0243902439
52 52 3	0.0254777070
6 1 88	0.1666666667
3 4 53	0.0588235294
64 3 59	0.0769230769
65 64 4	0.1578947368
6 60	0.2000000000
88 54 52	0.1000000000
3 48 57	0.1538461538
1 60	0.1250000000
47 50	0.0270270270
2 57 54	0.0909090909
13 66 3	0.0869565217
49 6 13	0.0580645161
59 3	0.0232558140
3 54	0.1250000000
7 50 3	0.0740740741
66 5 7	0.0462962963
49 49	0.0266666667
3 59 32	0.2000000000
32 53 3	0.0116279070
8 57	0.1250000000
65 4	0.1428571429
13 52 57	0.2857142857
49 47	0.0454545455
6 54 32	0.4166666667
32 1	0.1333333333
8 56 52	0.0434782609
6 13	0.0344827586
2 3	0.0588235294
13 32	0.1250000000
57 13	0.0625000000
47 8	0.0384615385
3 6 13	0.0414746544
3 13 3	0.0157894737
59 50	0.0769230769
49 48	0.0454545455
2 52 49	0.0300751880
3 11	0.1250000000
13 49 29	0.0588235294
53 13 49	0.0185185185
46 53 57	0.1000000000
32 11	0.0833333333
65 3 3	0.0069930070
6 59 1	0.1379310345
6 59	0.0555555556
46 66 3	0.0740740741
52 50 47	0.0625000000
46 52 59	0.1000000000
1 6 6	0.0526315789
7 47 47	0.0625000000
59 6	0.0789473684
32 32	0.2500000000
3 59 59	0.0840336134
47 11	0.1333333333
32 52 1	0.0731707317
8 6 50	0.0357142857
49 48 60	0.2500000000
66 3 13	0.0490566038
47 48 11	0.1818181818
32 53 88	0.1666666667
32 13	0.0526315789
6 32	0.1000000000
3 6 6	0.0404040404
10 7 6	0.0217391304
47 6 3	0.0369230769
8 32	0.1428571429
52 1 54	0.1250000000
52 52	0.0357142857
32 6	0.0238095238
49 20 32	0.4545454545
52 50 60	0.2222222222
3 59 1	0.1090909091
53 78 11	0.1000000000
3 2 50	0.0769230769
3 13	0.0208333333
6 3 11	0.1538461538
32 6 3	0.0367346939
3 52 32	0.2647058824
57 4 52	0.0800000000
53 56 52	0.0857142857
59 52	0.0238095238
13 3 11	0.1250000000
46 6	0.0526315789
66 7 47	0.0253164557
6 4	0.0833333333
49 49 1	0.1166666667
53 6	0.0769230769
88 4 32	0.1666666667
47 52 52	0.0395256917
47 48 32	0.2000000000
49 20	0.0526315789
1 50	0.0588235294
10 64 4	0.1538461538
32 47 49	0.0329670330
3 61 7	0.0625000000
65 24	0.1250000000
66 3 57	0.1904761905
57 1	0.0714285714
2 49 7	0.0434782609
49 47 57	0.1666666667
57 52	0.0625000000
3 3	0.0156250000
3 4 13	0.0909090909
53 66 3	0.0869565217
7 54 32	0.3000000000
6 32 52	0.0370370370
47 3 59	0.1411764706
49 32 52	0.0740740741
13 3 13	0.0434782609
66 7	0.0800000000
57 46 6	0.0476190476
2 13	0.0666666667
13 52	0.0526315789
47 53	0.0357142857
1 66 7	0.0810810811
3 5 59	0.1250000000
57 3 52	0.0454545455
6 3 1	0.0800000000
66 22 1	0.0666666667
57 57	0.2222222222
11 11 13	0.0909090909
3 4 49	0.0512820513
1 57	0.0909090909
57 7 13	0.0909090909
6 46 6	0.0476190476
32 47 50	0.0200000000
49 59 49	0.0129870130
57 49 6	0.0416666667
3 6 3	0.0208333333
32 52 13	0.0512820513
32 3 47	0.0400000000
6 1	0.0526315789
3 2 49	0.0210526316
49 59	0.1363636364
6 54 57	0.1052631579
57 6 13	0.0380952381
49 1 52	0.0882352941
3 8	0.1000000000
47 4 32	0.3333333333
3 52 11	0.1346153846
3 13 60	0.1333333333
47 13	0.0465116279
10 20 60	0.1250000000
11 52 48	0.0625000000
59 1	0.0833333333
59 3 6	0.0509554140
53 15 0	0.0813008130
59 47 6	0.0400000000
52 52 1	0.0967741935
50 52 57	0.1875000000
88 78 60	0.1428571429
59 14 6	0.0294117647
49 7 52	0.0566037736
53 3	0.0588235294
2 32	0.1666666667
13 61 7	0.0500000000
8 49	0.0500000000
3 51 49	0.1621621622
52 13 52	0.0461538462
6 6 3	0.0382775120
1 13	0.1000000000
49 59 52	0.0408163265
3 52	0.0980392157
3 48	0.0769230769
6 49 24	0.2173913043
32 68 19	0.1250000000
47 3 57	0.2000000000
32 52 3	0.0080645161
32 50 60	0.3333333333
8 1	0.1111111111
49 32	0.0909090909
13 13 1	0.0400000000
13 50 23	0.1333333333
59 59	0.0952380952
6 57 52	0.0256410256
47 52 57	0.2058823529
1 3	0.0285714286
7 6	0.0588235294
6 66 7	0.0657894737
49 48 57	0.2000000000
47 0 11	0.1000000000
2 1 32	0.0769230769
53 3 47	0.0480769231
53 56 59	0.0937500000
1 78 1	0.0588235294
47 47 57	0.2000000000
2 52 59	0.1388888889
46 6 88	0.1666666667
32 57	0.1666666667
32 59 52	0.0491803279
6 8	0.0833333333
13 47 49	0.0256410256
7 13	0.0769230769
49 52 47	0.0400000000
2 66 49	0.0625000000
3 7 32	0.2500000000
49 13 3	0.0170940171
53 47 47	0.0833333333
47 6 6	0.0411985019
2 1	0.0833333333
64 24	0.1111111111
49 4 60	0.1333333333
49 6 1	0.1016949153
32 6 59	0.1298701299
49 56 57	0.1666666667
49 52 49	0.0257611241
53 3 8	0.0263157895
11 7 32	0.1250000000
11 59 59	0.1000000000
53 55 52	0.0769230769
2 50	0.0769230769
13 3	0.0263157895
59 6 6	0.0292887029
49 52 59	0.0600000000
66 3 32	0.1794871795
32 54 1	0.0833333333
66 46 49	0.1666666667
1 52 13	0.0320000000
57 8	0.0909090909
53 1 59	0.0606060606
1 52	0.0322580645
57 3 13	0.0500000000
7 49	0.0500000000
68 19 47	0.0526315789
2 49 4	0.0526315789
59 32	0.1428571429
3 6 49	0.0267062315
32 49 13	0.0373831776
46 17 59	0.1752577320
6 1 52	0.0761904762
47 32 50	0.0344827586
46 47 23	0.1000000000
49 1	0.1111111111
49 22 47	0.0714285714
1 3 52	0.0341880342
6 47 32	0.2727272727
32 53 57	0.1818181818
47 53 20	0.0185185185
88 6 13	0.0370370370
52 32 49	0.0303030303
3 32 50	0.0769230769
47 52 49	0.0284900285
49 82 29	0.0370370370
7 60 54	0.1111111111
59 49 50	0.0454545455
6 53 6	0.0444444444
8 68 20	0.0909090909
8 50 52	0.1481481481
6 1 1	0.1111111111
50 3 1	0.0952380952
88 11 52	0.0869565217
7 47	0.1000000000
53 64 4	0.1666666667
59 3 20	0.0769230769
11 3	0.0588235294
49 7 47	0.0508474576
59 3 59	0.1369863014
49 47 49	0.0217391304
50 2 4	0.1818181818
49 52 1	0.0625000000
13 47 13	0.0697674419
65 3 52	0.0483870968
6 61 24	0.1666666667
6 57 13	0.0357142857
47 47 13	0.0877192982
49 57	0.1250000000
11 3 1	0.0909090909
67 3 54	0.1250000000
59 3 32	0.0869565217
47 59 1	0.1250000000
13 47 57	0.1875000000
49 7 11	0.1363636364
52 49	0.0333333333
52 13	0.0500000000
67 3 52	0.1000000000
1 6 57	0.0526315789
59 47 54	0.1428571429
57 47	0.0625000000
6 3 6	0.0486111111
47 50 23	0.1600000000
47 6 57	0.1363636364
32 57 52	0.0468750000
46 17 20	0.1538461538
65 75 4	0.1000000000
59 49 6	0.0526315789
13 48 49	0.0264550265
57 54 49	0.0217391304
11 1 49	0.0102040816
3 63 0	0.0645161290
6 54 11	0.1176470588
52 49 52	0.0259740260
7 67 23	0.1000000000
57 54 1	0.1250000000
3 54 13	0.0500000000
8 13	0.0769230769
53 20 8	0.0555555556
49 6 6	0.0569948187
3 13 88	0.2857142857
50 3	0.0909090909
49 13	0.0263157895
11 50	0.0769230769
11 3 52	0.0400000000
3 52 1	0.0666666667
32 53	0.0500000000
32 50 1	0.0800000000
46 17 49	0.0852713178
13 49 59	0.0990990991
47 57 32	0.2857142857
6 7 13	0.0937500000
47 60	0.1428571429
10 51 3	0.0821917808
52 0 47	0.0769230769
1 32 50	0.0344827586
65 3 11	0.1500000000
3 47 13	0.0806451613
1 48 57	0.2000000000
32 49 52	0.0780141844
59 52 54	0.1000000000
11 3 13	0.0263157895
3 20 49	0.0500000000
57 50 54	0.1250000000
11 6 49	0.0181818182
66 5 3	0.0306122449
3 3 60	0.2352941176
3 78 52	0.0862068966
6 2 50	0.0769230769
47 4 13	0.0937500000
11 32	0.1666666667
1 70 3	0.0714285714
49 52 11	0.1818181818
13 49 24	0.2222222222
66 59 32	0.0909090909
57 32 13	0.0487804878
66 56 1	0.1250000000
7 32	0.1428571429
11 3 6	0.0571428571
7 1	0.1111111111
66 19 6	0.0163934426
53 47 23	0.1333333333
6 48 8	0.0666666667
49 52 54	0.1219512195
6 47 47	0.0312500000
13 13	0.0303030303
49 7 60	0.2142857143
47 8 32	0.1666666667
64 52 60	0.1250000000
32 13 49	0.0445344130
52 52 8	0.0243902439
32 49 59	0.1132075472
32 54 32	0.2727272727
47 47 4	0.0810810811
3 6 32	0.2500000000
47 14 0	0.1176470588
59 47 52	0.0459770115
7 78 88	0.1666666667
3 11 13	0.0256410256
59 59 49	0.0195121951
13 50	0.0769230769
6 6 13	0.0457516340
47 14 47	0.0714285714
6 49 57	0.1000000000
53 52 49	0.0300751880
32 64 29	0.0588235294
49 48 13	0.0674157303
2 50 23	0.1333333333
49 56 52	0.0909090909
53 3 6	0.0650000000
8 60 11	0.0909090909
10 7 88	0.1666666667
10 20 11	0.2307692308
68 3 13	0.0465116279
53 56 0	0.0641025641
68 55 52	0.0625000000
3 14 32	0.1111111111
6 6 59	0.1410256410
47 13 49	0.0302114804
49 49 4	0.0500000000
88 6 59	0.1538461538
47 78 57	0.1904761905
57 52 49	0.0294117647
6 54 13	0.0597014925
10 3 13	0.0727272727
59 2 52	0.0615384615
1 32 3	0.0307692308
68 24 57	0.2500000000
59 59 52	0.0573770492
13 49 1	0.0568181818
32 52	0.0400000000
3 2 52	0.0344827586
6 3 59	0.1041666667
47 7 49	0.0434782609
7 47 32	0.1250000000
3 77 23	0.1333333333
59 49 32	0.3043478261
6 49 52	0.0765306122
59 52 1	0.1060606061
13 13 52	0.0338983051
3 13 6	0.0575539568
67 3 57	0.2500000000
46 6 0	0.0909090909
67 20 11	0.2000000000
67 3 6	0.0212765957
57 78 47	0.1000000000
3 61 56	0.0348837209
49 49 20	0.0852713178
13 49 52	0.0586080586
49 20 11	0.1111111111
65 3 32	0.1923076923
53 32	0.1666666667
52 47 13	0.0606060606
1 52 88	0.1666666667
47 49 52	0.0781250000
59 52 8	0.0545454545
53 50	0.0769230769
32 53 20	0.0526315789
32 49 6	0.0555555556
6 47	0.0384615385
2 6	0.0769230769
64 52 1	0.0714285714
47 0 3	0.0370370370
66 3 54	0.1111111111
47 13 13	0.0205479452
59 52 57	0.2903225806
47 52 1	0.0845070423
3 66 3	0.0294117647
50 52	0.0833333333
53 13 52	0.0370370370
53 49 49	0.0212765957
10 15 6	0.0465116279
49 6 3	0.0370370370
13 11 53	0.0500000000
59 47 47	0.0444444444
8 52 88	0.1666666667
66 7 49	0.0312500000
2 13 48	0.0909090909
49 13 60	0.2500000000
3 53 56	0.0114942529
66 3 6	0.0488721805
32 47 23	0.1333333333
53 57 60	0.2500000000
1 68 19	0.0833333333
88 13 49	0.0393700787
57 6	0.0344827586
59 1 13	0.0289855072
2 78 11	0.1000000000
13 48 11	0.1578947368
49 4	0.0555555556
53 75 24	0.1304347826
3 8 4	0.1000000000
53 3 13	0.0386473430
47 7 1	0.0666666667
66 3 1	0.1129032258
13 51 20	0.1875000000
13 49 57	0.1250000000
52 0 13	0.0588235294
1 3 59	0.1415929204
49 48 24	0.1250000000
3 3 59	0.1310679612
50 52 13	0.0588235294
3 67 23	0.1500000000
6 3 60	0.1818181818
59 48 49	0.0210526316
53 56 1	0.0588235294
66 7 6	0.0379746835
49 20 0	0.0689655172
6 4 52	0.0487804878
6 49 56	0.0147058824
49 13 50	0.0232558140
88 14 57	0.2222222222
49 32 49	0.0147058824
65 15 0	0.0681818182
57 13 50	0.0476190476
66 64 4	0.1891891892
6 0	0.1250000000
50 52 11	0.1176470588
32 11 11	0.1000000000
49 49 32	0.2812500000
47 54	0.1111111111
53 49 29	0.0588235294
13 49 11	0.0937500000
66 82 29	0.0689655172
49 7 6	0.0330578512
68 64 4	0.1000000000
2 3 48	0.0526315789
52 1 49	0.0428571429
11 6	0.0769230769
47 50 29	0.0731707317
47 47 0	0.0869565217
66 22 88	0.1666666667
6 54	0.0909090909
53 20 32	0.3125000000
32 47	0.0625000000
47 57 13	0.0384615385
47 6	0.0185185185
32 52 47	0.0483870968
47 65 22	0.1250000000
52 27 49	0.0588235294
6 60 57	0.1333333333
47 6 1	0.0689655172
88 52 1	0.1000000000
7 59 48	0.1000000000
57 53 3	0.0363636364
47 7 11	0.1666666667
53 3 59	0.1047619048
59 49 88	0.2857142857
7 6 32	0.2500000000
1 57 52	0.0416666667
1 3 47	0.0491803279
49 4 1	0.0714285714
57 7 1	0.1052631579
11 6 3	0.0204081633
3 14 57	0.1250000000
8 11 47	0.0666666667
88 14 52	0.0625000000
49 48 8	0.0384615385
88 6 3	0.0352941176
65 22 57	0.1666666667
47 52 88	0.1666666667
66 3 59	0.1083333333
52 53 24	0.2222222222
32 3 59	0.1165048544
66 64 3	0.0434782609
88 14 1	0.0714285714
49 52 0	0.0454545455
57 78 88	0.1666666667
49 13 49	0.0524475524
2 8 6	0.0344827586
47 59 52	0.0714285714
11 52 52	0.0526315789
49 47 50	0.0454545455
13 52 49	0.0332225914
88 54 57	0.1666666667
59 70 52	0.0833333333
3 6 47	0.0330578512
65 7 52	0.0378787879
8 47 47	0.0625000000
52 52 57	0.1538461538
13 11 11	0.1000000000
57 50 3	0.0833333333
8 50 24	0.1111111111
52 53 53	0.0500000000
3 20 32	0.1428571429
10 20 52	0.0600000000
59 59 59	0.0895522388
52 1 52	0.1086956522
7 68 19	0.0909090909
59 52 3	0.0133928571
1 60 57	0.1111111111
47 7 57	0.2142857143
66 51 20	0.0754716981
49 7 48	0.0769230769
49 4 49	0.0353982301
3 52 52	0.0379746835
2 52 11	0.1428571429
6 11 13	0.0350877193
6 78 47	0.0555555556
47 48 57	0.2000000000
59 50 23	0.1333333333
49 48 49	0.0266666667
1 52 49	0.0241545894
1 78 60	0.2222222222
57 6 3	0.0437956204
52 17 59	0.1612903226
2 49 48	0.0333333333
66 56 59	0.1250000000
65 51 3	0.1081081081
49 56 0	0.0674157303
32 8 57	0.3000000000
49 4 6	0.0247933884
13 48 13	0.0714285714
11 52 11	0.1428571429
53 15 3	0.0256410256
47 4 49	0.0370370370
67 56 48	0.1000000000
1 49 7	0.0322580645
3 54 3	0.0277777778
6 1 13	0.0344827586
65 20 88	0.1666666667
57 50 8	0.1000000000
1 57 32	0.3076923077
49 47 4	0.0400000000
7 6 53	0.0434782609
59 47 32	0.3750000000
3 4 47	0.0833333333
1 57 50	0.0256410256
66 3 60	0.2400000000
66 3 3	0.0167785235
47 78 11	0.1111111111
11 78 60	0.2500000000
59 48 54	0.1250000000
65 52 54	0.1250000000
57 3 32	0.1666666667
32 6 60	0.0952380952
1 7 0	0.0714285714
32 6 32	0.1904761905
49 54 13	0.0625000000
53 78 47	0.0625000000
1 59 48	0.0909090909
53 47 4	0.0769230769
32 52 49	0.0218579235
1 6 13	0.0312500000
59 57 8	0.0666666667
32 50 29	0.0588235294
32 53 52	0.0740740741
88 78 57	0.1333333333
88 49 6	0.0555555556
32 3 52	0.0444444444
32 11 88	0.1666666667
50 52 53	0.0277777778
1 60 52	0.0357142857
68 55 3	0.0526315789
66 22 52	0.0270270270
46 1 60	0.1428571429
3 47 32	0.3750000000
11 66 49	0.0625000000
88 3 32	0.1666666667
13 3 52	0.0544217687
47 53 8	0.0800000000
7 6 49	0.0210526316
53 52 52	0.0526315789
52 47 50	0.0652173913
13 3 6	0.0529801325
53 56 57	0.1666666667
53 82 3	0.0909090909
6 65 4	0.1428571429
6 47 52	0.0250000000
6 69 4	0.1578947368
3 7 57	0.2000000000
59 59 6	0.0409836066
88 6 49	0.0340909091
66 3 47	0.0227272727
66 7 57	0.1428571429
32 50 52	0.1063829787
47 50 52	0.0781250000
52 13 47	0.0256410256
11 50 3	0.0434782609
32 49 60	0.1000000000
1 13 49	0.0431034483
32 3 3	0.0098039216
1 32 32	0.1000000000
49 7 32	0.2380952381
47 11 53	0.0370370370
6 57 49	0.0166666667
47 59 49	0.0363636364
10 20 57	0.3333333333
6 64 3	0.0869565217
3 3 32	0.2666666667
2 59 60	0.1428571429
47 0 54	0.1250000000
1 57 13	0.0508474576
59 6 57	0.1785714286
53 3 32	0.2333333333
47 13 52	0.0641025641
49 78 6	0.0833333333
59 49 13	0.0437956204
67 20 53	0.0526315789
59 49 11	0.0500000000
32 52 59	0.1000000000
59 78 52	0.0937500000
88 52 49	0.0227272727
3 63 6	0.0526315789
68 3 53	0.0434782609
57 60 54	0.1000000000
52 52 60	0.1363636364
49 60 57	0.1250000000
66 22 50	0.0322580645
6 3 52	0.0588235294
49 6 32	0.3333333333
49 52 88	0.4444444444
59 78 49	0.0576923077
53 1 6	0.0566037736
11 2 6	0.1000000000
66 19 57	0.2000000000
13 57 32	0.1666666667
53 65 7	0.0526315789
3 32 52	0.0638297872
3 3 11	0.1764705882
49 78 49	0.0126582278
1 1 13	0.0265486726
47 14 57	0.2500000000
47 3 6	0.0625000000
59 61 7	0.0517241379
65 20 1	0.0454545455
11 11 49	0.0526315789
57 53 57	0.1250000000
3 6 59	0.0978260870
49 7 13	0.0400000000
47 7 60	0.0666666667
3 32 3	0.0317460317
66 75 4	0.1111111111
52 0 6	0.0465116279
88 1 13	0.0476190476
6 48 60	0.2222222222
3 59 52	0.0607287449
1 53 8	0.0769230769
65 20 11	0.0909090909
7 50 8	0.1000000000
52 3 52	0.0701754386
49 15 52	0.0731707317
49 52 52	0.0453074434
67 3 32	0.1428571429
65 20 32	0.1818181818
52 60 0	0.1250000000
57 1 11	0.0833333333
13 57 47	0.0800000000
6 57 32	0.2857142857
49 49 59	0.0779220779
2 8 1	0.0714285714
6 68 20	0.0666666667
3 64 4	0.1875000000
1 3 13	0.0333333333
59 52 59	0.1282051282
1 54 57	0.0833333333
57 3 11	0.1111111111
59 6 1	0.1041666667
46 61 20	0.0666666667
3 52 49	0.0199004975
68 19 32	0.3636363636
49 52 57	0.2400000000
57 49 88	0.1666666667
8 1 13	0.0204081633
65 15 59	0.0555555556
13 52 52	0.0491071429
47 52 3	0.0085470085
47 11 32	0.3888888889
53 11 49	0.0526315789
52 78 3	0.0277777778
32 6 6	0.0422535211
13 61 24	0.1666666667
68 24 8	0.0714285714
3 3 48	0.0294117647
7 47 0	0.0909090909
52 61 24	0.1250000000
13 77 23	0.1333333333
13 49 47	0.0223880597
53 59 11	0.1000000000
13 32 49	0.0465116279
57 1 32	0.1428571429
8 49 13	0.0465116279
6 67 23	0.1500000000
4 6 47	0.0526315789
10 20 1	0.0263157895
13 1 59	0.0606060606
49 49 13	0.0441176471
6 6 49	0.0190114068
49 1 1	0.0909090909
32 68 20	0.1428571429
49 13 13	0.0421052632
52 52 59	0.0888888889
32 6 11	0.1600000000
52 59 6	0.1111111111
68 7 32	0.1428571429
13 48 53	0.0350877193
8 69 1	0.0909090909
2 59 52	0.0967741935
66 22 13	0.0588235294
1 52 47	0.0294117647
6 60 32	0.2500000000
1 32 52	0.0208333333
6 2 59	0.1724137931
7 11 1	0.0666666667
57 14 6	0.0476190476
59 57 52	0.0714285714
6 6 53	0.0144927536
88 14 11	0.1000000000
59 49 52	0.0545454545
47 8 47	0.0487804878
10 7 11	0.1875000000
46 6 59	0.1052631579
1 11 47	0.0909090909
7 54 52	0.0333333333
66 49 1	0.0555555556
57 49 20	0.0384615385
59 3 13	0.0431654676
57 54 13	0.0597014925
46 53 11	0.1111111111
57 6 59	0.1276595745
47 47 23	0.1666666667
1 59 52	0.0655737705
52 50 1	0.0571428571
49 54 49	0.0204081633
13 53 4	0.1428571429
47 70 4	0.1250000000
68 7 6	0.0714285714
11 7 47	0.0769230769
3 47 4	0.0303030303
59 52 11	0.1764705882
6 17 20	0.1000000000
49 6 59	0.0933333333
59 6 13	0.0410256410
3 54 32	0.2857142857
88 11 49	0.0392156863
49 1 57	0.1111111111
32 14 49	0.0303030303
64 52 49	0.0400000000
1 49 6	0.0285714286
6 59 49	0.0225988701
47 69 1	0.0500000000
7 3 59	0.0810810811
1 53 56	0.0465116279
13 78 49	0.0454545455
6 11 32	0.3076923077
53 20 52	0.0540540541
65 52 47	0.0555555556
88 66 3	0.0645161290
11 49 20	0.0370370370
49 47 0	0.1176470588
52 2 59	0.1538461538
47 13 11	0.0454545455
32 14 47	0.0555555556
49 49 24	0.2000000000
49 57 13	0.0500000000
49 59 60	0.0714285714
13 49 6	0.0377358491
47 53 11	0.1875000000
53 15 6	0.0645161290
50 52 52	0.0370370370
53 51 3	0.0757575758
3 4 32	0.2500000000
1 11 13	0.0750000000
52 52 49	0.0303030303
47 11 11	0.1111111111
6 13 49	0.0752688172
47 3 52	0.0598802395
6 49 1	0.1304347826
49 13 57	0.1764705882
6 13 1	0.1111111111
32 3 13	0.0340909091
32 1 3	0.0178571429
3 32 32	0.0833333333
88 6 11	0.1818181818
59 52 48	0.0625000000
1 64 4	0.1000000000
52 3 59	0.2112676056
47 0 50	0.0588235294
47 8 4	0.0769230769
6 50 57	0.1666666667
11 11 60	0.1428571429
47 78 54	0.0714285714
2 59 8	0.0714285714
32 47 13	0.0625000000
6 1 59	0.1250000000
10 7 47	0.0476190476
88 52 47	0.0357142857
65 22 1	0.0625000000
2 57 88	0.1666666667
49 64 52	0.1000000000
11 13 88	0.1666666667
3 6 0	0.2000000000
8 13 49	0.0740740741
6 57 6	0.0208333333
64 24 0	0.1250000000
7 4 52	0.0833333333
3 3 52	0.0582524272
6 49 59	0.1184210526
2 49 29	0.0588235294
49 5 7	0.0555555556
10 20 54	0.1428571429
6 17 59	0.2051282051
13 8 49	0.0294117647
59 6 59	0.0972222222
2 59 57	0.1111111111
6 7 60	0.0833333333
53 13 6	0.0238095238
59 47 3	0.0288461538
47 6 53	0.0101010101
49 54 52	0.0333333333
47 7 6	0.0319148936
3 51 59	0.0857142857
49 20 6	0.0354609929
52 3 3	0.0151515152
52 52 13	0.0583333333
47 49 20	0.0660377358
1 59 54	0.1250000000
59 59 32	0.1200000000
32 8 6	0.0158730159
57 54 32	0.4166666667
57 65 22	0.0833333333
47 11 49	0.0335570470
13 48 6	0.0480769231
59 48 47	0.0312500000
53 51 20	0.0505050505
59 59 3	0.0185185185
52 1 8	0.0909090909
47 66 59	0.1739130435
3 13 32	0.1612903226
64 3 47	0.0357142857
57 47 47	0.0526315789
46 10 20	0.0535714286
49 52 32	0.3170731707
88 78 13	0.0750000000
50 52 60	0.1666666667
11 3 59	0.1346153846
3 3 1	0.0923076923
66 3 52	0.0509803922
49 57 52	0.0312500000
11 53 4	0.1428571429
1 65 24	0.1250000000
66 3 8	0.0483870968
6 32 13	0.0526315789
13 65 24	0.1250000000
88 3 6	0.0400000000
1 11 6	0.0434782609
59 11 13	0.0740740741
3 11 47	0.0526315789
88 57 57	0.2500000000
66 55 24	0.1111111111
57 65 24	0.1666666667
6 49 13	0.0446927374
49 6 0	0.1818181818
49 49 6	0.0427807487
6 3 13	0.0575539568
59 52 32	0.2333333333
6 53 1	0.0416666667
6 7 32	0.3333333333
6 13 6	0.0588235294
52 53 32	0.2857142857
6 60 1	0.0800000000
32 52 52	0.0243902439
32 49 20	0.0631578947
52 3 6	0.0389610390
6 4 47	0.0500000000
59 52 52	0.0546218487
13 6 6	0.0497512438
13 3 32	0.1600000000
59 52 13	0.0555555556
8 57 1	0.1111111111
7 2 59	0.1538461538
1 53 54	0.1250000000
11 52 49	0.0300751880
52 61 7	0.0588235294
13 61 20	0.0370370370
52 1 13	0.0212765957
47 14 32	0.2000000000
53 24 49	0.0277777778
53 52 59	0.1388888889
6 6 1	0.0909090909
57 57 32	0.2857142857
68 5 7	0.0588235294
13 51 49	0.1090909091
68 15 0	0.0800000000
32 11 60	0.3000000000
8 75 4	0.1111111111
49 32 59	0.0800000000
88 47 57	0.1538461538
8 2 6	0.0526315789
66 63 6	0.0416666667
49 64 4	0.1621621622
13 5 59	0.1500000000
32 8 13	0.0526315789
49 59 59	0.0869565217
53 49 59	0.1176470588
49 50 8	0.1000000000
1 52 48	0.0333333333
68 7 3	0.0166666667
6 54 1	0.1250000000
66 63 0	0.0487804878
59 47 57	0.1739130435
3 73 50	0.1250000000
68 3 1	0.1111111111
53 57 1	0.0588235294
3 59 6	0.0402930403
6 47 6	0.0194174757
53 56 6	0.0555555556
11 52 57	0.2307692308
10 51 7	0.0909090909
53 19 50	0.0434782609
57 6 57	0.0625000000
65 7 47	0.0161290323
49 78 13	0.0638297872
47 13 3	0.0114285714
46 53 52	0.0238095238
64 24 50	0.0357142857
53 47 49	0.0277777778
11 59 8	0.0714285714
3 52 57	0.1777777778
49 15 49	0.0461538462
47 3 13	0.0368098160
6 50 3	0.0869565217
13 47 32	0.3076923077
47 13 8	0.0333333333
57 13 20	0.1111111111
3 59 53	0.0247933884
53 64 52	0.0714285714
7 52 47	0.0500000000
65 3 57	0.1904761905
52 14 52	0.0606060606
6 60 8	0.0384615385
13 6 59	0.1147540984
52 31 52	0.0666666667
50 3 32	0.2307692308
68 19 11	0.1666666667
13 48 32	0.2083333333
68 20 52	0.0666666667
49 48 6	0.0625000000
11 1 59	0.0606060606
13 57 1	0.0588235294
88 6 57	0.2222222222
47 52 32	0.2187500000
49 22 32	0.2500000000
3 48 49	0.0241935484
2 3 6	0.0571428571
11 59 3	0.0227272727
32 57 1	0.1111111111
52 78 59	0.1111111111
49 49 7	0.0297029703
13 11 49	0.0357142857
11 8 52	0.0625000000
67 7 6	0.0952380952
3 20 60	0.1428571429
47 6 32	0.1538461538
6 59 48	0.0344827586
53 52 48	0.0625000000
57 65 7	0.0714285714
65 20 49	0.0217391304
1 78 57	0.1818181818
7 57 49	0.0208333333
49 82 3	0.1000000000
1 57 49	0.0224719101
53 8 47	0.0625000000
3 14 13	0.0312500000
3 1 13	0.0263157895
88 14 32	0.1250000000
46 6 3	0.0198019802
6 59 53	0.0476190476
3 3 13	0.0549450549
88 78 11	0.0833333333
7 57 52	0.0312500000
68 55 4	0.2000000000
13 64 4	0.1666666667
3 48 59	0.0833333333
2 7 0	0.0714285714
53 78 57	0.2222222222
13 13 13	0.0380952381
1 1 6	0.0322580645
6 49 53	0.0281690141
49 61 7	0.0588235294
53 15 49	0.0406504065
49 20 49	0.0319148936
1 46 6	0.0540540541
47 6 59	0.1313131313
1 57 1	0.1000000000
10 15 49	0.0348837209
47 8 11	0.1428571429
52 32 59	0.0769230769
3 59 3	0.0089020772
49 22 49	0.0526315789
2 3 13	0.0263157895
49 7 3	0.0157480315
47 47 3	0.0111111111
32 54 11	0.1538461538
49 5 3	0.0786516854
3 60 59	0.0769230769
57 6 1	0.0937500000
53 75 3	0.0937500000
49 48 11	0.1000000000
13 53 24	0.1000000000
88 1 88	0.1666666667
46 53 20	0.0909090909
6 19 57	0.1000000000
32 53 60	0.2857142857
49 59 3	0.0173410405
3 47 50	0.0490196078
32 11 47	0.0810810811
3 48 52	0.0294117647
13 6 32	0.1818181818
46 6 6	0.0422535211
2 49 52	0.0714285714
3 7 13	0.0909090909
2 47 88	0.1666666667
52 52 50	0.0361445783
6 64 24	0.1176470588
13 52 1	0.0675675676
68 19 1	0.1304347826
32 6 13	0.0451612903
6 47 23	0.1590909091
7 11 13	0.0434782609
65 3 59	0.0701754386
57 49 13	0.0337078652
59 49 7	0.0379746835
11 11 47	0.0833333333
6 59 3	0.0327868852
49 13 52	0.0300000000
68 64 3	0.0714285714
52 7 0	0.0909090909
53 11 13	0.0909090909
49 47 88	0.1666666667
32 3 6	0.0493827160
47 14 6	0.0394736842
13 51 59	0.1020408163
59 6 49	0.0245614035
3 14 59	0.1538461538
32 4 52	0.0400000000
32 6 48	0.0487804878
13 47 47	0.0645161290
11 11 6	0.0312500000
32 6 57	0.1818181818
49 13 6	0.0612244898
13 48 8	0.0333333333
2 47 23	0.1333333333
46 53 1	0.0952380952
47 50 3	0.0555555556
7 1 11	0.1000000000
49 57 3	0.0277777778
3 4 57	0.2000000000
66 64 29	0.0689655172
59 6 48	0.0500000000
13 13 32	0.1363636364
59 60 59	0.1111111111
46 6 13	0.0289855072
49 6 49	0.0208333333
57 60 57	0.1000000000
47 53 60	0.1818181818
11 8 57	0.2222222222
3 52 13	0.0413533835
8 57 52	0.0312500000
47 54 32	0.2500000000
57 14 13	0.0769230769
32 52 50	0.0476190476
53 15 13	0.0357142857
1 3 6	0.0583333333
1 52 52	0.0419161677
11 49 48	0.0333333333
88 3 1	0.1538461538
52 59 49	0.0156250000
52 0 49	0.0307692308
6 59 6	0.0560747664
32 57 32	0.4000000000
32 57 13	0.0512820513
2 52 13	0.0476190476
59 49 1	0.0961538462
49 50 52	0.1363636364
59 66 59	0.1250000000
49 77 23	0.1600000000
11 52 32	0.1250000000
47 52 59	0.1111111111
59 6 32	0.2222222222
13 13 48	0.0800000000
57 50 60	0.1666666667
49 82 24	0.1333333333
59 78 3	0.0238095238
6 13 3	0.0263157895
47 13 6	0.0307692308
1 3 60	0.1333333333
52 52 52	0.0424242424
3 52 8	0.0430107527
3 52 50	0.0229885057
57 59 3	0.0285714286
49 47 11	0.1111111111
13 1 88	0.1666666667
88 13 52	0.0701754386
47 49 59	0.1600000000
47 6 50	0.0400000000
1 50 52	0.1052631579
52 49 47	0.0555555556
47 54 3	0.0217391304
47 49 11	0.0588235294
32 8 49	0.0217391304
57 69 1	0.1176470588
6 22 57	0.2000000000
13 11 13	0.1000000000
49 20 52	0.0185185185
49 4 53	0.0333333333
32 57 3	0.0259740260
6 3 50	0.0307692308
1 66 49	0.0800000000
6 70 3	0.0909090909
1 78 49	0.0270270270
11 13 52	0.0370370370
49 2 59	0.2000000000
32 47 47	0.0857142857
49 66 7	0.0909090909
11 3 57	0.0833333333
32 54 6	0.0217391304
49 15 3	0.0166666667
13 49 20	0.0684931507
7 66 7	0.0909090909
49 4 0	0.0952380952
47 8 52	0.0545454545
3 14 1	0.0769230769
47 4 57	0.1538461538
13 52 60	0.1851851852
49 60 11	0.0909090909
32 13 52	0.0721649485
52 52 53	0.0153846154
2 3 32	0.0833333333
49 59 1	0.1111111111
88 14 8	0.0909090909
88 3 59	0.1162790698
47 17 59	0.1200000000
1 78 47	0.0645161290
49 54 88	0.1666666667
32 64 4	0.1250000000
7 47 88	0.1666666667
65 3 1	0.1250000000
8 4 57	0.1428571429
64 4 6	0.0588235294
11 66 3	0.0869565217
11 78 6	0.0344827586
32 50 3	0.0491803279
47 78 47	0.1052631579
53 59 52	0.0967741935
68 24 11	0.2000000000
6 57 3	0.0208333333
68 75 24	0.0909090909
59 47 13	0.0757575758
66 2 3	0.0370370370
10 15 59	0.1428571429
68 24 13	0.0588235294
65 3 6	0.0504201681
68 19 3	0.0243902439
46 84 0	0.0869565217
32 8 52	0.0540540541
59 48 59	0.0769230769
13 49 7	0.0259740260
3 20 57	0.1250000000
59 49 57	0.0800000000
53 8 6	0.0344827586
57 7 6	0.0212765957
47 49 48	0.0483870968
8 1 49	0.0363636364
1 67 23	0.1333333333
4 6 32	0.1666666667
53 49 52	0.0714285714
53 3 53	0.0104166667
47 59 53	0.0363636364
6 6 29	0.0454545455
47 59 59	0.1250000000
1 48 32	0.2000000000
52 50 52	0.0882352941
32 49 32	0.1176470588
11 78 52	0.0625000000
52 47 23	0.0714285714
88 7 32	0.1666666667
11 11 1	0.1538461538
53 8 57	0.2222222222
2 13 88	0.1666666667
47 3 32	0.1666666667
6 1 49	0.0338983051
47 57 57	0.1904761905
13 11 32	0.2222222222
49 53 52	0.0666666667
88 4 6	0.0526315789
4 6 6	0.0363636364
68 24 1	0.0714285714
1 57 53	0.0303030303
47 3 11	0.1052631579
49 82 52	0.1176470588
57 13 52	0.0638297872
8 6 49	0.0210526316
11 48 13	0.0400000000
57 1 53	0.0303030303
6 14 6	0.0535714286
8 66 7	0.0909090909
7 60 60	0.1666666667
13 63 0	0.0500000000
46 60 60	0.1250000000
66 56 6	0.0638297872
64 52 13	0.0526315789
88 78 47	0.0909090909
66 77 23	0.1500000000
65 75 52	0.0833333333
13 3 59	0.1230769231
47 11 54	0.0526315789
49 56 49	0.0377358491
2 52 52	0.0526315789
88 47 52	0.0322580645
32 1 57	0.0952380952
59 14 0	0.1250000000
13 52 11	0.1764705882
32 53 24	0.2857142857
1 2 59	0.1904761905
57 59 59	0.1875000000
10 3 1	0.1500000000
1 49 52	0.0642201835
66 22 47	0.0740740741
3 78 49	0.0465116279
49 75 3	0.0769230769
68 20 57	0.2000000000
32 8 47	0.0384615385
3 59 60	0.1153846154
3 65 24	0.1666666667
53 20 57	0.3157894737
32 59 60	0.1111111111
2 49 24	0.1250000000
88 3 52	0.0731707317
7 49 6	0.0606060606
2 1 52	0.0363636364
59 6 47	0.0315789474
8 56 59	0.1250000000
11 49 29	0.0588235294
1 54 32	0.3000000000
6 6 32	0.3125000000
1 50 8	0.0769230769
46 61 56	0.0512820513
52 64 29	0.0588235294
32 14 52	0.0400000000
57 68 19	0.0833333333
3 53 20	0.0147058824
6 49 20	0.0693069307
6 1 3	0.0149253731
53 48 11	0.1818181818
49 11 88	0.1666666667
3 10 20	0.0338983051
10 46 49	0.1538461538
47 47 49	0.0400000000
59 78 60	0.2222222222
47 53 57	0.2727272727
59 61 24	0.1666666667
52 1 59	0.1250000000
69 24 3	0.0454545455
13 13 8	0.0344827586
6 6 4	0.0588235294
52 0 32	0.2500000000
7 59 59	0.1111111111
6 53 3	0.0300000000
88 59 6	0.0769230769
13 49 60	0.0909090909
11 48 1	0.0588235294
1 70 29	0.0454545455
47 68 4	0.2222222222
13 78 54	0.0909090909
1 54 13	0.0625000000
59 57 60	0.2500000000
1 64 29	0.0454545455
66 55 52	0.0769230769
88 1 57	0.1000000000
49 20 13	0.0746268657
49 54 11	0.1000000000
67 20 52	0.0800000000
52 13 6	0.0555555556
13 1 49	0.0102040816
3 6 1	0.0759493671
49 52 50	0.0242718447
69 1 0	0.1250000000
47 50 47	0.0500000000
3 7 49	0.0526315789
88 49 13	0.0416666667
53 55 24	0.1111111111
6 54 3	0.0307692308
1 50 3	0.0666666667
10 5 20	0.1500000000
68 75 52	0.0833333333
32 47 57	0.1500000000
66 56 49	0.0129870130
3 14 52	0.0540540541
7 54 13	0.0625000000
47 50 1	0.0930232558
6 1 11	0.1500000000
59 52 60	0.2142857143
53 8 11	0.1000000000
49 20 1	0.0793650794
49 66 49	0.0714285714
47 13 47	0.0142857143
47 7 13	0.0769230769
11 49 59	0.1176470588
57 65 20	0.0909090909
6 59 59	0.1458333333
68 20 49	0.0204081633
6 19 13	0.0476190476
7 11 32	0.2222222222
6 53 32	0.2000000000
49 48 20	0.0588235294
6 4 13	0.0638297872
50 3 3	0.0151515152
13 57 6	0.0465116279
46 1 49	0.0400000000
13 49 48	0.0312500000
50 52 1	0.0967741935
11 48 11	0.1818181818
32 59 32	0.2500000000
3 61 20	0.0434782609
88 4 1	0.0625000000
59 3 52	0.0569620253
59 1 49	0.0102040816
59 60 49	0.0434782609
49 20 57	0.1500000000
57 6 48	0.0277777778
47 59 3	0.0272727273
53 56 32	0.1052631579
32 59 48	0.0769230769
57 49 52	0.0721649485
32 59 11	0.0833333333
47 57 6	0.0222222222
49 11 47	0.0666666667
32 49 1	0.0714285714
49 20 53	0.0285714286
53 78 49	0.0303030303
47 66 19	0.1333333333
13 14 59	0.0909090909
47 53 54	0.1333333333
49 53 8	0.0769230769
59 49 49	0.0196078431
6 48 13	0.0416666667
49 52 60	0.1627906977
1 11 60	0.1428571429
3 59 88	0.2857142857
32 65 22	0.0869565217
57 49 49	0.0250000000
49 59 6	0.0592592593
1 6 29	0.0454545455
49 7 88	0.2857142857
6 11 88	0.2857142857
3 52 88	0.2857142857
2 59 49	0.0400000000
7 32 1	0.0714285714
88 66 56	0.0714285714
11 6 6	0.0500000000
49 4 13	0.0588235294
59 67 23	0.1000000000
6 2 3	0.0350877193
10 7 57	0.2857142857
57 53 60	0.1666666667
13 3 60	0.2500000000
66 19 52	0.0714285714
53 59 8	0.0714285714
13 13 20	0.0909090909
13 57 54	0.0909090909
57 52 32	0.2500000000
49 4 52	0.0370370370
3 14 6	0.0350877193
88 78 6	0.0434782609
88 68 20	0.1250000000
2 52 53	0.0212765957
52 49 59	0.0357142857
66 15 0	0.0595238095
3 2 59	0.1395348837
13 47 6	0.0322580645
6 17 49	0.0566037736
65 24 49	0.0208333333
49 22 53	0.0357142857
66 7 0	0.0909090909
53 57 49	0.0217391304
8 6 6	0.0571428571
49 48 4	0.0555555556
32 50 11	0.1538461538
13 8 32	0.1250000000
88 57 1	0.0714285714
6 48 47	0.0357142857
1 66 3	0.0588235294
13 60 59	0.0769230769
11 47 32	0.2222222222
13 1 13	0.0289855072
3 0 20	0.0833333333
8 53 8	0.0769230769
49 2 52	0.0606060606
6 13 20	0.1111111111
7 66 3	0.0227272727
66 56 32	0.2222222222
59 59 54	0.1538461538
52 49 50	0.0212765957
1 49 24	0.2307692308
47 70 52	0.1250000000
6 49 7	0.0396039604
7 2 6	0.0526315789
3 78 59	0.1212121212
66 56 48	0.0500000000
13 49 49	0.0193905817
3 10 7	0.0434782609
52 13 49	0.0408163265
47 6 13	0.0348258706
52 49 32	0.3076923077
2 52 60	0.1538461538
3 11 32	0.2222222222
8 6 11	0.0769230769
49 53 56	0.0161290323
1 32 59	0.0370370370
2 49 20	0.0370370370
3 2 6	0.0357142857
64 3 1	0.1333333333
11 47 53	0.0416666667
6 57 53	0.0526315789
47 52 48	0.0303030303
47 66 3	0.0755813953
6 59 57	0.1111111111
65 20 54	0.0909090909
53 57 54	0.0909090909
47 13 50	0.0243902439
50 3 52	0.0181818182
1 3 32	0.1500000000
3 3 3	0.0138248848
47 78 49	0.0285714286
57 2 1	0.0833333333
59 11 32	0.2000000000
47 47 6	0.0370370370
2 1 6	0.0566037736
49 53 3	0.0144927536
59 78 57	0.2000000000
53 56 49	0.0336134454
47 7 88	0.1666666667
3 32 49	0.0156250000
6 1 32	0.1818181818
49 49 47	0.0303030303
57 57 1	0.1000000000
10 15 52	0.0555555556
57 49 24	0.2000000000
57 1 52	0.0563380282
6 9 20	0.0833333333
13 8 57	0.2222222222
32 11 6	0.0375000000
10 7 60	0.2307692308
1 66 59	0.1578947368
6 78 6	0.0869565217
52 3 50	0.0588235294
59 70 29	0.0454545455
52 49 1	0.0487804878
1 6 59	0.0600000000
7 6 1	0.1052631579
68 7 50	0.0526315789
67 51 3	0.0857142857
53 48 32	0.2000000000
52 49 13	0.0270270270
67 3 11	0.2000000000
59 57 49	0.0370370370
52 52 47	0.0307692308
1 6 88	0.1666666667
52 66 7	0.0434782609
11 47 88	0.1666666667
32 14 57	0.2222222222
7 6 11	0.0769230769
52 53 1	0.0952380952
32 4 13	0.0833333333
3 52 53	0.0202702703
49 64 24	0.1111111111
7 3 88	0.1666666667
88 59 1	0.1500000000
47 78 1	0.1142857143
88 78 1	0.1304347826
11 13 49	0.0185185185
47 50 57	0.1818181818
6 47 60	0.0666666667
32 42 32	0.1250000000
13 66 49	0.0625000000
53 75 52	0.1153846154
6 32 49	0.0158730159
65 52 11	0.1818181818
53 20 13	0.0754716981
49 9 3	0.0666666667
64 3 11	0.0769230769
46 52 11	0.1250000000
7 60 57	0.1250000000
1 49 20	0.0307692308
10 3 3	0.0153846154
68 15 6	0.1111111111
7 3 6	0.0454545455
49 53 11	0.1111111111
2 6 59	0.0555555556
4 49 6	0.1111111111
6 49 49	0.0273437500
49 52 3	0.0060422961
32 13 13	0.0104166667
67 7 3	0.0303030303
52 10 20	0.0400000000
8 68 4	0.1428571429
1 48 47	0.0555555556
67 20 1	0.0714285714
52 50 54	0.0909090909
2 11 1	0.1538461538
68 51 3	0.0454545455
1 48 1	0.0588235294
65 52 52	0.0909090909
47 13 48	0.0750000000
67 3 8	0.0714285714
65 52 8	0.0588235294
49 47 23	0.1600000000
49 48 1	0.1290322581
32 59 6	0.0714285714
10 15 13	0.0178571429
3 32 59	0.0869565217
32 11 49	0.0288461538
8 1 59	0.1176470588
2 47 11	0.1250000000
59 3 48	0.0500000000
1 52 32	0.2000000000
59 1 52	0.0363636364
53 56 60	0.1000000000
8 6 32	0.2500000000
53 19 3	0.0294117647
7 6 4	0.0434782609
7 69 1	0.0909090909
3 3 6	0.0486725664
53 20 49	0.0363636364
3 52 59	0.0648148148
32 1 52	0.0389610390
59 1 6	0.0566037736
49 47 32	0.3076923077
52 1 3	0.0161290323
52 50 3	0.0256410256
2 3 57	0.0833333333
47 78 13	0.0677966102
2 78 47	0.0625000000
3 3 8	0.0526315789
1 8 1	0.0714285714
6 68 19	0.0588235294
59 11 49	0.0652173913
13 52 13	0.0437500000
66 7 54	0.0526315789
13 14 6	0.0555555556
68 19 53	0.0800000000
49 7 49	0.0243902439
66 7 52	0.0394736842
1 78 6	0.0232558140
47 78 88	0.2857142857
1 59 57	0.1000000000
52 47 47	0.0454545455
59 3 57	0.2222222222
1 11 3	0.0238095238
49 59 48	0.0416666667
66 73 50	0.1250000000
7 64 4	0.1000000000
47 59 32	0.2173913043
7 54 1	0.1052631579
49 54 32	0.3000000000
11 49 52	0.0714285714
68 7 13	0.0697674419
68 64 24	0.0909090909
47 59 60	0.1666666667
47 59 11	0.1578947368
10 77 23	0.1000000000
53 47 32	0.2222222222
57 13 49	0.0595238095
52 0 54	0.0909090909
6 13 13	0.0270270270
3 51 20	0.1000000000
57 66 3	0.0273972603
3 53 24	0.2222222222
57 53 11	0.1111111111
32 70 7	0.0526315789
66 55 4	0.1818181818
13 13 49	0.0259259259
6 47 4	0.0697674419
10 20 6	0.0217391304
52 52 11	0.0833333333
32 54 52	0.0571428571
49 57 6	0.0263157895
6 32 32	0.1818181818
88 14 49	0.0303030303
47 48 54	0.1250000000
66 7 13	0.0364963504
2 8 60	0.2500000000
66 3 11	0.1063829787
57 54 11	0.1176470588
32 11 50	0.0232558140
65 15 52	0.0937500000
6 22 13	0.0909090909
32 57 49	0.0192307692
8 53 88	0.1666666667
4 6 59	0.1666666667
53 5 7	0.0588235294
47 2 50	0.0952380952
53 52 1	0.0769230769
6 22 49	0.0526315789
2 52 1	0.0769230769
53 3 52	0.0388349515
2 47 53	0.0416666667
6 50 52	0.1162790698
3 54 1	0.1111111111
13 60 49	0.0263157895
47 53 24	0.2222222222
13 66 59	0.1250000000
1 52 57	0.1500000000
6 6 50	0.0563380282
57 47 0	0.0869565217
53 56 8	0.0526315789
8 49 52	0.0681818182
13 52 0	0.1000000000
13 48 52	0.0500000000
47 6 24	0.1578947368
6 59 50	0.0465116279
49 59 11	0.0400000000
6 47 8	0.0263157895
32 52 60	0.0909090909
47 65 24	0.2500000000
52 60 13	0.0625000000
67 3 1	0.0714285714
59 64 52	0.0714285714
2 59 59	0.1000000000
65 64 24	0.0769230769
1 70 52	0.0833333333
59 66 3	0.0869565217
1 3 20	0.0714285714
3 11 1	0.0588235294
10 7 1	0.0555555556
53 3 48	0.0810810811
8 2 59	0.1538461538
53 20 47	0.0714285714
1 53 11	0.1111111111
59 64 4	0.1818181818
6 22 53	0.0357142857
53 19 13	0.0625000000
47 6 11	0.1250000000
65 76 4	0.1111111111
3 65 22	0.1250000000
52 78 52	0.0714285714
53 3 1	0.1162790698
1 48 52	0.0909090909
65 3 60	0.1818181818
46 66 7	0.0434782609
65 7 13	0.0619469027
49 60 52	0.0833333333
49 48 7	0.0377358491
1 4 57	0.1428571429
68 3 52	0.0408163265
57 59 53	0.0588235294
57 10 0	0.0666666667
47 11 60	0.3333333333
8 57 13	0.0500000000
53 50 52	0.0476190476
53 52 47	0.0256410256
67 56 52	0.0833333333
32 6 54	0.1333333333
6 2 52	0.0430107527
2 57 52	0.0476190476
57 59 52	0.0750000000
2 13 13	0.0181818182
1 59 6	0.0377358491
1 8 47	0.0555555556
47 69 4	0.1052631579
57 64 24	0.0909090909
13 3 57	0.2272727273
66 19 1	0.1071428571
68 24 52	0.1176470588
6 50 29	0.0454545455
4 6 11	0.1000000000
8 57 50	0.0357142857
66 51 7	0.0256410256
13 78 1	0.0714285714
57 4 49	0.0517241379
13 52 53	0.0267857143
52 50 6	0.0285714286
47 6 4	0.0454545455
47 13 20	0.0714285714
8 78 88	0.1666666667
49 64 29	0.0625000000
6 49 60	0.0588235294
32 13 3	0.0181818182
1 53 47	0.0625000000
65 7 59	0.0727272727
59 59 88	0.2857142857
47 52 8	0.0350877193
4 6 60	0.1250000000
53 70 4	0.1000000000
6 60 3	0.0172413793
3 13 52	0.0434782609
66 51 56	0.0192307692
59 8 60	0.2500000000
1 1 1	0.0625000000
66 15 52	0.0983606557
32 14 8	0.0833333333
53 19 1	0.1052631579
59 53 24	0.1818181818
32 10 0	0.0666666667
57 57 49	0.0166666667
6 22 60	0.1000000000
69 24 50	0.0500000000
49 49 57	0.1176470588
53 56 11	0.1538461538
59 60 52	0.0333333333
88 11 13	0.0800000000
13 5 49	0.0392156863
49 51 7	0.0740740741
2 66 3	0.0869565217
8 1 57	0.1111111111
6 14 47	0.0714285714
8 60 52	0.0588235294
57 54 50	0.0434782609
59 8 11	0.1000000000
52 0 52	0.0294117647
1 57 3	0.0156250000
49 49 88	0.2857142857
13 13 6	0.0439560440
59 8 57	0.2222222222
50 52 32	0.3000000000
2 6 48	0.0625000000
1 54 11	0.1000000000
13 47 23	0.1500000000
32 2 50	0.0769230769
47 49 7	0.0394736842
6 78 13	0.0714285714
88 3 11	0.1000000000
1 1 49	0.0202702703
53 48 8	0.0588235294
4 27 20	0.1111111111
88 78 49	0.0312500000
32 2 1	0.0833333333
13 3 1	0.0937500000
11 13 6	0.0238095238
66 7 59	0.0781250000
11 3 20	0.0909090909
6 1 53	0.0350877193
2 57 1	0.0588235294
53 15 52	0.0833333333
53 59 88	0.1666666667
3 64 29	0.0689655172
66 7 1	0.0555555556
32 66 7	0.0555555556
1 14 0	0.1250000000
65 24 54	0.1111111111
66 55 54	0.1052631579
10 7 52	0.0724637681
49 52 8	0.0467289720
7 32 13	0.0322580645
32 57 53	0.0625000000
32 49 7	0.0317460317
13 61 3	0.0312500000
66 49 6	0.0588235294
7 4 1	0.0909090909
47 68 19	0.1176470588
3 6 60	0.0882352941
46 1 52	0.0967741935
13 8 1	0.0714285714
8 6 1	0.1052631579
11 65 24	0.1250000000
1 6 11	0.0500000000
3 46 6	0.0312500000
88 10 20	0.1666666667
3 13 54	0.0833333333
13 52 54	0.1071428571
2 13 52	0.0370370370
53 66 49	0.0625000000
8 53 54	0.1250000000
8 4 1	0.0909090909
46 53 50	0.0370370370
32 50 13	0.0526315789
32 2 6	0.0833333333
1 78 11	0.0909090909
3 54 57	0.0833333333
7 6 59	0.0769230769
49 13 20	0.1666666667
2 70 3	0.0714285714
46 1 6	0.0588235294
13 3 47	0.0389610390
49 49 11	0.0967741935
2 8 32	0.1250000000
3 3 57	0.2187500000
49 22 57	0.2000000000
57 7 49	0.0526315789
88 47 13	0.0937500000
6 53 24	0.2222222222
65 24 57	0.2000000000
88 49 50	0.0769230769
88 54 60	0.1666666667
1 6 4	0.0238095238
47 6 48	0.0588235294
32 13 6	0.0238095238
7 54 53	0.0526315789
10 51 20	0.0322580645
3 70 52	0.1000000000
13 6 49	0.0280373832
59 6 60	0.1200000000
3 47 6	0.0470588235
59 14 59	0.1333333333
3 2 32	0.1666666667
32 50 57	0.3000000000
57 6 32	0.2727272727
47 50 60	0.2500000000
88 11 60	0.2500000000
32 14 1	0.0526315789
13 6 0	0.0588235294
66 7 8	0.0277777778
6 6 6	0.0558139535
53 20 60	0.2000000000
47 8 49	0.0222222222
57 49 47	0.0232558140
47 52 47	0.0370370370
53 24 52	0.1176470588
53 19 88	0.1666666667
49 4 11	0.1500000000
13 52 59	0.1232876712
32 53 11	0.1333333333
65 55 24	0.1111111111
6 1 54	0.0666666667
32 2 59	0.1600000000
13 48 59	0.0833333333
10 3 59	0.0800000000
3 52 3	0.0127388535
53 3 57	0.1612903226
1 13 88	0.1666666667
6 13 52	0.0447761194
8 3 59	0.0810810811
47 53 53	0.0303030303
53 20 0	0.0434782609
59 14 13	0.0312500000
64 3 13	0.0508474576
49 11 6	0.0526315789
32 59 1	0.1500000000
7 49 24	0.2000000000
47 52 60	0.1612903226
49 56 8	0.1000000000
47 11 13	0.0600000000
59 60 13	0.0384615385
47 54 11	0.1333333333
47 78 60	0.3000000000
66 82 4	0.1538461538
6 3 88	0.4444444444
32 50 24	0.0769230769
88 59 50	0.0416666667
6 32 6	0.0750000000
53 78 6	0.0344827586
3 69 4	0.1176470588
52 49 49	0.0204081633
65 9 20	0.0833333333
32 47 53	0.0204081633
57 1 88	0.1666666667
64 4 32	0.1428571429
8 32 6	0.0434782609
52 14 49	0.0400000000
11 10 20	0.0476190476
2 11 49	0.0526315789
47 2 52	0.0259740260
7 13 49	0.0740740741
1 1 11	0.0666666667
6 47 3	0.0105263158
32 11 13	0.0597014925
7 66 59	0.1250000000
66 59 60	0.1250000000
49 19 88	0.1666666667
47 47 53	0.0307692308
49 4 32	0.3571428571
46 53 0	0.1250000000
53 20 6	0.0291970803
53 11 6	0.0312500000
1 1 52	0.0595238095
3 11 6	0.0344827586
88 14 47	0.0625000000
13 57 52	0.0312500000
49 57 49	0.0208333333
3 4 11	0.1111111111
57 6 53	0.0222222222
47 7 32	0.3333333333
1 65 4	0.1428571429
52 52 0	0.0500000000
49 75 4	0.1578947368
49 51 3	0.0677966102
59 57 47	0.0833333333
52 0 1	0.0833333333
6 57 57	0.0714285714
4 49 13	0.0833333333
8 66 59	0.1250000000
32 49 50	0.0487804878
57 52 57	0.0769230769
13 1 32	0.0769230769
49 69 1	0.0937500000
11 8 11	0.1000000000
3 13 49	0.0439276486
47 49 29	0.0370370370
53 57 47	0.0952380952
6 48 49	0.0256410256
65 52 57	0.2000000000
8 53 20	0.0666666667
2 49 59	0.1176470588
53 3 11	0.0689655172
4 27 59	0.2083333333
49 32 13	0.0468750000
32 50 49	0.0217391304
66 7 32	0.1153846154
47 3 1	0.1666666667
6 54 47	0.0357142857
47 48 52	0.0909090909
59 52 53	0.0265486726
57 52 53	0.0250000000
57 3 59	0.1194029851
49 13 8	0.0740740741
10 20 8	0.0740740741
1 8 49	0.0294117647
1 11 50	0.0370370370
59 48 52	0.0612244898
52 49 4	0.0625000000
47 53 3	0.0181818182
68 64 52	0.0833333333
32 66 56	0.0151515152
6 7 50	0.0250000000
13 6 60	0.0454545455
13 49 32	0.1666666667
47 57 52	0.0500000000
68 15 52	0.0833333333
32 53 8	0.0952380952
6 14 49	0.0500000000
47 64 29	0.0588235294
7 46 6	0.0526315789
13 47 3	0.0140845070
2 57 57	0.1818181818
6 66 19	0.0526315789
13 13 47	0.0327868852
59 65 24	0.1250000000
49 2 6	0.0408163265
65 51 20	0.0882352941
59 49 53	0.0140845070
1 6 24	0.0909090909
11 52 13	0.0476190476
57 1 3	0.0111111111
64 52 57	0.1666666667
68 75 3	0.0714285714
6 53 50	0.0370370370
66 46 6	0.0526315789
32 57 54	0.1000000000
64 24 57	0.0909090909
47 57 54	0.1250000000
6 6 48	0.0441176471
47 7 47	0.0869565217
59 78 59	0.1176470588
32 66 59	0.2000000000
65 7 32	0.1739130435
57 52 88	0.2857142857
49 57 57	0.0833333333
57 50 52	0.1290322581
57 53 56	0.0204081633
57 57 13	0.0357142857
49 69 4	0.1578947368
64 24 52	0.0256410256
32 65 20	0.1111111111
49 59 47	0.0281690141
64 52 47	0.0625000000
52 31 59	0.1111111111
32 49 57	0.0555555556
8 13 52	0.0476190476
11 1 52	0.0363636364
10 7 49	0.0252100840
47 10 3	0.0357142857
53 20 11	0.2000000000
1 13 52	0.0400000000
53 56 13	0.0579710145
3 4 6	0.0238095238
65 7 6	0.0648148148
3 13 50	0.0344827586
64 3 6	0.0350877193
68 20 32	0.2000000000
68 7 52	0.0350877193
13 14 0	0.1250000000
59 6 50	0.0129870130
47 47 32	0.4000000000
53 1 88	0.1666666667
46 53 13	0.0833333333
49 6 29	0.0454545455
46 53 53	0.0500000000
1 52 11	0.1000000000
2 70 29	0.0454545455
53 70 52	0.0833333333
59 3 8	0.0740740741
67 64 52	0.1000000000
1 60 8	0.0714285714
46 52 49	0.0645161290
11 48 57	0.2000000000
1 54 47	0.0588235294
49 1 11	0.1000000000
7 1 52	0.0882352941
47 60 6	0.0344827586
32 59 59	0.0909090909
47 6 29	0.0312500000
8 1 53	0.0555555556
32 8 32	0.1111111111
32 11 32	0.3333333333
57 57 52	0.0256410256
66 19 32	0.3333333333
52 2 52	0.0312500000
57 75 4	0.1111111111
8 64 4	0.1000000000
59 59 11	0.0869565217
4 1 13	0.0555555556
52 67 23	0.1333333333
53 52 54	0.0714285714
66 15 59	0.1034482759
2 52 57	0.2307692308
2 47 4	0.0769230769
1 57 6	0.0294117647
32 54 57	0.1538461538
66 15 6	0.0769230769
1 61 56	0.0555555556
49 4 8	0.0270270270
11 59 11	0.1000000000
13 78 60	0.2222222222
53 4 49	0.1333333333
32 7 32	0.1666666667
66 22 57	0.1428571429
7 57 6	0.0263157895
8 52 47	0.0500000000
49 19 47	0.1333333333
67 7 59	0.0833333333
32 13 57	0.0833333333
64 80 4	0.1250000000
49 20 50	0.0235294118
2 1 88	0.1666666667
47 4 53	0.0526315789
59 78 8	0.0833333333
52 14 59	0.1666666667
11 49 49	0.0212765957
66 3 50	0.0219780220
8 53 52	0.0666666667
8 65 4	0.1428571429
88 70 3	0.0588235294
57 54 88	0.1666666667
88 13 20	0.0909090909
2 59 88	0.1666666667
32 64 3	0.0588235294
49 13 47	0.0169491525
88 2 59	0.1111111111
6 49 6	0.0365853659
3 5 49	0.0975609756
47 3 53	0.0263157895
59 52 49	0.0292397661
47 49 47	0.0147058824
1 66 24	0.1666666667
65 22 60	0.0833333333
52 60 11	0.1111111111
7 32 3	0.0344827586
3 3 88	0.2857142857
7 75 4	0.1111111111
3 32 6	0.0571428571
13 6 53	0.0120481928
1 11 1	0.1304347826
57 4 13	0.0967741935
7 50 52	0.1363636364
3 4 1	0.1333333333
53 48 52	0.0909090909
52 50 11	0.1000000000
47 4 6	0.0303030303
88 2 52	0.0588235294
32 10 20	0.0526315789
53 8 60	0.2500000000
69 24 6	0.0740740741
6 59 52	0.0583333333
47 8 57	0.3125000000
57 32 50	0.0689655172
65 22 49	0.0392156863
1 2 52	0.0217391304
65 80 4	0.1250000000
1 61 7	0.0571428571
13 6 13	0.0555555556
6 3 47	0.0476190476
32 47 60	0.1428571429
88 6 60	0.1000000000
3 11 3	0.0256410256
49 60 54	0.1111111111
57 13 3	0.0333333333
1 1 59	0.0888888889
1 10 20	0.0540540541
32 52 88	0.1666666667
53 52 32	0.1250000000
3 48 54	0.0833333333
6 0 54	0.1111111111
49 7 8	0.0500000000
66 56 0	0.0625000000
47 52 13	0.0505050505
59 2 59	0.1923076923
65 55 3	0.0666666667
11 1 6	0.0566037736
49 50 57	0.1666666667
47 49 54	0.1111111111
32 11 1	0.1176470588
49 7 1	0.0681818182
32 6 50	0.0307692308
1 32 1	0.0625000000
57 32 32	0.2857142857
3 13 48	0.0294117647
47 49 8	0.0400000000
47 4 52	0.0322580645
6 7 6	0.0434782609
2 7 6	0.0333333333
49 49 0	0.0714285714
1 11 52	0.0277777778
6 13 32	0.1666666667
88 78 88	0.1666666667
53 1 49	0.0102040816
3 54 49	0.0208333333
59 59 60	0.1538461538
6 61 7	0.0476190476
6 22 32	0.2500000000
6 64 4	0.1333333333
57 14 49	0.0500000000
7 52 88	0.1666666667
59 2 6	0.0227272727
66 5 56	0.0135135135
13 14 13	0.0769230769
2 57 13	0.0416666667
32 52 57	0.1000000000
7 78 47	0.1000000000
1 11 88	0.1666666667
66 15 49	0.0215053763
3 6 50	0.0303030303
52 47 6	0.0615384615
47 4 1	0.1071428571
8 52 32	0.1250000000
6 49 4	0.0606060606
7 54 57	0.0833333333
1 10 0	0.0666666667
88 8 60	0.1666666667
47 65 20	0.1071428571
64 29 3	0.0714285714
1 6 3	0.0270270270
59 78 13	0.0333333333
65 3 13	0.0608695652
8 6 13	0.0508474576
10 7 32	0.1764705882
57 52 13	0.0138888889
57 50 57	0.1666666667
57 53 54	0.1250000000
88 54 11	0.1250000000
65 20 47	0.0869565217
3 54 50	0.0357142857
68 7 49	0.0151515152
49 1 32	0.1250000000
65 22 13	0.0666666667
53 57 32	0.1818181818
32 49 54	0.1000000000
53 24 57	0.2500000000
47 2 3	0.0392156863
6 19 47	0.1333333333
52 50 57	0.2222222222
88 47 6	0.0500000000
47 0 32	0.1428571429
2 52 54	0.0714285714
3 13 57	0.0769230769
66 22 54	0.0909090909
57 47 88	0.1666666667
57 4 57	0.2500000000
47 47 52	0.0243902439
57 52 59	0.0384615385
88 47 49	0.0392156863
65 7 3	0.0140845070
69 1 49	0.0500000000
52 27 59	0.0740740741
47 47 60	0.1176470588
2 3 59	0.1346153846
47 2 6	0.0909090909
32 4 1	0.0909090909
3 50 29	0.0588235294
68 7 1	0.0500000000
4 1 59	0.0952380952
65 7 49	0.0227272727
1 49 50	0.0312500000
8 6 59	0.0769230769
88 57 52	0.1176470588
49 53 47	0.0625000000
6 48 32	0.1111111111
88 52 13	0.0816326531
53 52 57	0.2307692308
47 8 60	0.3125000000
88 14 54	0.0909090909
59 57 13	0.0344827586
67 3 53	0.0625000000
11 59 57	0.1111111111
57 3 53	0.0434782609
65 22 32	0.2727272727
49 47 60	0.1428571429
53 11 52	0.0555555556
64 24 32	0.1428571429
88 50 1	0.0909090909
13 67 23	0.1000000000
1 53 4	0.0625000000
3 59 11	0.0952380952
6 76 29	0.0588235294
8 1 52	0.0882352941
6 60 49	0.0136986301
49 56 3	0.0217391304
3 65 20	0.0909090909
46 52 0	0.1250000000
59 59 57	0.1000000000
49 47 47	0.0555555556
1 53 20	0.0714285714
49 48 56	0.0476190476
57 3 57	0.1000000000
32 66 22	0.0714285714
11 49 4	0.0526315789
2 59 47	0.0434782609
1 49 59	0.0975609756
47 59 6	0.0471698113
52 49 7	0.0232558140
6 4 6	0.0121951220
32 59 53	0.0344827586
47 52 54	0.0645161290
49 13 1	0.0714285714
11 48 88	0.1666666667
46 53 49	0.0277777778
52 47 32	0.3000000000
59 6 3	0.0173913043
88 52 50	0.0416666667
88 59 57	0.1428571429
32 3 32	0.1500000000
7 52 59	0.0666666667
8 49 32	0.1000000000
6 48 11	0.0714285714
66 3 48	0.0384615385
32 13 8	0.0555555556
59 49 47	0.0441176471
49 49 60	0.1111111111
13 49 4	0.0270270270
68 55 54	0.1111111111
47 53 4	0.0416666667
53 59 59	0.1000000000
32 6 0	0.0714285714
6 22 52	0.0312500000
88 6 6	0.0163934426
53 59 47	0.0434782609
53 6 6	0.0500000000
66 22 3	0.0200000000
57 2 6	0.0555555556
88 11 6	0.0227272727
68 19 6	0.0204081633
32 50 32	0.1111111111
1 32 13	0.0158730159
59 7 0	0.0714285714
65 4 0	0.1250000000
53 24 11	0.2000000000
88 57 54	0.1250000000
57 47 23	0.1500000000
47 11 1	0.1363636364
49 13 11	0.1000000000
32 75 4	0.1538461538
57 64 4	0.1000000000
47 11 47	0.0833333333
53 13 47	0.0344827586
32 6 29	0.0454545455
32 1 11	0.0526315789
52 53 20	0.0526315789
47 78 53	0.0238095238
32 50 6	0.0243902439
3 2 13	0.0250000000
52 0 59	0.0400000000
1 10 7	0.0238095238
66 22 32	0.2500000000
53 50 23	0.1333333333
3 7 1	0.1052631579
11 11 11	0.1111111111
1 54 53	0.0526315789
8 56 13	0.0555555556
49 22 60	0.1000000000
66 19 8	0.0370370370
11 66 59	0.1250000000
66 15 13	0.0428571429
50 52 49	0.0263157895
49 15 0	0.0909090909
49 47 3	0.0108695652
49 32 6	0.0652173913
57 2 52	0.0307692308
65 55 52	0.0769230769
65 22 53	0.0263157895
8 6 53	0.0434782609
88 11 11	0.1666666667
32 3 60	0.1111111111
8 34 4	0.1363636364
8 66 3	0.0227272727
88 52 32	0.1818181818
2 70 4	0.1000000000
47 10 20	0.0555555556
65 3 48	0.0714285714
52 3 1	0.0666666667
13 47 50	0.0196078431
3 11 88	0.1666666667
47 65 7	0.0731707317
32 49 24	0.2380952381
57 3 88	0.1666666667
32 3 48	0.0384615385
13 13 88	0.2857142857
47 14 1	0.0625000000
57 59 49	0.0327868852
49 4 88	0.1666666667
32 6 53	0.0263157895
52 0 57	0.1428571429
59 6 8	0.0227272727
53 11 1	0.1538461538
3 3 54	0.1666666667
64 4 1	0.1111111111
57 50 24	0.0909090909
66 59 57	0.0909090909
13 78 13	0.0400000000
46 3 59	0.2058823529
13 13 54	0.1111111111
6 47 57	0.1333333333
1 53 24	0.1000000000
2 52 48	0.0625000000
6 69 1	0.0937500000
59 48 57	0.1818181818
32 53 56	0.0384615385
88 57 53	0.0625000000
53 20 54	0.1000000000
1 11 32	0.3333333333
47 78 3	0.0142857143
59 59 8	0.0571428571
68 20 88	0.1666666667
3 20 6	0.0588235294
88 47 23	0.1000000000
6 32 59	0.0434782609
7 6 13	0.0508474576
11 8 6	0.0344827586
2 59 54	0.1250000000
6 7 3	0.0232558140
3 48 6	0.0571428571
47 3 48	0.0434782609
53 46 6	0.0434782609
49 2 3	0.0158730159
11 8 8	0.0909090909
47 57 1	0.0810810811
3 47 54	0.0714285714
67 46 49	0.1600000000
47 48 49	0.0204081633
6 49 32	0.2580645161
53 11 47	0.0833333333
6 6 57	0.0416666667
68 3 32	0.1111111111
2 2 6	0.1000000000
8 6 57	0.0769230769
6 11 1	0.0740740741
8 3 47	0.0500000000
53 75 4	0.1500000000
1 48 88	0.1666666667
53 64 29	0.0588235294
53 48 60	0.1666666667
6 4 0	0.1250000000
53 11 32	0.2500000000
2 78 52	0.0625000000
59 64 3	0.0588235294
50 80 54	0.2222222222
7 49 50	0.0476190476
53 49 4	0.0526315789
47 78 50	0.0263157895
32 2 52	0.0312500000
7 49 52	0.0681818182
49 49 56	0.0135135135
46 1 8	0.0909090909
59 2 49	0.0158730159
88 6 24	0.1111111111
11 11 32	0.2500000000
2 78 49	0.0303030303
8 57 32	0.2857142857
59 47 11	0.1363636364
47 54 57	0.1538461538
49 7 50	0.0181818182
6 48 57	0.1666666667
52 31 13	0.0800000000
69 24 13	0.0666666667
1 6 1	0.0645161290
59 57 6	0.0243902439
57 70 3	0.0625000000
6 3 8	0.0400000000
1 13 3	0.0155038760
2 78 6	0.0344827586
46 10 7	0.0512820513
47 59 54	0.0909090909
1 8 13	0.0625000000
13 78 57	0.2222222222
32 54 53	0.0416666667
47 13 54	0.1000000000
52 50 8	0.0714285714
13 48 3	0.0165289256
46 52 32	0.1250000000
53 57 8	0.0714285714
10 7 3	0.0106382979
8 66 49	0.0714285714
6 1 8	0.0344827586
1 49 29	0.0454545455
32 3 1	0.1250000000
11 78 11	0.1000000000
59 3 11	0.1363636364
32 59 3	0.0169491525
88 11 53	0.0454545455
49 4 57	0.2000000000
32 3 53	0.0204081633
3 59 49	0.0183486239
53 19 52	0.0333333333
65 7 57	0.0476190476
53 51 24	0.2222222222
3 60 13	0.0576923077
1 7 47	0.0666666667
59 48 13	0.0408163265
52 60 52	0.0333333333
6 10 3	0.0357142857
6 6 0	0.0588235294
88 4 3	0.0588235294
3 47 57	0.1304347826
13 47 60	0.1538461538
32 1 1	0.1000000000
88 11 8	0.0666666667
1 49 32	0.1176470588
49 7 57	0.1904761905
13 64 29	0.0689655172
66 49 50	0.0555555556
32 6 1	0.0800000000
68 19 50	0.0333333333
47 57 47	0.0476190476
49 6 50	0.0609756098
47 54 1	0.0869565217
6 49 11	0.0800000000
13 57 60	0.2222222222
66 19 54	0.1250000000
1 6 0	0.1250000000
53 48 54	0.1250000000
1 53 60	0.1666666667
3 54 52	0.0312500000
1 53 32	0.1111111111
57 4 1	0.1428571429
7 57 32	0.2857142857
49 54 3	0.0294117647
32 59 49	0.0217391304
67 3 60	0.1250000000
52 60 60	0.1111111111
11 6 48	0.0625000000
4 31 59	0.1111111111
53 10 20	0.0476190476
32 6 24	0.1428571429
47 47 47	0.0882352941
59 52 47	0.0303030303
7 50 60	0.1666666667
53 49 24	0.1250000000
10 51 24	0.2857142857
47 46 6	0.0392156863
2 6 3	0.0204081633
49 49 49	0.0251798561
59 57 57	0.1666666667
7 57 13	0.0500000000
53 52 8	0.0454545455
3 6 8	0.0161290323
1 50 57	0.1250000000
32 54 3	0.0227272727
57 66 7	0.0576923077
88 57 32	0.1428571429
47 6 49	0.0176470588
46 52 53	0.0555555556
6 54 6	0.0298507463
65 7 50	0.0444444444
52 0 8	0.0500000000
2 50 3	0.0434782609
10 20 13	0.0500000000
47 49 4	0.0416666667
52 3 57	0.1000000000
49 22 1	0.0833333333
46 60 8	0.0909090909
3 4 52	0.0555555556
13 6 11	0.0454545455
57 66 24	0.1250000000
59 78 6	0.0250000000
1 2 6	0.1034482759
47 11 50	0.0161290323
65 7 88	0.1666666667
65 24 53	0.0526315789
66 19 53	0.0666666667
53 19 6	0.0294117647
68 7 0	0.1250000000
52 53 57	0.1000000000
3 13 8	0.0270270270
32 57 57	0.1500000000
1 78 88	0.1666666667
59 1 32	0.0769230769
2 3 1	0.0909090909
1 54 52	0.0333333333
59 50 1	0.0476190476
1 65 7	0.0500000000
6 13 57	0.0714285714
32 47 6	0.0361445783
8 46 6	0.0526315789
49 56 13	0.0312500000
8 49 7	0.0322580645
49 1 59	0.1176470588
53 57 52	0.0476190476
7 6 6	0.0571428571
59 60 6	0.0769230769
6 66 3	0.0370370370
53 52 11	0.1428571429
1 6 48	0.0400000000
52 3 32	0.0833333333
32 2 32	0.1666666667
8 32 3	0.0344827586
6 19 60	0.1428571429
6 78 59	0.0588235294
59 11 1	0.1538461538
3 6 11	0.0645161290
32 6 4	0.0535714286
13 47 53	0.0212765957
52 0 50	0.0416666667
3 3 50	0.0352941176
88 59 60	0.1111111111
3 1 59	0.0833333333
13 47 88	0.1666666667
49 49 53	0.0243902439
2 3 52	0.0400000000
47 78 52	0.0384615385
8 57 57	0.0833333333
68 19 57	0.1428571429
6 49 47	0.0352941176
6 54 50	0.0434782609
67 20 49	0.0277777778
49 66 24	0.1666666667
7 13 20	0.1111111111
59 48 11	0.1666666667
13 49 50	0.0280373832
59 11 6	0.0263157895
46 3 52	0.1290322581
47 59 88	0.1666666667
7 68 4	0.1428571429
64 4 13	0.0769230769
88 7 11	0.1428571429
57 52 47	0.0540540541
6 60 13	0.0338983051
3 60 52	0.0208333333
49 47 8	0.0285714286
13 32 3	0.0285714286
68 20 13	0.0400000000
7 68 20	0.0909090909
10 15 0	0.0294117647
49 47 52	0.0263157895
1 78 54	0.0909090909
49 5 20	0.0317460317
53 56 88	0.1666666667
47 59 47	0.0408163265
64 4 49	0.0500000000
59 78 54	0.0909090909
53 13 48	0.0909090909
13 57 8	0.0666666667
47 42 47	0.1000000000
88 7 1	0.1111111111
13 78 47	0.0500000000
6 54 52	0.0350877193
1 78 52	0.0540540541
65 22 11	0.1000000000
49 32 32	0.0833333333
59 47 8	0.0416666667
88 13 6	0.0465116279
49 9 20	0.0833333333
13 7 6	0.0333333333
1 54 88	0.1666666667
57 52 50	0.0238095238
13 49 13	0.0340425532
57 32 6	0.0645161290
3 13 1	0.0833333333
32 13 54	0.1000000000
65 52 32	0.2000000000
49 59 53	0.0163934426
59 57 59	0.0555555556
1 59 3	0.0149253731
47 4 47	0.0588235294
6 14 32	0.1428571429
1 3 57	0.1111111111
59 1 88	0.1666666667
3 59 57	0.1538461538
49 56 60	0.1250000000
67 56 6	0.0769230769
1 59 60	0.1250000000
2 11 13	0.0909090909
47 59 57	0.2000000000
2 47 49	0.0277777778
8 10 0	0.0666666667
50 3 53	0.0357142857
57 57 57	0.0714285714
3 47 11	0.0526315789
1 69 4	0.0769230769
49 59 32	0.2173913043
6 60 54	0.1000000000
57 1 59	0.1111111111
6 57 1	0.1000000000
88 59 3	0.0200000000
8 47 88	0.1666666667
47 4 11	0.0909090909
6 66 22	0.1000000000
6 80 54	0.0625000000
8 64 24	0.0909090909
6 22 6	0.0243902439
47 52 11	0.1142857143
59 49 60	0.0714285714
1 13 6	0.0243902439
32 49 49	0.0197368421
47 66 7	0.0163934426
32 57 60	0.1666666667
32 65 7	0.0500000000
68 19 52	0.0540540541
88 52 52	0.0169491525
57 66 59	0.1250000000
6 47 0	0.0769230769
47 54 50	0.0312500000
64 24 11	0.0769230769
1 59 11	0.0909090909
6 11 47	0.0689655172
46 53 32	0.2857142857
6 59 11	0.1176470588
47 50 32	0.1250000000
66 4 49	0.1000000000
1 3 1	0.0909090909
49 48 53	0.0208333333
47 57 53	0.0243902439
10 75 24	0.1111111111
49 46 49	0.1333333333
1 49 1	0.0357142857
1 50 23	0.1333333333
10 20 49	0.0204081633
52 47 4	0.0909090909
6 53 47	0.0454545455
47 32 1	0.0625000000
10 7 13	0.0344827586
32 1 13	0.0283018868
53 64 24	0.0769230769
11 48 60	0.1666666667
3 53 3	0.0129870130
10 5 7	0.0333333333
88 59 11	0.0833333333
49 7 54	0.1111111111
49 47 53	0.0181818182
59 46 6	0.0434782609
13 32 52	0.0357142857
47 54 54	0.1111111111
6 7 1	0.1000000000
59 77 23	0.1000000000
1 11 53	0.0400000000
47 14 52	0.0196078431
50 3 13	0.0476190476
3 48 8	0.0625000000
47 70 7	0.0400000000
7 66 24	0.1666666667
13 60 13	0.0476190476
52 1 6	0.0408163265
88 1 32	0.2000000000
46 48 0	0.0500000000
6 48 6	0.0555555556
57 14 32	0.1428571429
13 78 8	0.0909090909
46 53 56	0.0666666667
3 77 50	0.0769230769
65 64 29	0.0588235294
4 31 52	0.0909090909
11 59 49	0.0400000000
3 32 13	0.0416666667
57 49 4	0.0666666667
32 7 11	0.1428571429
13 49 88	0.2857142857
3 52 54	0.1081081081
88 1 6	0.0434782609
64 3 57	0.1538461538
8 2 52	0.0312500000
6 66 24	0.2222222222
47 14 49	0.0416666667
11 59 88	0.1666666667
49 57 1	0.1111111111
49 1 13	0.0204081633
47 3 20	0.0909090909
47 2 13	0.0465116279
57 59 11	0.1428571429
47 70 29	0.0454545455
88 6 54	0.1250000000
65 9 3	0.0666666667
3 7 52	0.0434782609
7 54 50	0.0434782609
6 53 11	0.0909090909
68 19 88	0.1666666667
6 4 1	0.1071428571
1 14 49	0.0625000000
13 52 32	0.1851851852
64 52 11	0.0833333333
57 32 1	0.0952380952
68 24 60	0.1666666667
68 20 8	0.0526315789
53 3 50	0.0172413793
3 48 3	0.0123456790
46 10 3	0.0615384615
66 22 60	0.2000000000
47 50 11	0.0769230769
2 8 11	0.1000000000
59 3 47	0.0133333333
88 52 57	0.0833333333
6 65 24	0.1666666667
68 56 54	0.0769230769
47 32 32	0.1666666667
53 3 60	0.2352941176
32 4 3	0.0416666667
57 54 6	0.0298507463
59 6 11	0.1034482759
2 59 32	0.0769230769
49 59 57	0.0769230769
3 50 52	0.0714285714
1 52 3	0.0129032258
11 1 32	0.0769230769
47 47 50	0.0163934426
47 8 8	0.1034482759
52 52 32	0.3000000000
47 49 49	0.0222222222
3 48 47	0.0238095238
88 8 57	0.1666666667
8 64 52	0.0833333333
13 10 54	0.1111111111
32 1 59	0.0500000000
53 6 13	0.0238095238
11 50 23	0.1333333333
6 66 59	0.1250000000
57 66 49	0.0714285714
47 53 6	0.0126582278
52 59 59	0.0500000000
59 8 32	0.1250000000
11 8 47	0.0625000000
53 77 23	0.1500000000
3 54 6	0.0263157895
47 7 52	0.0363636364
6 3 32	0.2285714286
32 47 32	0.3571428571
53 55 3	0.0666666667
8 56 49	0.0322580645
50 3 50	0.0322580645
59 6 0	0.1250000000
53 19 53	0.0526315789
7 4 13	0.0714285714
1 4 53	0.0909090909
2 57 49	0.0217391304
13 49 8	0.0312500000
10 15 3	0.0281690141
6 70 52	0.1333333333
4 1 52	0.0512820513
6 60 52	0.0454545455
59 64 24	0.0769230769
47 0 1	0.0588235294
59 49 48	0.0303030303
47 13 1	0.0416666667
59 7 32	0.1250000000
52 1 57	0.1428571429
88 49 52	0.0769230769
52 17 20	0.1111111111
47 54 52	0.0540540541
53 1 13	0.0289855072
57 50 29	0.0454545455
3 60 6	0.0952380952
7 54 3	0.0294117647
3 52 60	0.1388888889
11 6 59	0.0555555556
65 20 57	0.1818181818
49 6 24	0.0909090909
13 6 48	0.0263157895
53 52 13	0.0476190476
47 67 23	0.1333333333
11 7 88	0.1666666667
13 11 6	0.0500000000
1 32 49	0.0142857143
32 6 49	0.0181818182
52 49 20	0.0500000000
8 11 32	0.2222222222
8 53 32	0.1111111111
4 27 49	0.0555555556
6 54 53	0.0666666667
49 50 3	0.0740740741
49 53 88	0.1666666667
13 57 13	0.0625000000
88 59 59	0.0555555556
67 20 54	0.0909090909
66 19 60	0.1666666667
59 3 60	0.1875000000
1 13 20	0.0909090909
13 49 54	0.1250000000
1 49 0	0.1000000000
53 78 60	0.2500000000
6 1 6	0.0150375940
65 5 7	0.0322580645
59 52 50	0.0109890110
53 47 52	0.0454545455
1 59 49	0.0309278351
11 59 52	0.0967741935
68 20 47	0.0500000000
6 7 57	0.1538461538
32 32 3	0.0243902439
88 57 49	0.0277777778
13 3 54	0.1111111111
59 11 52	0.0800000000
11 13 47	0.0344827586
47 47 11	0.1250000000
11 78 49	0.0303030303
49 19 49	0.0303030303
65 3 8	0.0322580645
59 48 32	0.1333333333
32 64 24	0.0769230769
49 55 4	0.1428571429
11 48 8	0.0588235294
2 8 52	0.0625000000
3 78 3	0.0259740260
49 80 54	0.1111111111
53 6 59	0.0555555556
47 0 6	0.0400000000
32 7 13	0.0714285714
13 48 1	0.1250000000
1 53 88	0.1666666667
49 64 3	0.0789473684
47 78 8	0.0357142857
13 3 8	0.0666666667
52 53 56	0.0434782609
49 13 32	0.1111111111
57 59 48	0.0666666667
49 22 11	0.1111111111
47 11 52	0.0405405405
7 4 32	0.1666666667
1 61 24	0.1250000000
65 20 60	0.2000000000
8 3 32	0.0909090909
13 48 60	0.1666666667
52 32 52	0.0476190476
46 1 13	0.0357142857
1 57 60	0.2500000000
49 19 57	0.1000000000
68 20 1	0.0588235294
6 32 3	0.0476190476
64 24 6	0.0250000000
13 46 6	0.0434782609
47 32 13	0.0212765957
88 11 47	0.0555555556
57 7 57	0.2000000000
88 3 13	0.0454545455
50 3 6	0.0363636364
57 6 49	0.0235294118
11 78 1	0.0714285714
13 32 6	0.0370370370
13 8 47	0.0625000000
47 8 6	0.0206185567
8 49 1	0.0714285714
3 6 4	0.0344827586
57 64 3	0.0714285714
3 2 1	0.0833333333
32 60 11	0.0909090909
65 3 88	0.1666666667
65 20 13	0.0416666667
47 53 52	0.0697674419
13 11 60	0.1250000000
11 48 52	0.0909090909
59 64 29	0.0588235294
88 47 32	0.3333333333
6 2 13	0.0232558140
6 14 13	0.0769230769
6 54 49	0.0217391304
32 13 48	0.0666666667
3 6 57	0.1176470588
7 54 49	0.0204081633
1 54 6	0.0294117647
8 11 6	0.0526315789
65 15 6	0.0769230769
49 22 52	0.0312500000
32 54 88	0.1666666667
88 78 52	0.0277777778
8 52 59	0.0666666667
68 19 13	0.0731707317
52 49 6	0.0250000000
53 15 59	0.1500000000
8 49 6	0.0606060606
49 78 59	0.0689655172
1 50 11	0.0909090909
66 56 54	0.0689655172
4 64 4	0.1000000000
3 14 47	0.0476190476
49 48 50	0.0250000000
6 4 32	0.3333333333
59 53 4	0.1111111111
49 49 8	0.0178571429
6 65 20	0.0909090909
4 6 13	0.0512820513
6 4 49	0.0428571429
88 70 7	0.0769230769
11 78 13	0.0625000000
11 59 47	0.0434782609
32 47 0	0.1428571429
13 57 57	0.1666666667
3 3 53	0.0340909091
47 13 60	0.0769230769
1 11 11	0.0833333333
49 60 13	0.0322580645
8 6 29	0.0454545455
11 3 47	0.0270270270
7 49 13	0.0465116279
13 8 8	0.0909090909
88 8 52	0.1000000000
6 0 8	0.0769230769
66 5 20	0.0487804878
13 52 50	0.0202020202
47 49 1	0.0454545455
57 2 59	0.1428571429
88 6 8	0.0666666667
47 48 88	0.1666666667
1 70 4	0.1000000000
66 59 49	0.0588235294
8 6 3	0.0441176471
65 24 11	0.1538461538
47 50 54	0.0625000000
6 75 4	0.1538461538
65 20 0	0.1250000000
46 60 52	0.0526315789
47 50 13	0.0312500000
2 57 60	0.2500000000
59 49 29	0.0588235294
1 59 88	0.1666666667
8 49 24	0.2000000000
49 67 23	0.1333333333
49 53 57	0.1250000000
57 52 52	0.0307692308
2 46 6	0.0434782609
6 53 52	0.0322580645
8 11 88	0.1666666667
3 1 52	0.0238095238
2 52 3	0.0116279070
8 52 50	0.0500000000
46 1 57	0.1428571429
6 60 6	0.0166666667
3 69 1	0.0606060606
10 75 3	0.0909090909
8 67 23	0.1000000000
1 14 52	0.0434782609
53 57 57	0.1818181818
59 8 6	0.0344827586
32 50 54	0.1111111111
52 0 60	0.2500000000
66 19 11	0.2000000000
6 47 54	0.1111111111
49 11 1	0.0666666667
32 50 8	0.1250000000
64 2 4	0.1250000000
3 47 47	0.0625000000
1 54 49	0.0204081633
57 2 13	0.0333333333
67 20 57	0.2500000000
1 1 32	0.1250000000
32 57 50	0.0363636364
65 52 13	0.0400000000
46 6 32	0.0666666667
88 1 49	0.0303030303
53 57 88	0.1666666667
57 3 1	0.0769230769
88 11 54	0.0909090909
6 1 60	0.1176470588
57 60 60	0.1666666667
88 65 20	0.1250000000
53 59 54	0.1250000000
47 3 47	0.0259740260
53 24 13	0.0588235294
53 3 88	0.2857142857
32 54 60	0.1666666667
32 53 54	0.1666666667
7 1 57	0.1111111111
6 47 50	0.0303030303
88 78 3	0.0238095238
8 57 49	0.0208333333
64 52 53	0.0370370370
4 6 57	0.1818181818
11 52 53	0.0212765957
2 78 57	0.2222222222
49 48 59	0.0294117647
59 7 88	0.1666666667
88 6 53	0.0333333333
3 3 47	0.0326086957
3 0 56	0.0666666667
53 78 54	0.0909090909
52 17 49	0.0714285714
53 65 24	0.1250000000
3 20 13	0.0769230769
7 6 3	0.0441176471
53 56 54	0.1250000000
50 3 47	0.0322580645
7 57 57	0.0833333333
1 54 1	0.1052631579
2 65 7	0.0526315789
52 32 3	0.0344827586
13 47 8	0.0344827586
32 67 23	0.1333333333
53 8 49	0.0294117647
47 48 53	0.0454545455
6 48 1	0.0625000000
88 57 13	0.0588235294
66 7 60	0.1052631579
47 49 32	0.0833333333
1 3 48	0.0285714286
2 11 60	0.1428571429
49 48 47	0.0400000000
6 8 4	0.1000000000
8 13 3	0.0344827586
88 6 32	0.0769230769
6 7 49	0.0392156863
47 54 13	0.0465116279
1 54 50	0.0434782609
11 8 60	0.2500000000
46 6 47	0.0277777778
47 0 57	0.1111111111
57 54 57	0.1052631579
68 55 24	0.1111111111
57 4 53	0.0869565217
13 48 54	0.0909090909
65 22 47	0.0952380952
65 22 0	0.1428571429
53 48 1	0.0588235294
11 52 59	0.1388888889
2 3 20	0.0909090909
3 48 32	0.0714285714
59 49 59	0.0727272727
53 19 49	0.0204081633
49 19 6	0.0434782609
3 47 23	0.1250000000
47 11 6	0.0341880342
1 52 53	0.0140845070
6 76 4	0.1111111111
8 50 54	0.1250000000
7 4 57	0.1428571429
57 7 47	0.0714285714
57 7 32	0.2500000000
7 6 57	0.0769230769
3 54 11	0.0833333333
32 11 53	0.0256410256
8 4 13	0.0714285714
32 11 52	0.0370370370
6 2 6	0.0535714286
6 61 3	0.0555555556
32 14 54	0.0909090909
6 9 3	0.0666666667
10 3 11	0.0909090909
11 47 23	0.1333333333
6 32 1	0.0952380952
7 32 50	0.0476190476
1 6 49	0.0216216216
53 24 8	0.0714285714
46 52 1	0.0714285714
2 11 6	0.0312500000
57 54 53	0.0666666667
53 6 3	0.0204081633
52 50 29	0.0588235294
53 78 1	0.0714285714
47 13 32	0.0909090909
6 19 49	0.0303030303
47 49 50	0.0357142857
7 11 47	0.0666666667
32 4 6	0.0227272727
49 66 59	0.1250000000
49 48 52	0.0357142857
3 47 60	0.1304347826
11 70 29	0.0454545455
53 24 32	0.1428571429
2 13 49	0.0185185185
2 78 1	0.0714285714
47 50 8	0.0714285714
49 19 1	0.0833333333
13 70 52	0.0833333333
32 7 1	0.0526315789
52 49 88	0.2857142857
3 59 47	0.0289855072
32 47 88	0.1666666667
3 11 50	0.0416666667
59 11 59	0.0909090909
59 47 60	0.2307692308
49 15 59	0.1250000000
50 48 4	0.1428571429
88 49 32	0.1250000000
88 69 4	0.0909090909
46 1 54	0.1250000000
88 78 50	0.0370370370
47 49 24	0.2105263158
59 48 1	0.0588235294
32 69 1	0.0645161290
57 54 52	0.0350877193
65 55 4	0.1250000000
57 47 32	0.1250000000
49 48 3	0.0161290323
1 13 32	0.0526315789
1 78 3	0.0175438596
68 7 59	0.0769230769
53 48 53	0.0454545455
7 64 29	0.0454545455
59 6 54	0.0434782609
57 49 48	0.0312500000
88 66 59	0.1111111111
8 64 3	0.0714285714
49 22 13	0.0909090909
59 1 59	0.0606060606
13 49 0	0.0444444444
68 24 49	0.0277777778
6 78 88	0.1666666667
66 64 52	0.0555555556
1 61 20	0.0555555556
6 59 32	0.2500000000
10 3 50	0.0416666667
32 8 60	0.2307692308
57 53 88	0.1666666667
1 57 54	0.0833333333
32 47 11	0.0588235294
32 66 49	0.0476190476
68 51 20	0.0588235294
49 78 88	0.1666666667
49 47 13	0.0508474576
49 48 32	0.2352941176
53 22 32	0.1250000000
1 1 57	0.0714285714
65 20 6	0.0250000000
13 32 59	0.0666666667
49 22 6	0.0243902439
57 14 1	0.0769230769
6 47 11	0.1250000000
47 57 50	0.0196078431
1 69 1	0.0370370370
49 50 24	0.1111111111
1 57 47	0.0625000000
6 19 6	0.0434782609
47 2 59	0.1379310345
10 3 57	0.1538461538
66 19 13	0.0681818182
47 6 60	0.0740740741
47 53 1	0.0400000000
53 51 56	0.0140845070
4 1 3	0.0212765957
1 13 13	0.0083333333
53 5 20	0.0500000000
1 60 11	0.0833333333
6 3 48	0.0238095238
88 59 53	0.0370370370
59 47 49	0.0168067227
59 66 49	0.0625000000
11 1 13	0.0289855072
88 47 47	0.0588235294
47 57 88	0.1666666667
57 60 11	0.0714285714
65 5 3	0.0384615385
6 50 24	0.0909090909
32 13 11	0.0625000000
53 52 60	0.1538461538
1 1 88	0.1666666667
8 3 6	0.0454545455
67 3 13	0.0333333333
66 7 11	0.0869565217
6 49 48	0.0178571429
11 52 54	0.0714285714
46 52 52	0.0714285714
47 49 57	0.0625000000
67 3 59	0.1250000000
59 3 1	0.0714285714
3 78 13	0.0185185185
13 10 20	0.0294117647
49 54 57	0.0833333333
65 20 8	0.0666666667
32 1 49	0.0217391304
1 48 54	0.1250000000
8 53 57	0.1250000000
10 46 20	0.1250000000
11 2 59	0.1111111111
65 22 88	0.1666666667
13 1 52	0.0363636364
1 68 4	0.1428571429
1 52 1	0.0600000000
52 52 54	0.0666666667
88 6 48	0.0666666667
8 60 57	0.1250000000
68 15 13	0.0833333333
7 49 1	0.0714285714
8 50 3	0.0689655172
13 49 56	0.0212765957
64 4 57	0.1250000000
13 47 52	0.0344827586
88 59 52	0.0408163265
59 49 0	0.0357142857
6 0 60	0.1666666667
32 42 47	0.1000000000
67 7 52	0.0714285714
53 78 13	0.0625000000
65 5 20	0.0434782609
47 66 22	0.1052631579
52 50 23	0.1333333333
59 61 56	0.0178571429
49 2 4	0.0625000000
3 13 20	0.0714285714
1 8 32	0.1250000000
13 11 1	0.1538461538
7 2 52	0.0312500000
8 6 4	0.0434782609
32 54 13	0.0571428571
6 60 53	0.0416666667
47 54 6	0.0200000000
59 6 53	0.0215053763
32 1 53	0.0227272727
13 1 6	0.0566037736
6 53 57	0.0909090909
32 14 32	0.1250000000
65 20 52	0.0333333333
6 3 57	0.1428571429
6 13 50	0.0285714286
53 20 53	0.0281690141
88 49 59	0.0833333333
46 67 23	0.1000000000
1 64 3	0.0714285714
6 3 53	0.0243902439
47 3 60	0.1428571429
59 57 54	0.0909090909
88 13 48	0.0476190476
53 55 4	0.1250000000
2 57 32	0.1818181818
6 53 60	0.1250000000
1 49 13	0.0240963855
49 6 48	0.0232558140
6 10 0	0.0666666667
57 53 8	0.0769230769
88 49 24	0.1111111111
11 49 24	0.1250000000
59 59 47	0.0273972603
11 50 52	0.0476190476
57 13 6	0.0227272727
11 52 1	0.0769230769
8 59 52	0.0588235294
6 0 11	0.0909090909
59 48 88	0.1666666667
67 46 59	0.1052631579
1 49 4	0.0666666667
49 57 32	0.2857142857
53 13 32	0.0769230769
8 53 47	0.0625000000
57 53 47	0.0625000000
6 14 57	0.1250000000
67 20 32	0.1428571429
52 13 32	0.0588235294
8 4 53	0.0909090909
1 64 52	0.0833333333
2 1 49	0.0102040816
52 53 52	0.0238095238
59 57 88	0.1666666667
32 46 6	0.0416666667
6 64 52	0.1052631579
52 61 56	0.0277777778
46 50 3	0.0714285714
53 20 88	0.1666666667
10 4 49	0.1333333333
3 47 3	0.0238095238
2 52 47	0.0256410256
57 1 1	0.0714285714
13 8 60	0.2500000000
6 19 88	0.1666666667
57 13 13	0.0181818182
6 57 50	0.0277777778
7 49 49	0.0212765957
7 57 50	0.0357142857
7 6 24	0.0909090909
53 46 49	0.1875000000
57 54 3	0.0307692308
11 48 54	0.1250000000
1 54 3	0.0294117647
4 6 53	0.0416666667
6 7 52	0.0212765957
7 32 6	0.0434782609
11 59 32	0.0769230769
11 14 0	0.1250000000
47 13 88	0.1666666667
59 11 11	0.1000000000
2 57 47	0.0952380952
6 11 6	0.0465116279
88 59 47	0.0400000000
57 60 52	0.0416666667
57 6 11	0.0666666667
7 57 1	0.1111111111
13 8 11	0.1000000000
49 59 50	0.0338983051
6 2 1	0.0833333333
7 50 11	0.1250000000
57 57 6	0.0208333333
52 49 57	0.0625000000
46 63 0	0.0714285714
6 49 50	0.0491803279
32 52 32	0.2352941176
88 3 47	0.0434782609
49 56 6	0.0606060606
88 68 19	0.1250000000
59 48 8	0.0555555556
57 49 59	0.1276595745
11 70 52	0.0833333333
57 14 57	0.1250000000
3 7 60	0.1250000000
57 4 6	0.0149253731
88 11 32	0.2222222222
3 78 6	0.0270270270
32 60 54	0.1111111111
7 6 29	0.0454545455
88 59 32	0.2500000000
64 24 1	0.0416666667
68 3 57	0.1250000000
2 11 53	0.0588235294
7 1 49	0.0363636364
2 53 4	0.1428571429
49 54 47	0.0588235294
47 49 6	0.0353982301
32 3 57	0.1428571429
1 6 32	0.2307692308
2 8 47	0.0625000000
66 22 8	0.0476190476
32 32 32	0.1666666667
65 7 0	0.1818181818
6 4 60	0.1111111111
52 3 13	0.0344827586
64 52 32	0.2500000000
32 2 13	0.0303030303
59 47 4	0.0400000000
10 20 0	0.0434782609
68 19 49	0.0298507463
66 59 47	0.0476190476
10 3 52	0.0468750000
49 32 50	0.0476190476
47 48 60	0.1666666667
7 64 3	0.0714285714
66 5 24	0.2222222222
3 48 13	0.0416666667
49 11 3	0.0370370370
68 7 47	0.0357142857
46 61 7	0.0196078431
7 6 50	0.0357142857
3 6 48	0.0192307692
66 15 3	0.0106382979
64 52 23	0.1000000000
66 56 13	0.0638297872
32 11 3	0.0138888889
52 60 54	0.1250000000
49 4 47	0.0512820513
13 2 59	0.0952380952
49 20 47	0.0263157895
2 7 88	0.1666666667
32 1 88	0.2857142857
11 47 4	0.0769230769
2 70 52	0.0833333333
88 49 20	0.0689655172
32 49 11	0.0500000000
32 13 20	0.1176470588
65 52 1	0.0588235294
50 3 88	0.1666666667
57 69 4	0.1538461538
2 57 6	0.0285714286
66 3 53	0.0172413793
88 13 3	0.0181818182
13 70 3	0.0714285714
53 3 54	0.0526315789
6 53 56	0.0149253731
66 19 50	0.0294117647
2 50 52	0.0476190476
11 13 32	0.0769230769
47 53 13	0.0277777778
8 4 32	0.1666666667
67 51 7	0.0370370370
53 59 60	0.1428571429
52 3 47	0.0344827586
1 4 52	0.0833333333
57 57 53	0.0526315789
2 8 49	0.0294117647
6 48 59	0.0454545455
1 49 88	0.1666666667
53 8 32	0.1250000000
65 3 47	0.0289855072
53 13 88	0.1666666667
66 7 3	0.0060240964
57 1 49	0.0178571429
49 53 54	0.1250000000
13 3 48	0.0555555556
8 50 60	0.1666666667
13 13 57	0.0526315789
32 53 32	0.1000000000
3 7 6	0.0277777778
8 32 50	0.0476190476
32 70 3	0.0454545455
8 56 6	0.0526315789
3 65 7	0.0769230769
52 53 13	0.0833333333
66 56 3	0.0169491525
3 48 60	0.1818181818
88 59 49	0.0256410256
53 49 48	0.0333333333
66 56 47	0.0400000000
57 7 11	0.1111111111
59 11 47	0.0666666667
11 65 7	0.0526315789
3 59 8	0.0178571429
32 49 8	0.0333333333
53 59 49	0.0400000000
1 60 60	0.1428571429
57 54 47	0.0357142857
1 8 11	0.1000000000
7 54 88	0.1666666667
1 8 57	0.2222222222
1 14 3	0.0400000000
52 53 50	0.0370370370
66 19 3	0.0196078431
67 20 60	0.1250000000
66 22 11	0.0769230769
53 49 20	0.0370370370
67 15 52	0.0909090909
68 20 11	0.1818181818
88 47 60	0.1428571429
2 6 49	0.0181818182
57 10 3	0.0588235294
68 24 53	0.0625000000
10 20 32	0.1250000000
7 3 32	0.0909090909
66 22 6	0.0526315789
53 59 57	0.1111111111
57 49 1	0.0588235294
6 53 54	0.1250000000
2 78 60	0.2500000000
52 60 57	0.1428571429
57 49 32	0.1111111111
10 3 6	0.0714285714
65 52 60	0.1666666667
53 11 11	0.1111111111
3 48 1	0.0625000000
88 11 1	0.1111111111
49 68 4	0.1428571429
7 59 52	0.0588235294
11 8 49	0.0294117647
68 3 48	0.1000000000
13 8 52	0.0625000000
67 7 13	0.0344827586
32 8 8	0.1000000000
47 54 60	0.1666666667
8 60 8	0.0769230769
3 13 47	0.0340909091
53 3 20	0.0909090909
32 70 52	0.1000000000
2 3 47	0.0270270270
49 50 11	0.1250000000
46 60 57	0.1666666667
11 3 32	0.0833333333
4 6 1	0.1538461538
53 24 60	0.1666666667
65 3 54	0.0909090909
6 4 57	0.2142857143
8 59 48	0.1000000000
2 11 52	0.0555555556
49 6 57	0.0322580645
47 14 13	0.0833333333
6 48 54	0.0833333333
49 10 0	0.0666666667
13 3 20	0.0833333333
52 61 20	0.0312500000
53 57 13	0.0416666667
59 8 52	0.0625000000
3 70 3	0.0625000000
47 7 0	0.0384615385
65 24 52	0.0833333333
1 48 60	0.1666666667
11 6 13	0.0238095238
2 78 8	0.0909090909
13 6 57	0.0869565217
53 70 3	0.0714285714
59 14 52	0.0909090909
64 3 52	0.0363636364
57 50 11	0.1250000000
6 80 4	0.1250000000
11 70 4	0.1000000000
57 4 32	0.3333333333
88 57 60	0.1666666667
8 50 8	0.1000000000
1 48 49	0.0204081633
88 7 57	0.1428571429
59 7 47	0.0769230769
11 8 13	0.0625000000
13 78 52	0.0800000000
8 50 57	0.1666666667
13 52 47	0.0222222222
8 49 59	0.0476190476
88 4 13	0.0666666667
13 52 3	0.0096153846
11 59 60	0.1428571429
53 19 32	0.3000000000
1 60 59	0.0526315789
53 56 53	0.0217391304
69 1 6	0.0588235294
46 60 54	0.1250000000
32 6 8	0.0444444444
6 53 8	0.0500000000
53 2 6	0.1000000000
11 52 60	0.1538461538
13 2 49	0.0270270270
47 57 3	0.0116279070
6 22 1	0.0833333333
53 8 8	0.0909090909
1 8 60	0.2000000000
1 57 57	0.1666666667
11 78 54	0.0909090909
57 4 11	0.1818181818
57 7 52	0.0322580645
8 59 59	0.1111111111
52 47 3	0.0363636364
32 68 4	0.2222222222
46 50 1	0.0555555556
1 48 53	0.0454545455
2 11 11	0.1111111111
3 14 49	0.0500000000
13 78 6	0.0294117647
57 47 4	0.0370370370
88 3 3	0.0222222222
6 4 53	0.0666666667
13 48 47	0.0344827586
57 2 3	0.0270270270
57 1 13	0.0243902439
47 78 6	0.0394736842
6 22 47	0.0714285714
65 52 53	0.0454545455
11 70 3	0.0714285714
59 6 88	0.1666666667
64 3 48	0.1000000000
8 60 60	0.1666666667
53 82 24	0.1111111111
47 14 11	0.0833333333
8 6 24	0.0909090909
8 4 11	0.1428571429
49 19 13	0.0476190476
6 60 11	0.1111111111
47 75 4	0.1111111111
8 34 29	0.0588235294
67 7 49	0.0500000000
59 7 6	0.0333333333
49 57 53	0.0625000000
10 3 48	0.0555555556
88 7 52	0.0833333333
65 64 3	0.0588235294
1 60 6	0.0285714286
13 78 59	0.0833333333
57 67 23	0.1333333333
32 1 6	0.0222222222
49 1 3	0.0208333333
10 46 59	0.0666666667
57 53 32	0.1111111111
47 6 0	0.0588235294
69 24 1	0.0625000000
8 66 24	0.1666666667
7 1 1	0.0909090909
2 66 59	0.1250000000
46 7 0	0.0909090909
1 3 50	0.0370370370
1 48 11	0.1818181818
11 7 6	0.0333333333
7 1 53	0.0555555556
46 50 23	0.1333333333
88 70 52	0.1000000000
11 59 54	0.1250000000
57 59 32	0.1250000000
32 59 50	0.0416666667
11 13 48	0.0909090909
6 32 50	0.0689655172
47 8 1	0.0666666667
65 24 32	0.1428571429
57 6 24	0.0909090909
32 4 57	0.1000000000
6 49 88	0.2857142857
2 10 20	0.0476190476
1 52 60	0.0952380952
52 49 0	0.0869565217
4 6 49	0.0571428571
65 7 1	0.0789473684
47 13 57	0.0500000000
47 49 60	0.0714285714
53 19 47	0.0588235294
53 22 0	0.1250000000
2 59 11	0.1000000000
88 1 1	0.0833333333
7 65 4	0.1428571429
53 6 48	0.0625000000
47 48 47	0.0555555556
3 59 48	0.0333333333
13 60 6	0.1000000000
32 7 49	0.0434782609
13 47 54	0.0909090909
3 1 88	0.1666666667
53 64 3	0.0588235294
13 52 48	0.0454545455
47 54 53	0.0476190476
6 50 60	0.1666666667
13 65 7	0.0526315789
3 47 8	0.0212765957
6 50 8	0.1000000000
53 52 3	0.0116279070
6 47 13	0.0392156863
1 4 13	0.0714285714
6 60 60	0.1666666667
65 3 53	0.0307692308
49 60 60	0.1428571429
8 52 49	0.0227272727
88 53 24	0.1666666667
13 57 49	0.0156250000
49 61 3	0.0322580645
66 56 52	0.0377358491
7 4 49	0.0416666667
52 13 3	0.0121951220
59 8 1	0.0714285714
11 52 8	0.0454545455
88 57 8	0.0714285714
52 47 88	0.1666666667
88 7 49	0.0434782609
49 53 24	0.1666666667
2 8 57	0.2222222222
8 1 3	0.0208333333
32 3 88	0.1666666667
32 50 47	0.0454545455
8 11 1	0.0666666667
11 46 6	0.0434782609
88 13 13	0.0217391304
6 64 29	0.0512820513
53 82 52	0.1000000000
52 59 52	0.0270270270
1 64 24	0.0909090909
49 82 4	0.0909090909
53 24 53	0.0625000000
49 53 60	0.1666666667
11 47 52	0.0454545455
88 49 1	0.0833333333
13 8 13	0.0625000000
68 75 4	0.1000000000
10 3 32	0.2307692308
50 52 8	0.0370370370
1 32 6	0.0243902439
7 11 3	0.0370370370
65 52 88	0.1666666667
64 24 13	0.0294117647
8 4 49	0.0416666667
53 5 56	0.0270270270
10 7 8	0.0740740741
52 10 7	0.0588235294
49 52 53	0.0264550265
59 59 1	0.0312500000
50 3 57	0.0666666667
49 13 54	0.1333333333
52 0 11	0.0769230769
32 8 1	0.0526315789
2 50 1	0.0476190476
52 0 3	0.0222222222
49 47 6	0.0180180180
57 6 4	0.0588235294
6 6 24	0.0909090909
52 13 13	0.0273972603
2 6 6	0.0500000000
49 49 54	0.0769230769
10 75 52	0.1000000000
13 6 50	0.0281690141
47 53 56	0.0149253731
53 48 57	0.2000000000
13 50 1	0.0476190476
13 49 53	0.0072463768
46 6 48	0.0625000000
1 78 8	0.0714285714
3 52 47	0.0209790210
88 1 60	0.1428571429
32 60 57	0.1250000000
53 50 1	0.0476190476
7 47 23	0.1000000000
47 50 6	0.0238095238
59 49 4	0.0487804878
50 52 47	0.0333333333
57 3 6	0.0476190476
49 10 20	0.0303030303
11 48 49	0.0204081633
8 5 54	0.1428571429
1 7 6	0.0243902439
66 22 49	0.0169491525
6 66 49	0.0714285714
64 24 8	0.0500000000
68 3 11	0.1250000000
57 59 57	0.1428571429
7 60 8	0.0769230769
1 50 54	0.1111111111
32 64 52	0.0714285714
66 5 49	0.0322580645
88 3 53	0.0357142857
53 59 32	0.0769230769
1 49 48	0.0200000000
47 66 56	0.0089285714
49 78 47	0.0322580645
7 11 88	0.1666666667
67 15 59	0.1111111111
52 53 3	0.0133333333
32 53 47	0.0384615385
47 59 50	0.0263157895
66 19 47	0.0400000000
6 53 13	0.0384615385
53 1 52	0.0363636364
47 0 59	0.0666666667
32 7 6	0.0204081633
52 50 32	0.1250000000
57 1 57	0.0833333333
46 52 13	0.0526315789
53 11 53	0.0588235294
68 3 59	0.0909090909
53 8 1	0.0714285714
88 66 19	0.1250000000
50 52 50	0.0212765957
8 3 13	0.0357142857
32 59 57	0.1428571429
53 78 52	0.0625000000
32 14 11	0.1000000000
65 3 50	0.0263157895
68 20 53	0.0400000000
49 7 59	0.0500000000
6 7 47	0.0500000000
6 53 20	0.0188679245
57 2 32	0.1666666667
66 59 6	0.0263157895
57 32 3	0.0487804878
52 2 6	0.0526315789
7 49 7	0.0322580645
53 70 29	0.0454545455
59 78 47	0.0434782609
8 11 13	0.0434782609
53 52 53	0.0212765957
49 65 4	0.1428571429
13 11 47	0.0625000000
59 11 53	0.0500000000
59 70 3	0.0714285714
2 8 13	0.0625000000
49 57 50	0.0357142857
68 7 88	0.1666666667
1 53 52	0.0555555556
1 52 54	0.0555555556
47 48 13	0.0400000000
64 3 60	0.1250000000
88 8 11	0.1250000000
6 50 11	0.1250000000
65 22 6	0.0192307692
7 60 11	0.0909090909
47 53 49	0.0163934426
1 1 3	0.0084745763
59 8 13	0.0625000000
47 57 49	0.0175438596
32 32 1	0.0625000000
11 78 8	0.0909090909
53 5 3	0.0425531915
49 54 6	0.0294117647
64 3 32	0.1818181818
7 54 11	0.1000000000
7 57 53	0.0625000000
32 32 6	0.0303030303
49 66 3	0.0227272727
8 57 6	0.0263157895
6 11 3	0.0327868852
67 56 59	0.0909090909
46 53 6	0.0227272727
53 1 32	0.0769230769
65 2 52	0.0833333333
57 64 52	0.0833333333
7 54 47	0.0588235294
65 52 49	0.0204081633
2 7 47	0.0769230769
47 4 3	0.0312500000
57 49 7	0.0384615385
32 14 13	0.0625000000
49 32 3	0.0273972603
52 0 20	0.1111111111
59 3 54	0.1333333333
6 77 23	0.1000000000
47 2 1	0.1052631579
53 22 47	0.0833333333
88 47 50	0.0416666667
10 3 47	0.0344827586
6 11 50	0.0571428571
49 75 24	0.1052631579
47 11 8	0.0277777778
47 17 49	0.0344827586
88 6 1	0.0666666667
6 60 50	0.0250000000
4 1 6	0.0800000000
32 32 13	0.0212765957
6 19 32	0.2000000000
47 0 60	0.1666666667
59 8 49	0.0294117647
11 7 0	0.0714285714
47 68 20	0.1176470588
59 8 47	0.0625000000
10 5 3	0.0322580645
7 1 32	0.1250000000
32 60 8	0.0769230769
53 50 3	0.0434782609
65 64 52	0.0714285714
2 3 60	0.1000000000
8 4 52	0.0833333333
32 32 50	0.0344827586
47 52 53	0.0161290323
49 61 56	0.0277777778
32 4 32	0.2857142857
13 13 3	0.0075757576
3 6 88	0.2857142857
49 22 0	0.0909090909
6 54 88	0.1666666667
57 57 50	0.0277777778
7 3 47	0.0500000000
47 66 49	0.0434782609
32 59 47	0.0370370370
3 7 11	0.1111111111
6 3 54	0.1818181818
64 24 60	0.1250000000
53 59 3	0.0227272727
8 11 50	0.0625000000
46 53 3	0.0270270270
32 14 6	0.0294117647
8 57 53	0.0625000000
8 1 32	0.1250000000
53 6 49	0.0181818182
3 59 50	0.0100000000
2 47 32	0.2222222222
6 22 11	0.1111111111
88 52 3	0.0178571429
49 49 29	0.0312500000
6 48 52	0.0243902439
57 14 47	0.0769230769
32 1 60	0.1000000000
11 13 13	0.0181818182
7 10 0	0.0666666667
7 4 53	0.0909090909
32 47 3	0.0119047619
32 7 52	0.0357142857
49 6 53	0.0151515152
3 47 0	0.0526315789
13 70 29	0.0454545455
1 7 88	0.1666666667
3 1 32	0.0909090909
13 11 52	0.0344827586
53 19 11	0.1000000000
68 20 60	0.1250000000
32 69 4	0.1176470588
49 48 54	0.0666666667
32 8 11	0.1538461538
8 52 52	0.0322580645
32 7 57	0.1428571429
2 11 32	0.2500000000
8 78 47	0.1000000000
47 59 8	0.0333333333
59 48 60	0.1250000000
13 47 11	0.1333333333
13 48 88	0.1666666667
13 25 52	0.0833333333
32 11 8	0.0357142857
47 53 32	0.1250000000
11 11 53	0.0588235294
3 47 49	0.0186915888
47 70 3	0.0666666667
1 78 59	0.0476190476
3 6 53	0.0081300813
7 1 59	0.1176470588
3 7 47	0.0833333333
52 0 88	0.1666666667
7 64 24	0.0909090909
88 78 53	0.0400000000
53 47 57	0.1111111111
1 4 49	0.0416666667
11 49 7	0.0434782609
47 11 3	0.0101010101
47 57 60	0.3333333333
2 14 0	0.1250000000
1 59 59	0.1250000000
13 52 8	0.0555555556
32 57 6	0.0240963855
8 50 11	0.1250000000
66 59 52	0.0588235294
8 3 88	0.1666666667
1 11 49	0.0312500000
53 48 13	0.0400000000
13 7 32	0.1250000000
7 69 4	0.1111111111
13 11 59	0.0833333333
13 13 60	0.1111111111
1 13 48	0.0714285714
57 6 29	0.0454545455
67 20 13	0.0588235294
49 1 53	0.0555555556
88 50 29	0.0588235294
49 76 4	0.1111111111
3 32 1	0.0833333333
57 2 50	0.0769230769
1 13 47	0.0181818182
59 57 32	0.1538461538
47 14 8	0.0588235294
8 11 3	0.0370370370
32 47 52	0.0138888889
49 20 3	0.0198019802
49 59 88	0.1666666667
59 3 53	0.0153846154
52 78 49	0.0487804878
11 48 32	0.2000000000
49 4 54	0.0833333333
13 7 47	0.0769230769
65 2 3	0.0416666667
8 60 54	0.1111111111
59 57 1	0.0588235294
53 49 7	0.0434782609
2 13 32	0.0769230769
2 52 32	0.1250000000
7 49 59	0.0476190476
59 10 20	0.0232558140
47 0 8	0.0625000000
52 60 6	0.0333333333
3 2 3	0.0204081633
57 53 52	0.0666666667
64 52 52	0.0333333333
3 10 3	0.0200000000
13 47 0	0.0588235294
3 4 60	0.1428571429
65 24 8	0.0588235294
11 8 32	0.1250000000
32 66 19	0.0769230769
1 48 8	0.0588235294
47 52 50	0.0181818182
59 49 24	0.1578947368
52 3 60	0.0769230769
47 2 32	0.2857142857
47 6 54	0.1111111111
59 47 23	0.1052631579
49 76 29	0.0588235294
6 22 0	0.0909090909
1 59 47	0.0303030303
11 47 57	0.1111111111
57 52 1	0.0434782609
11 47 13	0.0454545455
49 50 60	0.1666666667
66 59 1	0.0909090909
49 68 19	0.0909090909
49 50 54	0.1250000000
52 64 4	0.1111111111
1 4 32	0.1666666667
47 0 52	0.0434782609
10 5 56	0.0434782609
88 52 60	0.0909090909
13 75 4	0.1111111111
7 49 32	0.1000000000
66 56 60	0.1000000000
66 59 3	0.0227272727
3 59 54	0.0500000000
13 0 3	0.0400000000
3 47 52	0.0090909091
32 54 49	0.0161290323
2 13 47	0.0344827586
13 3 88	0.1666666667
32 4 49	0.0263157895
53 22 88	0.1666666667
1 52 50	0.0259740260
6 50 54	0.1250000000
2 11 47	0.0833333333
1 50 24	0.1111111111
13 77 50	0.0769230769
47 8 13	0.0434782609
6 47 49	0.0128205128
52 49 53	0.0200000000
49 60 6	0.0322580645
57 4 47	0.0714285714
66 55 3	0.0666666667
7 60 52	0.0588235294
59 50 3	0.0434782609
59 47 53	0.0169491525
57 13 1	0.0714285714
49 10 7	0.0312500000
53 47 13	0.0454545455
7 49 20	0.0294117647
52 53 49	0.0277777778
67 15 0	0.0434782609
57 13 32	0.1000000000
1 6 53	0.0185185185
53 24 54	0.1250000000
11 1 88	0.1666666667
8 1 1	0.0909090909
49 15 6	0.0277777778
88 14 6	0.0344827586
65 75 24	0.0909090909
88 66 22	0.1250000000
53 48 88	0.1666666667
59 48 53	0.0312500000
64 24 54	0.1111111111
47 14 54	0.0588235294
3 6 54	0.0400000000
1 53 3	0.0144927536
2 47 47	0.0833333333
66 5 59	0.1071428571
50 3 59	0.0344827586
88 75 4	0.1111111111
67 64 3	0.0909090909
53 47 11	0.1250000000
57 8 4	0.1000000000
47 6 8	0.0392156863
52 31 49	0.0250000000
68 24 54	0.1250000000
2 8 8	0.0909090909
88 47 3	0.0312500000
7 3 13	0.0357142857
57 49 50	0.0416666667
10 7 54	0.1428571429
49 11 13	0.0434782609
1 8 6	0.0250000000
67 20 8	0.0625000000
57 68 20	0.0714285714
65 75 3	0.0714285714
49 56 59	0.0666666667
52 49 11	0.0714285714
53 56 3	0.0109890110
46 50 52	0.0714285714
1 1 53	0.0238095238
3 47 88	0.1666666667
57 64 29	0.0454545455
88 14 13	0.0625000000
8 53 56	0.0357142857
7 64 52	0.0833333333
47 49 88	0.1666666667
52 53 6	0.0227272727
11 52 47	0.0256410256
6 78 52	0.0357142857
1 50 1	0.0384615385
88 7 13	0.0714285714
3 20 47	0.1000000000
32 65 4	0.1428571429
64 4 47	0.1000000000
13 7 0	0.0714285714
53 48 49	0.0204081633
47 64 4	0.0909090909
1 3 88	0.1666666667
1 49 49	0.0180180180
88 47 11	0.0909090909
49 54 50	0.0434782609
6 47 88	0.1666666667
13 6 47	0.0142857143
6 2 32	0.1666666667
11 50 1	0.0476190476
8 53 60	0.1666666667
1 49 47	0.0227272727
49 61 24	0.1666666667
66 19 49	0.0250000000
3 48 11	0.0666666667
88 49 49	0.0344827586
57 6 50	0.0444444444
47 0 13	0.0555555556
46 6 49	0.0089285714
13 70 4	0.1000000000
1 6 50	0.0200000000
57 53 20	0.0322580645
1 68 20	0.0714285714
47 57 8	0.0571428571
65 7 11	0.0526315789
32 47 4	0.0526315789
1 6 47	0.0188679245
49 75 52	0.0952380952
88 3 57	0.1818181818
32 54 54	0.1250000000
66 64 24	0.0588235294
49 60 8	0.0769230769
11 47 47	0.0833333333
13 13 11	0.0526315789
53 56 47	0.0243902439
2 59 3	0.0227272727
49 5 56	0.0181818182
1 59 8	0.0666666667
32 60 52	0.0588235294
57 1 6	0.0120481928
2 1 13	0.0289855072
1 7 32	0.1250000000
66 19 88	0.1666666667
4 6 3	0.0243902439
49 68 20	0.0909090909
2 78 54	0.0909090909
13 8 6	0.0344827586
6 13 60	0.1000000000
13 13 50	0.0277777778
46 1 59	0.0588235294
13 50 3	0.0434782609
8 32 1	0.0714285714
11 47 49	0.0277777778
49 80 4	0.1250000000
11 48 47	0.0555555556
88 47 53	0.0526315789
8 68 19	0.0909090909
2 7 32	0.1250000000
67 64 24	0.1111111111
7 52 52	0.0322580645
11 3 48	0.0526315789
6 47 53	0.0161290323
49 11 50	0.0625000000
47 3 3	0.0057471264
53 53 4	0.1428571429
65 24 1	0.0625000000
49 61 20	0.0333333333
46 1 11	0.1111111111
49 46 6	0.0526315789
88 52 59	0.0833333333
6 4 11	0.1428571429
11 78 47	0.0625000000
49 53 20	0.0217391304
52 53 11	0.1111111111
46 52 57	0.1250000000
88 50 23	0.1000000000
11 52 3	0.0116279070
1 8 52	0.0416666667
47 32 6	0.0303030303
1 60 54	0.1111111111
2 1 59	0.0606060606
13 2 6	0.0666666667
49 54 53	0.0526315789
59 59 50	0.0232558140
8 49 49	0.0212765957
6 14 1	0.0588235294
59 8 8	0.0909090909
32 57 8	0.0277777778
47 11 88	0.1666666667
6 6 11	0.0476190476
53 8 13	0.0625000000
53 66 59	0.1250000000
59 65 7	0.0526315789
32 49 48	0.0250000000
52 60 8	0.0833333333
6 7 11	0.0909090909
59 47 88	0.1666666667
46 60 11	0.1250000000
32 50 23	0.1000000000
68 24 32	0.1428571429
53 3 3	0.0044247788
53 78 8	0.0909090909
49 56 11	0.1250000000
32 1 50	0.0217391304
57 70 52	0.1000000000
8 47 23	0.1000000000
52 60 59	0.0714285714
53 14 0	0.1250000000
88 3 60	0.1250000000
7 50 57	0.1666666667
53 19 57	0.0833333333
7 50 24	0.1111111111
88 65 22	0.1250000000
47 48 8	0.0588235294
2 2 59	0.1111111111
67 56 13	0.0555555556
2 52 8	0.0454545455
2 47 52	0.0454545455
7 57 3	0.0277777778
32 13 60	0.0909090909
53 47 53	0.0416666667
6 65 7	0.0714285714
49 6 11	0.0357142857
1 78 13	0.0250000000
59 50 52	0.0476190476
8 47 0	0.0909090909
11 78 57	0.2222222222
49 11 32	0.2222222222
53 13 13	0.0181818182
7 52 32	0.1250000000
57 57 3	0.0208333333
13 50 52	0.0476190476
64 4 60	0.1428571429
52 31 6	0.0869565217
3 14 3	0.0238095238
49 20 60	0.0476190476
57 49 56	0.0232558140
1 48 13	0.0400000000
57 52 11	0.0833333333
7 11 50	0.0625000000
2 47 13	0.0454545455
49 1 49	0.0363636364
7 1 13	0.0204081633
59 10 7	0.0256410256
13 47 4	0.0500000000
1 4 1	0.0909090909
59 77 50	0.0769230769
7 13 52	0.0476190476
8 49 20	0.0294117647
52 53 0	0.1250000000
53 24 1	0.0714285714
1 4 11	0.1428571429
65 80 54	0.0625000000
7 32 32	0.1666666667
32 65 24	0.1250000000
10 3 60	0.1250000000
88 54 54	0.1250000000
13 78 3	0.0285714286
49 47 54	0.0833333333
10 3 53	0.0344827586
32 60 60	0.1666666667
57 47 6	0.0178571429
49 56 54	0.1250000000
47 54 49	0.0163934426
1 50 60	0.1666666667
7 50 54	0.1250000000
8 32 13	0.0322580645
59 78 11	0.0909090909
59 70 4	0.1000000000
32 14 0	0.1250000000
32 4 11	0.1111111111
52 50 13	0.0625000000
32 3 11	0.0833333333
49 53 32	0.1111111111
3 50 3	0.0714285714
13 48 50	0.0263157895
57 60 8	0.0625000000
52 14 3	0.0285714286
8 47 32	0.1250000000
2 78 13	0.0625000000
10 20 5