0	0.0000000000
1	0.1428571429
2	0.0000000000
3	0.0000000000
4	0.0000000000
5	0.0000000000
6	0.0000000000
7	0.0000000000
8	0.0000000000
9	0.0000000000
10	0.0000000000
11	0.0000000000
12	0.0000000000
13	0.0000000000
14	0.0000000000
15	0.0000000000
16	0.0000000000
17	0.0000000000
18	0.0000000000
19	0.0000000000
20	0.0000000000
21	0.0000000000
22	0.0000000000
23	0.0000000000
24	0.0000000000
25	0.0000000000
26	0.0000000000
27	0.0000000000
28	0.0000000000
29	0.0000000000
30	0.0000000000
31	0.0000000000
32	0.0000000000
33	0.0000000000
34	0.0000000000
35	0.0000000000
36	0.0000000000
37	0.0000000000
38	0.0000000000
39	0.0000000000
40	0.0000000000
41	0.0000000000
43	0.0000000000
44	0.0000000000
45	0.0000000000
46	0.0000000000
47	0.0000000000
48	0.0000000000
49	0.0000000000
50	0.0000000000
51	0.0000000000
52	0.0000000000
53	0.0000000000
54	0.0000000000
55	0.0000000000
56	0.0000000000
57	0.0000000000
58	0.0000000000
59	0.0000000000
60	0.0000000000
61	0.0000000000
62	0.0000000000
63	0.0000000000
64	0.0000000000
65	0.0000000000
66	0.0000000000
67	0.0000000000
68	0.0000000000
69	0.0000000000
70	0.0000000000
71	0.0000000000
72	0.0000000000
73	0.0000000000
74	0.0000000000
75	0.0000000000
76	0.0000000000
77	0.0000000000
78	0.1111111111
79	0.0000000000
80	0.0000000000
81	0.0000000000
82	0.0000000000
83	0.0000000000
84	0.0000000000
85	0.0000000000
86	0.0000000000
87	0.0000000000
88	0.0000000000
89	0.0000000000
90	0.0000000000
91	0.0000000000
92	0.0000000000
52 1 1	0.1904761905
59 52	0.0204081633
8 11	0.1250000000
1 32 54	0.1000000000
6 70 22	0.2000000000
78 8 11	0.2941176471
1 53	0.0588235294
53 3	0.0666666667
57 32 13	0.0322580645
54 52	0.1000000000
69 21 0	0.0909090909
42 1 52	0.0322580645
69 31 3	0.0506329114
3 53 49	0.0357142857
6 3	0.0352941176
3 59	0.0465116279
52 49 52	0.0286885246
52 7	0.0909090909
57 49	0.0277777778
13 49 52	0.0344234079
13 52	0.0175438596
52 57	0.0833333333
14 14 0	0.0909090909
47 47	0.1176470588
1 7 52	0.0526315789
4 1 3	0.0256410256
78 59	0.0714285714
49 48	0.1000000000
59 3 11	0.1428571429
66 22 47	0.0714285714
3 78 59	0.0666666667
11 3	0.0333333333
70 4 54	0.1250000000
47 57 53	0.0263157895
78 53	0.0400000000
46 50 3	0.1333333333
42 57 47	0.0625000000
1 7 54	0.0909090909
13 3	0.0545454545
13 49	0.0472440945
3 13 49	0.0263157895
52 66 7	0.0727272727
4 7	0.1250000000
70 18 3	0.0389610390
6 59 3	0.0147783251
52 48 53	0.0227272727
57 53 78	0.1111111111
11 47	0.0555555556
1 1 1	0.1363636364
70 52 3	0.0263157895
4 6 6	0.0333333333
49 20	0.1379310345
78 53 3	0.0438596491
50 18 7	0.0625000000
7 49 19	0.1666666667
52 59	0.0833333333
3 1 78	0.1363636364
49 59	0.0833333333
52 59 52	0.0259740260
49 7 52	0.0697674419
57 70 19	0.1818181818
47 6 3	0.0430622010
3 3	0.0444444444
14 52	0.1250000000
47 66 3	0.0400000000
7 1	0.1111111111
2 3	0.0714285714
1 78	0.1666666667
78 49 19	0.2272727273
46 52	0.0714285714
13 63 6	0.0393700787
4 48 52	0.0454545455
70 19	0.1111111111
13 49 19	0.2105263158
14 54	0.0909090909
59 6 49	0.0303867403
70 20	0.1250000000
1 6 57	0.0588235294
8 1	0.1000000000
59 3 1	0.0937500000
59 6 59	0.0700000000
49 13 52	0.0444444444
6 49 1	0.1250000000
49 49	0.0344827586
11 53 20	0.0681818182
57 1	0.1428571429
3 46 6	0.0476190476
7 6 3	0.0490196078
49 7	0.1666666667
6 1	0.1333333333
2 49 56	0.0555555556
52 3	0.0357142857
3 11	0.1000000000
59 48	0.1250000000
59 6	0.0192307692
52 13	0.0612244898
3 6 19	0.1428571429
4 66 3	0.0434782609
1 57 47	0.0740740741
78 13 52	0.0314960630
57 78	0.1666666667
11 4 6	0.0298507463
13 6 57	0.1388888889
70 52 78	0.2727272727
78 2 59	0.1724137931
57 57 1	0.1875000000
75 4 1	0.1500000000
6 59	0.0769230769
52 47	0.1071428571
11 11	0.1666666667
78 78	0.2222222222
49 46 59	0.1250000000
78 65 22	0.1428571429
14 11	0.2000000000
4 47	0.1000000000
69 21 11	0.1666666667
1 54	0.1250000000
47 57 48	0.1818181818
2 3 47	0.0370370370
49 24 52	0.0512820513
11 54	0.0909090909
53 15 49	0.0736842105
3 52 0	0.0714285714
3 50 7	0.0526315789
54 11	0.1250000000
11 52	0.0869565217
6 49	0.0568181818
13 6 13	0.0480769231
50 19	0.1428571429
53 19	0.1111111111
13 13	0.0434782609
52 48	0.0769230769
59 57	0.0714285714
11 59 3	0.0857142857
52 11	0.1000000000
6 13	0.0185185185
78 47	0.0909090909
1 68 20	0.1333333333
49 52 52	0.0370370370
66 3 78	0.1714285714
2 49	0.0526315789
49 20 47	0.0641025641
4 1	0.0625000000
78 6 0	0.0588235294
47 6 47	0.0428571429
52 53 59	0.0625000000
52 14 47	0.0400000000
49 4 11	0.1764705882
3 53	0.0357142857
52 50 18	0.0149253731
49 47	0.0714285714
47 57 59	0.0645161290
50 23 52	0.0769230769
59 1	0.1000000000
78 48	0.1250000000
11 1	0.1111111111
11 4 53	0.0434782609
78 3 13	0.0429447853
52 49 7	0.1015625000
59 47	0.1200000000
6 24 7	0.0769230769
11 3 1	0.0769230769
3 1	0.0769230769
54 1	0.1000000000
13 51 49	0.0380952381
6 47 54	0.1764705882
69 1 52	0.0654205607
59 6 4	0.0422535211
11 49 42	0.2857142857
47 13	0.0312500000
13 20 78	0.2000000000
52 52	0.0169491525
50 52	0.1000000000
13 3 11	0.1428571429
1 7 47	0.0833333333
47 78	0.2222222222
11 66 56	0.0365853659
49 36 3	0.0645161290
8 66 56	0.0666666667
78 1 48	0.1176470588
8 52	0.1000000000
52 52 1	0.0964912281
47 53 1	0.1500000000
47 23 3	0.0508474576
59 49 20	0.0970149254
52 52 49	0.0285035629
1 11 13	0.0606060606
7 66 56	0.0277777778
57 8 11	0.1538461538
47 49 56	0.0576923077
1 11	0.1250000000
54 32 1	0.0833333333
47 50 18	0.0147058824
52 48 11	0.1176470588
59 7	0.0909090909
75 18 49	0.0196078431
13 49 13	0.0369685767
8 6 49	0.0500000000
3 63 0	0.0555555556
69 31 49	0.0400000000
47 7 1	0.0370370370
59 11	0.0833333333
13 63 0	0.0596491228
47 54	0.1250000000
13 51 59	0.0722891566
3 53 22	0.1428571429
4 11 11	0.1111111111
57 6 19	0.2222222222
59 49 1	0.1304347826
49 4 52	0.0625000000
11 70 19	0.1818181818
78 7	0.0833333333
59 3	0.0200000000
11 49 52	0.0250000000
46 61 20	0.1315789474
78 6 1	0.1250000000
47 13 78	0.1363636364
59 52 13	0.0394088670
6 18 52	0.0588235294
2 52 1	0.1081081081
52 53 20	0.1071428571
52 8 78	0.1666666667
14 49 1	0.1176470588
57 47 52	0.0769230769
57 49 1	0.1333333333
46 68 7	0.0833333333
78 53 19	0.2352941176
50 3 52	0.0322580645
59 48 1	0.1176470588
6 2 13	0.0638297872
52 60 78	0.1111111111
50 24 7	0.1250000000
8 49	0.0555555556
8 6 4	0.0625000000
47 50 47	0.0384615385
13 20	0.0909090909
47 50 1	0.0857142857
6 32 6	0.0350877193
3 54	0.1250000000
47 6 13	0.0489510490
78 66 3	0.0320512821
14 53 3	0.0545454545
52 78	0.0909090909
59 32 13	0.0116279070
42 32 52	0.0400000000
50 52 3	0.0212765957
52 7 52	0.0454545455
6 18	0.0555555556
11 49	0.0196078431
6 6 3	0.0391061453
6 11 1	0.1304347826
1 60 52	0.0588235294
66 3 13	0.0338164251
11 50 11	0.2307692308
52 57 59	0.0740740741
47 53	0.0526315789
11 1 13	0.0325203252
13 48 53	0.0327868852
3 78	0.1818181818
14 6 13	0.0571428571
78 52	0.0277777778
52 17 49	0.0714285714
47 11	0.0909090909
1 57 52	0.0465116279
49 52 11	0.1463414634
3 53 19	0.2000000000
1 6 4	0.0333333333
47 11 78	0.2857142857
11 3 59	0.0421052632
3 2 59	0.1162790698
78 57	0.0666666667
1 65 3	0.0833333333
78 50 49	0.0327868852
13 20 13	0.0303030303
8 47 52	0.0416666667
47 52 53	0.0266666667
14 2 1	0.0833333333
47 48	0.1111111111
52 50 42	0.1666666667
47 2 47	0.0833333333
47 53 56	0.0444444444
7 6 49	0.0294117647
10 2 3	0.1000000000
3 59 49	0.0340681363
13 3 59	0.0601092896
13 13 52	0.0466666667
14 1 59	0.0555555556
46 60 47	0.0833333333
49 6 1	0.1052631579
78 52 11	0.1428571429
49 13	0.0416666667
6 6 49	0.0306122449
2 52	0.0588235294
3 6	0.0200000000
4 48	0.1250000000
78 13 48	0.0303030303
47 53 11	0.1333333333
49 5 21	0.1764705882
57 50 3	0.0731707317
13 48 52	0.0420168067
11 7 11	0.1111111111
6 47 78	0.2500000000
1 57 59	0.0555555556
59 3 42	0.1666666667
53 20	0.1333333333
46 10 20	0.0476190476
4 78 49	0.0303030303
3 3 52	0.0496453901
52 0	0.0909090909
59 6 13	0.0425531915
52 47 48	0.1875000000
50 3	0.0833333333
6 3 53	0.0204081633
3 59 1	0.1562500000
7 50 54	0.0769230769
52 0 20	0.1111111111
78 11	0.0833333333
50 23 47	0.0333333333
6 13 52	0.0416666667
4 59 1	0.0769230769
6 59 42	0.4444444444
11 32 13	0.0350877193
68 20 1	0.1111111111
47 65 22	0.1363636364
66 49 1	0.1111111111
49 20 52	0.0227272727
6 78	0.0833333333
14 59 3	0.0857142857
53 24 1	0.1428571429
3 10 20	0.0204081633
6 3 7	0.0666666667
4 65 7	0.0526315789
57 2 47	0.1176470588
47 3	0.0312500000
3 59 42	0.5000000000
78 1	0.0869565217
69 1 11	0.1428571429
78 57 1	0.1458333333
14 47	0.0625000000
4 6 11	0.0769230769
49 57 53	0.0454545455
52 49	0.0227272727
78 3	0.0238095238
78 52 53	0.0222222222
78 48 1	0.1176470588
78 53 22	0.1538461538
6 6 7	0.1063829787
6 10 7	0.0821917808
1 49 19	0.1818181818
6 29 56	0.0625000000
6 11 78	0.1875000000
54 10 3	0.0833333333
7 78	0.1666666667
1 52	0.0625000000
49 49 20	0.1000000000
65 22 52	0.0434782609
13 49 7	0.0802919708
4 13	0.0666666667
59 47 11	0.0909090909
6 49 19	0.2608695652
6 6 59	0.0990990991
47 52	0.0322580645
3 47 52	0.0638297872
6 49 4	0.0208333333
14 50 3	0.0555555556
52 53	0.0322580645
42 59 57	0.1111111111
6 47 52	0.0689655172
50 18 49	0.0230769231
11 49 20	0.0898876404
47 6 49	0.0289256198
13 6 1	0.1219512195
13 78 47	0.0454545455
49 20 78	0.2083333333
6 6 13	0.0555555556
49 57	0.1250000000
52 1	0.0500000000
11 49 13	0.0298507463
13 47 52	0.0740740741
54 6 47	0.0384615385
11 46 1	0.0416666667
6 24 1	0.1250000000
59 78	0.1818181818
14 53	0.0625000000
49 20 48	0.2352941176
13 6 3	0.0231660232
13 63 52	0.0747663551
50 18 20	0.0933333333
47 6 1	0.1428571429
6 3 47	0.0448717949
11 53 3	0.0439560440
3 51 59	0.0425531915
1 10 7	0.0526315789
3 48 49	0.0465116279
6 4	0.0500000000
70 29 22	0.1428571429
6 59 47	0.0444444444
13 49 78	0.1304347826
6 47	0.0333333333
6 24 13	0.0294117647
52 50 78	0.1111111111
1 3	0.0434782609
6 6 1	0.0970873786
1 6 42	0.1666666667
53 5 56	0.0967741935
8 59 49	0.0212765957
8 49 21	0.1111111111
3 57 48	0.1818181818
6 8 52	0.0512820513
4 52 53	0.0212765957
50 52 52	0.0571428571
54 54 13	0.0250000000
57 65 7	0.0370370370
78 54	0.1250000000
59 53	0.0370370370
6 49 6	0.0152671756
3 52	0.0243902439
50 3 11	0.0833333333
49 4	0.0714285714
14 78	0.1666666667
47 49 11	0.0555555556
52 47 57	0.1200000000
10 15 47	0.0588235294
6 1 1	0.1000000000
1 6 11	0.1111111111
6 47 11	0.2105263158
49 18 13	0.0277777778
53 19 7	0.0714285714
3 52 53	0.0224719101
59 3 13	0.0392156863
1 46 6	0.0606060606
69 21 49	0.0348837209
52 53 1	0.1034482759
50 19 53	0.0588235294
69 21 54	0.0714285714
59 52 78	0.2333333333
78 13	0.0250000000
59 1 3	0.0182926829
3 50 3	0.0563380282
59 57 1	0.1538461538
6 11	0.0909090909
50 1 6	0.0175438596
13 5 59	0.0724637681
3 13	0.0227272727
59 11 13	0.0144927536
78 47 78	0.2777777778
6 4 49	0.0078125000
13 49 20	0.1015625000
1 49 78	0.1052631579
7 8 53	0.0526315789
52 54	0.1250000000
46 3 6	0.0769230769
8 34 52	0.0416666667
14 3	0.0434782609
49 18	0.0555555556
4 31 59	0.1111111111
8 10 7	0.0769230769
54 49	0.0555555556
3 3 1	0.1250000000
11 1 59	0.0555555556
59 49	0.0128205128
14 1	0.0714285714
59 49 19	0.2413793103
6 3 52	0.0461538462
13 32 49	0.0606060606
78 50 3	0.0641025641
50 22 78	0.2857142857
70 18	0.0555555556
59 2 59	0.1666666667
6 3 57	0.0566037736
6 49 20	0.0948905109
6 2 7	0.1818181818
49 18 47	0.0400000000
14 49 20	0.1153846154
49 52 47	0.0404040404
14 46 1	0.0416666667
13 53 20	0.1282051282
14 49	0.0303030303
13 49 0	0.0833333333
69 4 7	0.1250000000
11 50 3	0.0634920635
47 6 78	0.1200000000
3 53 3	0.0338983051
6 48 13	0.0500000000
78 8 3	0.0612244898
47 57	0.0769230769
3 1 13	0.0222222222
49 51 3	0.0833333333
50 3 47	0.0512820513
6 9 19	0.1250000000
3 6 13	0.0492610837
52 52 59	0.1010101010
13 49 6	0.0247933884
52 59 3	0.0320855615
57 53 52	0.0588235294
52 78 49	0.0243902439
3 47 78	0.2307692308
75 18 53	0.0333333333
49 59 52	0.0392156863
78 3 11	0.1176470588
4 48 1	0.1176470588
13 49 49	0.0322966507
14 49 7	0.0769230769
1 52 47	0.0344827586
13 61 19	0.1111111111
1 57 1	0.1481481481
1 6 78	0.1875000000
49 8 49	0.0294117647
7 1 52	0.0270270270
8 3 1	0.1000000000
11 52 49	0.0253164557
14 13 20	0.1111111111
52 57 52	0.0363636364
50 9 22	0.1250000000
52 11 11	0.0769230769
52 53 56	0.0289855072
7 50 1	0.0714285714
54 14 47	0.0769230769
1 59 49	0.0405405405
1 49 52	0.0421052632
75 18 7	0.0588235294
49 46 6	0.0434782609
11 6 49	0.0299625468
49 6 3	0.0243902439
66 3 1	0.1750000000
78 6 3	0.0500000000
78 6 13	0.0419161677
6 49 52	0.0315789474
11 78	0.2857142857
1 53 3	0.0434782609
7 50 3	0.0625000000
13 20 47	0.0967741935
52 49 20	0.0890410959
47 8 52	0.0930232558
11 6 3	0.0512820513
46 17 49	0.0379746835
8 7 78	0.2857142857
11 32 57	0.1333333333
3 50 52	0.0714285714
52 3 3	0.0388349515
50 1 78	0.0769230769
13 52 49	0.0218446602
69 1 6	0.0088495575
7 47 11	0.1428571429
78 11 53	0.0555555556
47 6 6	0.0312500000
52 78 3	0.0468750000
7 13 52	0.0689655172
42 53 56	0.0454545455
59 57 78	0.2105263158
13 13 3	0.0329670330
78 1 3	0.0206185567
57 13 48	0.0555555556
3 6 59	0.1000000000
57 52	0.0588235294
57 32 42	0.1666666667
59 49 52	0.0347826087
4 6 54	0.1111111111
3 11 52	0.0212765957
13 10 7	0.0625000000
13 49 1	0.1243523316
11 1 49	0.0179640719
6 49 13	0.0346153846
3 13 1	0.1666666667
47 59	0.1000000000
78 1 13	0.0335195531
47 7	0.0909090909
3 52 3	0.0234741784
50 24 48	0.1250000000
14 3 78	0.1250000000
3 1 3	0.0212765957
13 3 47	0.0404040404
66 3	0.0322580645
14 49 59	0.0851063830
52 53 22	0.2000000000
52 8 1	0.0714285714
3 6 49	0.0232558140
78 52 52	0.0274725275
49 36 7	0.1111111111
59 52 49	0.0268656716
75 3 7	0.1250000000
11 49 6	0.0086206897
14 1 49	0.0267857143
42 49 7	0.1052631579
70 9 7	0.0909090909
54 49 19	0.1428571429
59 49 13	0.0352941176
57 49 18	0.0555555556
46 52 49	0.0506329114
47 78 54	0.0909090909
6 3 54	0.1034482759
6 59 48	0.1052631579
1 49 7	0.1111111111
11 13 48	0.0476190476
6 53 20	0.0821917808
78 13 3	0.0331125828
57 32 47	0.0714285714
6 29 3	0.0714285714
52 52 52	0.0369230769
57 60 78	0.1111111111
6 59 52	0.0182926829
6 4 53	0.0461538462
78 66 7	0.0675675676
52 57 7	0.0625000000
59 54	0.1250000000
3 47	0.0434782609
46 61 7	0.1041666667
2 6 57	0.1111111111
57 6 3	0.0584795322
78 52 1	0.0754716981
78 1 7	0.1052631579
3 73 6	0.0540540541
13 52 78	0.2702702703
13 6 78	0.1282051282
78 50 42	0.1666666667
78 1 78	0.1351351351
3 32 13	0.0370370370
47 52 1	0.0851063830
14 50 49	0.0555555556
52 59 49	0.0312500000
50 18 19	0.1875000000
13 52 11	0.1224489796
47 78 3	0.0232558140
11 53	0.0454545455
14 2 49	0.0338983051
6 3 78	0.2558139535
66 55 3	0.1111111111
47 70 7	0.0909090909
49 1	0.0833333333
6 48 3	0.0430107527
4 1 49	0.0326797386
4 57	0.1250000000
78 88 1	0.1428571429
50 52 49	0.0121951220
8 51 54	0.0625000000
13 32 3	0.0350877193
52 13 52	0.0312500000
6 61 20	0.1071428571
70 15 13	0.0344827586
7 14 52	0.0714285714
59 59	0.0555555556
11 52 13	0.0438596491
8 34 3	0.0909090909
66 5 20	0.1403508772
6 3 13	0.0291262136
13 6 7	0.1250000000
75 4 78	0.2000000000
52 1 49	0.0414507772
52 49 42	0.2857142857
53 19 47	0.0434782609
11 32 1	0.1739130435
78 11 7	0.1176470588
3 47 50	0.0131578947
52 14 52	0.0181818182
14 68 20	0.1428571429
57 6 13	0.0612244898
52 48 78	0.2142857143
11 6 78	0.0800000000
59 50 49	0.0327868852
65 20 1	0.1111111111
52 47 13	0.0344827586
50 54 1	0.1250000000
52 1 6	0.0327868852
6 4 54	0.1538461538
53 19 13	0.0285714286
52 3 78	0.2083333333
11 11 52	0.0163934426
52 61 3	0.0256410256
46 17 59	0.0454545455
6 50 54	0.0769230769
4 46 1	0.0666666667
53 56 6	0.0952380952
49 57 52	0.0952380952
47 11 59	0.0500000000
78 1 1	0.1538461538
78 6 59	0.0609756098
6 13 48	0.0652173913
78 78 53	0.0357142857
59 59 6	0.0204081633
69 1 13	0.0250000000
14 49 19	0.1818181818
6 59 59	0.0519480519
4 57 1	0.0588235294
59 50 52	0.0517241379
11 1 78	0.1200000000
47 53 49	0.0357142857
59 66 7	0.0740740741
6 54 1	0.1666666667
49 5 20	0.1134020619
6 57 78	0.1333333333
11 52 53	0.0181818182
6 24 52	0.0512820513
78 49 42	0.2857142857
47 6 42	0.2857142857
69 21 1	0.0909090909
11 2 3	0.0784313725
13 13 57	0.0800000000
46 6 59	0.1111111111
42 47 49	0.0163934426
42 47 7	0.0714285714
50 22 53	0.0357142857
3 6 3	0.0367892977
2 6 13	0.0869565217
6 53 49	0.0333333333
52 52 11	0.1666666667
78 60 11	0.0909090909
47 49 52	0.0277777778
6 49 56	0.0389610390
54 52 49	0.0158730159
49 20 13	0.0289855072
78 3 1	0.1052631579
50 9 19	0.0833333333
59 1 13	0.0324675325
59 6 78	0.1463414634
49 6 6	0.0519480519
47 68 3	0.1538461538
49 6 42	0.1666666667
57 13 11	0.0714285714
6 78 59	0.0312500000
57 6 59	0.1071428571
11 1 42	0.2857142857
13 60 49	0.0363636364
57 49 20	0.0833333333
3 47 53	0.0285714286
50 18 3	0.0322580645
57 6 7	0.0869565217
46 53 19	0.1666666667
54 59 59	0.0833333333
3 32 57	0.0833333333
78 3 3	0.0456852792
46 60 78	0.1250000000
14 57 47	0.0500000000
70 29 7	0.1428571429
78 2 7	0.1818181818
49 4 57	0.0526315789
47 78 52	0.0769230769
59 32 1	0.2222222222
52 13 1	0.1851851852
52 49 4	0.0357142857
4 8 49	0.0294117647
47 70 22	0.1000000000
1 54 7	0.0909090909
47 57 78	0.2105263158
8 32 57	0.1250000000
1 1 42	0.1666666667
6 13 20	0.1250000000
14 13 13	0.0363636364
57 6 4	0.0588235294
6 59 49	0.0241379310
11 11 78	0.1666666667
59 52 3	0.0378151261
4 6 49	0.0333333333
49 4 59	0.0555555556
8 6 47	0.0384615385
6 47 6	0.0276243094
13 78 3	0.0434782609
3 6 6	0.0170648464
4 27 49	0.0555555556
6 47 53	0.0348837209
6 6	0.0163934426
66 19 78	0.2000000000
59 68 52	0.1818181818
59 1 6	0.0166666667
75 3 48	0.1250000000
14 7 52	0.0322580645
59 3 50	0.0263157895
1 6 6	0.0188679245
13 47 57	0.1052631579
52 10 20	0.0555555556
49 6 13	0.0461538462
42 6 19	0.1428571429
2 52 49	0.0090909091
46 60 48	0.1250000000
3 20 7	0.1111111111
11 65 22	0.0869565217
13 49 42	0.5000000000
3 52 13	0.0388888889
6 1 13	0.0459770115
13 10 20	0.0612244898
59 57 42	0.2857142857
7 49 11	0.0833333333
4 78 52	0.1250000000
49 4 53	0.0377358491
53 20 0	0.0500000000
59 6 1	0.1515151515
11 10 7	0.0869565217
47 66 56	0.0117647059
8 14 6	0.0238095238
52 10 7	0.0666666667
52 3 1	0.0975609756
6 6 57	0.1470588235
11 13 1	0.1904761905
52 3 13	0.0386740331
49 52 1	0.1304347826
13 52 59	0.0666666667
59 49 49	0.0387596899
75 24 13	0.0666666667
1 49 54	0.1111111111
59 47 59	0.0588235294
14 6 3	0.0510948905
49 56 0	0.0555555556
78 52 13	0.0410958904
78 50 54	0.0588235294
11 52 59	0.0476190476
53 15 6	0.0566037736
57 47 78	0.1666666667
13 47 3	0.0215053763
10 7 47	0.1176470588
4 13 49	0.0092592593
59 53 20	0.1041666667
49 20 57	0.1081081081
42 6 53	0.0400000000
66 3 3	0.0482456140
50 24 1	0.1111111111
3 59 11	0.1190476190
3 13 52	0.0322580645
1 54 48	0.1250000000
50 18 52	0.0266666667
57 46 52	0.0454545455
66 5 59	0.1071428571
52 53 48	0.1000000000
70 20 54	0.1250000000
13 3 1	0.1578947368
47 3 59	0.0446428571
78 53 52	0.0697674419
4 3 20	0.0909090909
3 65 20	0.1333333333
52 48 7	0.0588235294
47 65 20	0.1578947368
78 8 47	0.0833333333
7 57 42	0.1666666667
78 49 59	0.0533333333
14 57 57	0.0714285714
49 52 48	0.0434782609
3 59 47	0.0609756098
59 14 3	0.0181818182
47 49 20	0.0752688172
13 3 52	0.0478723404
75 18 11	0.0909090909
6 61 22	0.1428571429
52 47 11	0.0454545455
13 3 54	0.0416666667
52 14 6	0.0185185185
1 66 19	0.1428571429
3 11 78	0.1666666667
52 50 3	0.0555555556
53 19 57	0.0769230769
6 53 19	0.2173913043
50 52 1	0.1200000000
11 6 59	0.1038961039
6 1 3	0.0198019802
6 3 3	0.0417827298
3 78 6	0.0277777778
78 57 52	0.0506329114
59 47 52	0.0384615385
3 3 3	0.0432098765
68 20 78	0.1111111111
52 52 53	0.0256410256
11 4 1	0.0952380952
59 61 7	0.0731707317
11 11 42	0.2857142857
6 47 0	0.0731707317
49 59 3	0.0270270270
10 15 49	0.0882352941
50 1 48	0.1250000000
6 3 50	0.0072463768
42 13 13	0.0606060606
52 13 20	0.0714285714
6 1 49	0.0074074074
47 59 49	0.0468750000
3 47 3	0.0183486239
11 66 7	0.0869565217
3 59 6	0.0206896552
66 56 6	0.0322580645
78 13 42	0.3750000000
53 20 52	0.0746268657
3 6 54	0.0454545455
52 8 47	0.0555555556
13 48 6	0.0166666667
3 3 78	0.1428571429
50 22 52	0.0625000000
70 3 59	0.0425531915
78 57 49	0.0140845070
6 48 42	0.1666666667
4 52 78	0.1666666667
53 3 1	0.1071428571
3 1 1	0.1739130435
57 50 78	0.1666666667
70 3 54	0.1666666667
52 48 52	0.0483870968
11 66 22	0.1538461538
4 59	0.1111111111
75 52 52	0.0555555556
8 52 42	0.1666666667
3 61 3	0.0909090909
8 14 47	0.0769230769
49 7 47	0.0344827586
50 18 78	0.1428571429
6 47 50	0.0202020202
1 50 3	0.0606060606
11 3 3	0.0555555556
3 20 59	0.1000000000
4 6 78	0.1764705882
47 8 78	0.2857142857
49 18 3	0.0389610390
57 52 78	0.2352941176
11 6 1	0.1320754717
78 52 49	0.0316205534
59 52 11	0.1333333333
3 57 57	0.1111111111
57 13 7	0.0833333333
11 54 47	0.0714285714
6 6 19	0.2222222222
47 78 11	0.1666666667
66 51 7	0.0571428571
78 3 59	0.0482758621
57 53 3	0.0535714286
10 7 78	0.2222222222
50 80 54	0.0789473684
13 47 50	0.0281690141
13 13 13	0.0422535211
78 1 49	0.0250000000
13 53 21	0.1111111111
49 6 78	0.0666666667
3 32 59	0.0666666667
78 52 50	0.0235294118
7 13 11	0.0909090909
54 54 1	0.1666666667
52 49 1	0.1369863014
14 57 7	0.0833333333
59 47 49	0.0076335878
52 60 13	0.0250000000
66 56 0	0.0638297872
3 20 48	0.1250000000
59 6 6	0.0246478873
52 49 11	0.0689655172
11 8 49	0.0212765957
6 3 59	0.0561403509
14 6 1	0.1562500000
46 1 3	0.0408163265
3 1 49	0.0181818182
78 6 49	0.0299003322
3 52 50	0.0380952381
6 4 1	0.0847457627
57 52 11	0.0588235294
3 0 7	0.0588235294
54 2 1	0.0833333333
49 4 47	0.0833333333
70 5 3	0.0500000000
6 14 54	0.0909090909
42 11 13	0.0666666667
78 13 20	0.0833333333
52 52 57	0.0476190476
11 47 78	0.2000000000
42 1 59	0.0833333333
52 32 49	0.0114942529
6 59 11	0.0810810811
4 1 1	0.1000000000
78 10 7	0.0540540541
6 3 1	0.1515151515
1 6 49	0.0194805195
59 2 49	0.0260869565
68 19 42	0.1666666667
14 14 6	0.0238095238
78 6 7	0.0666666667
13 20 48	0.1818181818
7 47 47	0.0833333333
14 66 19	0.1666666667
7 49 52	0.0294117647
42 46 6	0.0526315789
78 49 57	0.0555555556
13 52 13	0.0290456432
50 23 3	0.0508474576
1 32 1	0.1666666667
1 57 49	0.0131578947
3 57 7	0.1333333333
42 66 19	0.1000000000
54 70 18	0.0555555556
3 50 78	0.1666666667
78 7 11	0.1250000000
8 60 78	0.1111111111
59 6 48	0.0566037736
46 61 22	0.2222222222
66 55 19	0.1428571429
14 57 42	0.2857142857
1 13 57	0.0909090909
3 1 42	0.2857142857
6 66 56	0.0491803279
66 7 11	0.1111111111
13 48 3	0.0362318841
1 49 4	0.0434782609
3 57 78	0.1666666667
59 47 54	0.0833333333
57 60 42	0.1666666667
66 15 13	0.0322580645
1 8 53	0.0714285714
6 49 59	0.0655737705
6 24 59	0.0588235294
13 3 7	0.0512820513
52 2 49	0.0388349515
3 32 49	0.0465116279
59 53 19	0.2500000000
47 3 3	0.0507246377
47 49 42	0.2857142857
78 8 52	0.1020408163
49 20 11	0.0625000000
78 3 52	0.0470588235
10 20 1	0.1428571429
70 3 3	0.0434782609
78 52 78	0.1739130435
10 51 20	0.0400000000
6 32 3	0.0322580645
59 59 49	0.0411764706
47 11 3	0.0322580645
8 13 13	0.0666666667
65 22 11	0.1000000000
52 13 3	0.0317460317
46 56 3	0.0769230769
13 46 6	0.0434782609
78 49 47	0.0428571429
52 52 3	0.0347003155
3 60 11	0.0909090909
3 13 48	0.0625000000
78 6 11	0.1111111111
59 78 11	0.1666666667
4 11 53	0.0588235294
78 50 1	0.0857142857
78 54 7	0.0909090909
49 5 7	0.0769230769
50 1 13	0.0243902439
11 6 48	0.0566037736
13 3 3	0.0276497696
3 3 54	0.0666666667
13 49 11	0.1066666667
13 13 48	0.0487804878
3 66 22	0.0909090909
49 20 1	0.1203703704
6 50 1	0.0714285714
11 47 52	0.0615384615
52 49 13	0.0386473430
49 65 22	0.1428571429
1 2 7	0.1250000000
13 47 11	0.2105263158
52 49 49	0.0381944444
11 11 11	0.0526315789
14 32 1	0.1428571429
66 7 78	0.2222222222
7 50 53	0.0625000000
59 78 3	0.0447761194
53 3 3	0.0319148936
49 13 49	0.0157894737
52 60 11	0.1250000000
49 48 11	0.0909090909
11 66 49	0.0526315789
1 49 1	0.1111111111
42 3 3	0.0312500000
49 18 53	0.0434782609
46 14 0	0.0909090909
8 4 78	0.2857142857
3 20 11	0.1111111111
11 6 7	0.1034482759
70 52 54	0.1111111111
52 48 6	0.0125000000
8 65 20	0.0909090909
14 47 0	0.0434782609
52 53 19	0.2500000000
1 7 3	0.0769230769
3 53 52	0.0740740741
13 49 57	0.0921052632
11 6 57	0.1428571429
57 70 7	0.1176470588
42 57 54	0.0909090909
70 4 78	0.1666666667
59 65 52	0.1250000000
75 24 1	0.1111111111
13 3 78	0.2727272727
50 18 56	0.0303030303
53 3 52	0.0470588235
50 24 59	0.1111111111
2 13 3	0.0769230769
13 0 21	0.1538461538
78 49 22	0.0909090909
47 53 20	0.0689655172
78 59 52	0.0250000000
14 54 48	0.1818181818
54 49 52	0.0344827586
1 54 59	0.0769230769
68 19 78	0.2000000000
50 1 49	0.0166666667
59 3 52	0.0509554140
3 6 11	0.0909090909
1 49 48	0.0270270270
47 66 7	0.0740740741
6 78 49	0.0329670330
11 6 13	0.0592105263
11 7 6	0.0153846154
47 52 49	0.0263157895
2 52 78	0.1428571429
1 52 49	0.0579710145
8 49 59	0.0645161290
52 49 59	0.0941176471
13 52 52	0.0357142857
70 3 13	0.0283018868
6 54 48	0.1250000000
47 50 3	0.0555555556
3 60 49	0.0512820513
3 68 3	0.1538461538
47 49 6	0.0112359551
6 18 3	0.0389610390
49 24 47	0.0454545455
11 3 13	0.0327868852
53 3 48	0.0714285714
1 1 48	0.0909090909
4 53 52	0.1250000000
49 6 48	0.0500000000
54 11 47	0.0526315789
69 4 13	0.0487804878
50 52 47	0.0400000000
57 6 49	0.0395480226
6 18 11	0.1111111111
13 10 21	0.1111111111
13 49 59	0.0704845815
78 78 52	0.0769230769
14 6 6	0.0220588235
78 11 1	0.1111111111
3 2 13	0.0465116279
47 52 47	0.0273972603
49 52 54	0.0857142857
49 9 19	0.1250000000
47 49 47	0.0377358491
66 59 11	0.0909090909
6 59 78	0.1944444444
57 53 56	0.0697674419
6 59 53	0.0119047619
47 53 19	0.2142857143
10 7 11	0.1111111111
53 20 78	0.3750000000
4 11 3	0.0500000000
1 49 53	0.0303030303
70 2 3	0.1000000000
6 47 47	0.0961538462
11 54 57	0.1052631579
6 49 7	0.0689655172
3 68 52	0.1818181818
11 49 56	0.0370370370
59 61 20	0.1428571429
3 14 13	0.0869565217
47 4 78	0.1666666667
49 32 49	0.0571428571
78 53 20	0.0731707317
52 0 78	0.1250000000
50 29 53	0.0500000000
59 52 53	0.0283018868
57 6 0	0.0588235294
69 21 59	0.0500000000
42 53 13	0.0666666667
59 60 1	0.1666666667
13 61 20	0.0652173913
6 53 3	0.0560747664
52 59 1	0.1481481481
54 4 1	0.0666666667
42 7 47	0.1000000000
52 49 22	0.1538461538
47 57 7	0.1000000000
59 49 7	0.0733944954
52 68 19	0.0769230769
52 11 47	0.0800000000
66 5 49	0.0322580645
7 13 49	0.0394736842
49 78 52	0.0810810811
3 10 3	0.0740740741
6 49 48	0.0517241379
52 47 52	0.0181818182
14 6 49	0.0294117647
14 1 52	0.0140845070
50 29 78	0.1666666667
11 8 47	0.0384615385
52 48 47	0.0750000000
6 13 1	0.1489361702
57 54 48	0.1250000000
6 50 52	0.0588235294
10 7 3	0.0285714286
13 49 21	0.1538461538
78 57 78	0.2500000000
46 1 54	0.0909090909
66 3 53	0.0107526882
49 20 59	0.0784313725
78 70 22	0.1000000000
13 48 1	0.1290322581
49 20 42	0.2857142857
59 2 52	0.0219780220
3 6 57	0.1212121212
7 52 11	0.0909090909
11 14 6	0.0212765957
78 6 54	0.0526315789
52 8 52	0.0833333333
59 47 6	0.0074626866
78 59 48	0.0588235294
8 6 13	0.0588235294
78 7 52	0.0454545455
3 32 1	0.1875000000
59 32 42	0.3750000000
7 11 47	0.0714285714
49 56 1	0.1000000000
49 13 13	0.0361445783
78 59 6	0.0140845070
1 3 13	0.0422535211
54 59 3	0.0769230769
49 1 49	0.0306122449
47 8 11	0.2666666667
70 18 22	0.1428571429
47 6 59	0.0724637681
78 1 42	0.3750000000
13 48 59	0.0322580645
11 46 52	0.0400000000
70 5 56	0.1052631579
3 47 0	0.0571428571
47 52 3	0.0389610390
50 54 11	0.1250000000
6 13 3	0.0303030303
54 32 47	0.1000000000
7 68 3	0.1111111111
78 13 49	0.0275862069
59 57 57	0.0833333333
66 22 11	0.1000000000
11 60 78	0.1538461538
6 7 78	0.2857142857
3 59 3	0.0382653061
47 57 1	0.1538461538
47 49 57	0.0666666667
7 2 13	0.0555555556
14 7 54	0.0909090909
52 60 52	0.0612244898
46 52 47	0.0344827586
46 17 20	0.1176470588
3 20 78	0.1250000000
13 53 19	0.2105263158
3 59 52	0.0477815700
49 4 78	0.3000000000
54 54 57	0.0833333333
1 54 47	0.0588235294
13 2 13	0.0555555556
59 1 57	0.0476190476
3 11 47	0.0714285714
42 11 47	0.1000000000
6 13 7	0.1250000000
78 53 11	0.1176470588
54 3 59	0.0571428571
14 52 49	0.0294117647
8 4 6	0.0238095238
13 52 1	0.1130434783
2 3 1	0.1250000000
47 47 52	0.0476190476
6 49 49	0.0306122449
78 47 42	0.2857142857
78 13 1	0.1923076923
78 50 11	0.1875000000
52 2 13	0.0212765957
11 13 13	0.0250000000
3 50 1	0.1052631579
11 54 59	0.0909090909
52 52 78	0.2571428571
6 3 11	0.1272727273
3 52 47	0.0412371134
47 65 7	0.0588235294
42 65 20	0.1111111111
75 18 3	0.0406504065
11 13 49	0.0387096774
52 1 11	0.0526315789
70 29 3	0.0714285714
78 1 52	0.0211267606
4 52 3	0.0581395349
59 3 6	0.0123456790
66 56 47	0.1000000000
11 59 78	0.1111111111
1 49 6	0.0161290323
42 11 7	0.1250000000
7 49 59	0.0333333333
70 7 78	0.1333333333
54 2 52	0.0263157895
11 60 49	0.0238095238
69 1 3	0.0327868852
66 56 1	0.1428571429
47 59 3	0.0377358491
54 54 42	0.1666666667
78 49 78	0.0967741935
70 9 22	0.1428571429
11 49 49	0.0348258706
6 14 49	0.0204081633
8 47 6	0.0333333333
52 2 3	0.1052631579
59 49 47	0.0476190476
78 47 11	0.0833333333
57 49 49	0.0377358491
49 52 42	0.3750000000
11 53 1	0.1500000000
59 6 42	0.4444444444
78 49 20	0.0654205607
6 61 7	0.0700000000
8 13 48	0.0833333333
50 22 1	0.0833333333
6 8 3	0.0285714286
78 53 57	0.0714285714
47 3 52	0.0483870968
66 5 7	0.0724637681
49 20 3	0.0050251256
50 23 11	0.1538461538
66 3 6	0.0099502488
6 47 57	0.0869565217
57 68 3	0.1111111111
59 52 0	0.1000000000
59 49 56	0.0519480519
57 66 7	0.0975609756
57 13 49	0.0377358491
52 13 49	0.0255813953
47 11 47	0.0967741935
57 66 21	0.1538461538
11 32 47	0.0869565217
11 2 7	0.1818181818
49 48 49	0.0204081633
3 53 21	0.1538461538
65 22 78	0.2000000000
47 47 54	0.1111111111
46 1 1	0.1111111111
54 49 49	0.0384615385
3 6 1	0.1204819277
11 13 57	0.0714285714
52 11 54	0.1250000000
14 53 56	0.0612244898
6 4 7	0.0454545455
42 6 1	0.0526315789
49 53 22	0.0909090909
59 32 59	0.0270270270
57 6 48	0.0454545455
14 3 59	0.0447761194
13 48 78	0.1666666667
75 30 52	0.1250000000
3 3 13	0.0303030303
14 1 1	0.1428571429
78 78 11	0.1666666667
6 65 20	0.1428571429
46 61 3	0.0666666667
78 78 3	0.0232558140
57 7 3	0.0270270270
13 63 1	0.0361445783
1 13 78	0.0666666667
66 56 3	0.0188679245
75 18 20	0.1111111111
78 53 48	0.1111111111
3 2 49	0.0280373832
47 11 1	0.1034482759
42 3 13	0.0416666667
1 32 13	0.0156250000
1 88 78	0.1111111111
14 13 7	0.1111111111
3 32 6	0.0338983051
53 20 47	0.0810810811
52 53 47	0.0370370370
59 7 0	0.0869565217
54 59 78	0.1111111111
4 3 59	0.0576923077
59 59 3	0.0325203252
3 63 6	0.0454545455
11 59 52	0.0250000000
54 14 53	0.0500000000
14 11 59	0.0769230769
78 49 52	0.0410256410
50 29 47	0.0434782609
54 47 0	0.0588235294
11 52 52	0.0097087379
6 53 56	0.0568181818
47 11 7	0.0714285714
10 7 0	0.0909090909
57 1 3	0.0215053763
78 2 3	0.0909090909
7 47 3	0.0476190476
3 3 11	0.1250000000
3 13 47	0.0447761194
3 5 59	0.0759493671
6 11 11	0.0588235294
49 49 7	0.0400000000
59 65 7	0.0588235294
6 78 6	0.0270270270
59 2 13	0.0370370370
42 47 57	0.0769230769
14 14 47	0.0769230769
13 13 20	0.1538461538
1 59 57	0.1111111111
75 4 52	0.0370370370
53 56 13	0.0344827586
13 14 49	0.0487804878
47 57 42	0.2857142857
14 11 1	0.1111111111
3 60 1	0.1666666667
1 4 1	0.0666666667
1 60 42	0.1666666667
11 70 7	0.1176470588
14 68 19	0.0833333333
6 6 18	0.0256410256
57 52 13	0.0340909091
52 32 48	0.1250000000
3 52 59	0.0759493671
42 13 3	0.0263157895
11 32 48	0.1818181818
53 3 78	0.1666666667
13 14 13	0.0666666667
7 1 7	0.1000000000
78 1 53	0.0144927536
11 7 1	0.1034482759
59 10 3	0.0217391304
49 56 11	0.1250000000
6 13 49	0.0356294537
49 75 18	0.0384615385
50 52 11	0.1333333333
53 51 22	0.1428571429
59 54 1	0.1052631579
4 1 6	0.0410958904
49 70 18	0.0256410256
49 51 20	0.0416666667
50 54 52	0.0666666667
59 49 53	0.0133333333
3 59 53	0.0287769784
78 13 13	0.0225563910
78 11 78	0.2500000000
46 50 19	0.1428571429
13 73 50	0.1666666667
78 57 57	0.0740740741
14 11 48	0.1818181818
4 6 13	0.0131578947
3 11 48	0.1250000000
57 54 1	0.1666666667
47 3 78	0.1052631579
52 54 47	0.0588235294
11 52 1	0.0857142857
57 49 19	0.2142857143
13 61 7	0.0789473684
8 32 48	0.1250000000
49 59 1	0.1052631579
47 47 3	0.0125000000
8 9 20	0.1428571429
47 3 13	0.0416666667
50 19 47	0.0666666667
49 52 3	0.0308370044
66 59 1	0.0909090909
6 49 21	0.1764705882
52 2 52	0.0329670330
2 52 52	0.0337078652
2 6 7	0.1111111111
6 46 1	0.0500000000
59 77 6	0.0800000000
8 14 3	0.0555555556
52 49 57	0.1250000000
6 10 3	0.0545454545
11 47 42	0.1666666667
42 49 49	0.0266666667
11 7 78	0.2857142857
52 49 47	0.0679611650
42 6 3	0.0714285714
3 47 11	0.1333333333
57 70 22	0.2000000000
7 57 7	0.1111111111
52 53 21	0.1538461538
57 1 13	0.0379746835
11 1 3	0.0220588235
4 70 18	0.0256410256
3 11 11	0.0714285714
8 49 49	0.0384615385
4 1 42	0.1666666667
57 49 59	0.0535714286
3 2 47	0.0555555556
3 50 11	0.2307692308
14 52 13	0.0416666667
11 50 47	0.0454545455
78 57 7	0.0833333333
6 1 78	0.0625000000
11 11 3	0.0123456790
52 48 1	0.1250000000
3 52 78	0.1515151515
8 46 52	0.0454545455
57 53 20	0.0588235294
49 53 56	0.0476190476
52 57 54	0.0833333333
59 11 52	0.0357142857
1 32 57	0.0588235294
53 19 78	0.1250000000
7 49 20	0.0476190476
14 32 48	0.1818181818
47 4 7	0.0769230769
11 49 1	0.1666666667
14 32 7	0.1666666667
57 2 13	0.0588235294
6 54 13	0.0250000000
47 4 6	0.0303030303
47 23 52	0.0769230769
8 59 78	0.1111111111
47 23 49	0.0273972603
54 2 59	0.0769230769
10 7 1	0.0588235294
49 57 78	0.1666666667
42 1 49	0.0238095238
8 2 52	0.0263157895
66 5 19	0.1875000000
1 49 49	0.0256410256
53 20 54	0.1764705882
11 53 78	0.1111111111
59 7 6	0.0338983051
46 52 0	0.0909090909
52 32 52	0.0363636364
42 32 53	0.0500000000
11 6 19	0.2222222222
6 66 7	0.0975609756
52 0 52	0.0588235294
53 20 11	0.2307692308
52 47 59	0.0810810811
59 52 59	0.0909090909
78 6 57	0.0833333333
52 52 47	0.0530303030
3 6 78	0.1176470588
59 1 78	0.1250000000
4 49 56	0.0454545455
6 13 57	0.1071428571
6 13 42	0.2857142857
59 49 18	0.0348837209
49 6 7	0.0833333333
3 57 42	0.2857142857
70 19 1	0.1250000000
8 4 52	0.0555555556
6 65 22	0.1052631579
59 49 6	0.0129032258
57 49 13	0.0312500000
59 32 52	0.0322580645
57 6 1	0.1025641026
42 6 49	0.0312500000
59 50 3	0.0555555556
59 8 52	0.0930232558
57 6 11	0.0769230769
6 6 47	0.0526315789
57 7 6	0.0185185185
69 31 7	0.1111111111
47 13 3	0.0338983051
52 7 1	0.0357142857
13 13 42	0.1666666667
75 18 19	0.1666666667
59 8 11	0.2666666667
4 52 59	0.0555555556
47 49 18	0.0384615385
78 6 42	0.2857142857
59 8 53	0.0606060606
47 49 1	0.1904761905
66 3 52	0.0328638498
59 3 59	0.0479041916
66 19 42	0.1666666667
52 13 13	0.0230414747
14 4 3	0.0370370370
70 7 13	0.0307692308
52 0 48	0.1250000000
70 29 19	0.1250000000
6 24 47	0.0454545455
1 52 13	0.0652173913
59 32 7	0.0909090909
54 6 1	0.1111111111
49 51 7	0.0740740741
49 4 7	0.0526315789
57 8 42	0.1666666667
6 49 0	0.0784313725
53 5 7	0.1250000000
8 11 13	0.0256410256
8 8 42	0.1666666667
57 50 52	0.0588235294
4 6 3	0.0588235294
47 2 59	0.1600000000
52 0 1	0.0833333333
6 6 48	0.0675675676
13 46 1	0.0666666667
3 32 47	0.0588235294
54 7 78	0.2857142857
6 59 1	0.1818181818
49 52 78	0.2903225806
14 52 59	0.0384615385
47 66 21	0.1111111111
52 49 48	0.0408163265
2 52 0	0.0714285714
66 56 7	0.1111111111
6 57 48	0.1250000000
6 2 3	0.0555555556
70 19 78	0.1250000000
46 53 13	0.0666666667
14 2 3	0.0810810811
47 8 47	0.0645161290
4 49 20	0.0740740741
11 68 3	0.1538461538
69 4 6	0.0317460317
3 47 57	0.0555555556
6 49 11	0.0555555556
3 20 47	0.1333333333
2 13 49	0.0204081633
7 1 13	0.0217391304
78 47 53	0.0129870130
70 19 59	0.0625000000
66 19 52	0.0416666667
59 47 47	0.0576923077
13 20 7	0.1250000000
68 20 42	0.1666666667
13 48 54	0.1333333333
3 47 54	0.1666666667
46 60 13	0.0416666667
14 49 56	0.0232558140
8 47 0	0.0588235294
7 6 1	0.0769230769
53 51 20	0.0877192982
78 52 47	0.0365853659
6 32 52	0.0142857143
52 13 42	0.4444444444
78 8 53	0.0769230769
66 63 0	0.0487804878
4 6 59	0.0645161290
52 53 3	0.0305343511
52 78 52	0.0681818182
6 13 13	0.0429447853
57 13 52	0.0363636364
75 4 0	0.0909090909
13 51 20	0.1428571429
14 54 47	0.0714285714
1 32 3	0.0178571429
52 61 19	0.1666666667
78 49 18	0.0384615385
49 2 3	0.0465116279
47 32 1	0.2222222222
14 2 47	0.0714285714
78 65 7	0.0612244898
1 32 42	0.2857142857
13 49 47	0.0538720539
6 53 22	0.2222222222
13 52 53	0.0129870130
66 22 42	0.1666666667
11 6 6	0.0179372197
4 13 52	0.0370370370
57 54 57	0.0833333333
3 5 49	0.0566037736
69 1 42	0.1666666667
49 20 6	0.0094786730
47 11 11	0.1176470588
66 56 78	0.0769230769
13 5 49	0.0352941176
52 53 13	0.0285714286
42 53 22	0.1428571429
4 6 53	0.0263157895
13 60 47	0.0500000000
75 18 54	0.1250000000
57 3 59	0.0476190476
78 47 49	0.0075757576
2 52 13	0.0303030303
4 78 3	0.0434782609
3 53 20	0.1111111111
49 70 23	0.1111111111
11 1 1	0.1538461538
66 59 42	0.1666666667
47 13 11	0.0500000000
14 57 48	0.1250000000
70 18 20	0.0344827586
6 6 11	0.0666666667
59 3 20	0.0588235294
6 48 6	0.0128205128
49 7 11	0.1666666667
4 52 13	0.0158730159
59 4 6	0.0333333333
2 6 59	0.0666666667
7 8 47	0.0555555556
46 1 49	0.0285714286
70 19 7	0.0714285714
11 47 11	0.0909090909
11 60 1	0.2142857143
47 11 52	0.0408163265
78 8 78	0.3750000000
3 11 3	0.0181818182
13 52 47	0.0229007634
57 7 78	0.2857142857
78 6 53	0.0117647059
69 1 78	0.1111111111
57 3 52	0.0425531915
3 59 59	0.0526315789
6 14 78	0.1111111111
54 13 47	0.0588235294
75 3 47	0.0555555556
65 22 1	0.1176470588
3 6 7	0.1000000000
47 68 19	0.1428571429
52 13 6	0.0179640719
49 48 78	0.1666666667
59 60 42	0.1666666667
6 3 42	0.3750000000
78 49 7	0.0795454545
42 11 48	0.1250000000
47 8 3	0.0487804878
78 78 78	0.1666666667
14 11 7	0.1428571429
4 3 1	0.0909090909
1 2 3	0.0714285714
59 47 13	0.0235294118
46 1 11	0.1538461538
8 68 20	0.1250000000
7 49 78	0.0833333333
78 68 19	0.1666666667
1 2 49	0.0222222222
59 53 3	0.0341880342
59 46 1	0.0526315789
69 1 49	0.0214285714
3 2 52	0.0256410256
78 49 49	0.0333333333
11 49 78	0.0833333333
47 60 49	0.0333333333
47 78 1	0.0500000000
4 6 47	0.0606060606
78 54 13	0.0312500000
42 6 78	0.1250000000
57 13 3	0.0149253731
6 48 78	0.1250000000
11 6 11	0.0476190476
14 65 20	0.0909090909
52 3 59	0.0555555556
3 3 42	0.1666666667
52 52 0	0.0937500000
65 20 42	0.1666666667
14 54 42	0.1666666667
70 20 52	0.0800000000
3 78 49	0.0136986301
14 6 59	0.1063829787
54 49 20	0.1304347826
53 20 1	0.0232558140
59 52 1	0.0933333333
53 2 3	0.1333333333
3 13 20	0.1500000000
3 52 1	0.0857142857
6 13 54	0.0625000000
8 66 22	0.1428571429
52 60 49	0.0289855072
49 18 11	0.1111111111
54 53 3	0.1000000000
1 1 52	0.0166666667
57 49 42	0.1666666667
57 53 1	0.1666666667
3 59 78	0.1692307692
54 2 13	0.0476190476
13 6 49	0.0225080386
6 49 57	0.0810810811
49 5 19	0.2000000000
2 49 52	0.0175438596
2 49 7	0.1034482759
46 52 59	0.0454545455
52 32 47	0.0294117647
46 3 59	0.0434782609
11 8 3	0.0285714286
6 18 54	0.1250000000
7 49 1	0.1666666667
7 57 57	0.1000000000
59 57 48	0.1666666667
14 6 7	0.1176470588
69 4 47	0.0952380952
11 32 7	0.1538461538
13 49 4	0.0147058824
14 13 49	0.0357142857
14 57 78	0.1875000000
59 59 52	0.0181818182
57 8 47	0.0416666667
52 66 56	0.0246913580
59 65 20	0.1578947368
7 1 42	0.1666666667
49 1 1	0.1000000000
49 24 11	0.0769230769
13 13 11	0.1200000000
66 3 57	0.0344827586
8 59 59	0.0833333333
78 48 78	0.1666666667
42 32 1	0.1333333333
11 54 1	0.1562500000
14 54 1	0.1562500000
54 6 4	0.0625000000
52 68 20	0.1764705882
7 7 6	0.0434782609
69 31 56	0.0370370370
50 29 7	0.1200000000
14 6 47	0.0444444444
49 7 1	0.0571428571
11 8 78	0.2000000000
54 6 3	0.0675675676
57 47 0	0.0500000000
3 3 59	0.0476190476
14 10 7	0.0588235294
66 7 54	0.1250000000
75 36 3	0.0400000000
78 7 47	0.0476190476
13 52 3	0.0227272727
70 15 52	0.0400000000
4 3 3	0.0493827160
54 47 6	0.0333333333
52 1 13	0.0367647059
53 5 3	0.0555555556
11 47 6	0.0136986301
14 54 13	0.0298507463
57 57 59	0.0526315789
78 11 47	0.1111111111
11 49 59	0.0694444444
7 68 52	0.1250000000
47 52 78	0.2000000000
3 2 3	0.0784313725
10 3 59	0.0833333333
3 50 53	0.0476190476
13 48 13	0.0413223140
7 3 52	0.0645161290
53 51 3	0.0684931507
59 65 22	0.1363636364
11 70 22	0.1818181818
50 7 57	0.1250000000
2 49 13	0.0344827586
14 50 1	0.1000000000
52 32 42	0.2857142857
78 59 59	0.0750000000
7 52 3	0.0222222222
7 13 42	0.1666666667
50 18 6	0.0101010101
59 52 52	0.0282258065
52 47 23	0.0344827586
11 52 78	0.2105263158
1 3 3	0.0319148936
3 59 54	0.1600000000
13 32 13	0.0434782609
52 52 13	0.0295358650
78 53 1	0.1481481481
11 68 52	0.1818181818
78 57 59	0.0571428571
1 68 7	0.0833333333
1 13 13	0.0344827586
14 70 18	0.0555555556
13 49 18	0.0273972603
2 59 57	0.0833333333
42 59 49	0.0333333333
42 32 47	0.0625000000
11 53 56	0.0606060606
47 60 11	0.0909090909
70 18 19	0.1250000000
8 70 22	0.1428571429
14 1 13	0.0365853659
78 13 78	0.1200000000
49 24 13	0.0294117647
59 47 78	0.2000000000
13 48 47	0.0588235294
59 53 49	0.0357142857
6 8 1	0.1250000000
52 65 7	0.0500000000
13 49 48	0.0909090909
13 52 48	0.0322580645
49 78 47	0.0689655172
78 65 20	0.1739130435
59 11 1	0.1034482759
50 29 19	0.1250000000
3 20 1	0.0625000000
11 66 3	0.0265486726
1 6 59	0.0512820513
59 47 48	0.1666666667
42 59 6	0.0263157895
13 11 13	0.0555555556
11 7 54	0.0909090909
47 54 47	0.0588235294
66 51 56	0.0681818182
14 54 78	0.2000000000
47 49 48	0.0166666667
6 14 0	0.0714285714
4 10 20	0.0476190476
49 78 53	0.0370370370
49 52 0	0.0869565217
52 3 47	0.0219780220
78 57 54	0.1052631579
52 48 3	0.0246913580
47 48 11	0.0909090909
52 60 1	0.1363636364
59 49 22	0.1538461538
66 5 56	0.0588235294
13 52 57	0.0243902439
7 6 59	0.0857142857
49 61 7	0.0857142857
75 3 3	0.0270270270
7 65 20	0.1333333333
7 49 13	0.0200000000
11 49 19	0.2222222222
57 32 59	0.0714285714
49 5 3	0.0320000000
47 49 49	0.0352941176
49 24 57	0.0909090909
6 48 49	0.0211267606
66 3 11	0.0666666667
59 47 57	0.0800000000
3 11 53	0.0400000000
46 66 7	0.0344827586
50 23 78	0.1333333333
14 2 13	0.0333333333
49 11 78	0.2857142857
69 21 52	0.0555555556
52 46 6	0.0540540541
52 32 7	0.1000000000
59 57 59	0.0833333333
49 1 13	0.0434782609
54 2 49	0.0312500000
49 49 1	0.1000000000
4 1 52	0.0224719101
59 49 21	0.1111111111
1 57 78	0.2307692308
78 13 11	0.0434782609
11 54 13	0.0298507463
70 52 42	0.1666666667
52 1 78	0.1111111111
52 78 11	0.1666666667
59 11 59	0.0800000000
59 53 78	0.1111111111
6 47 13	0.0333333333
52 53 11	0.0769230769
14 65 52	0.1250000000
47 47 78	0.2727272727
50 9 3	0.0526315789
13 48 42	0.1666666667
6 49 78	0.0930232558
11 6 0	0.0588235294
42 57 52	0.1250000000
6 32 1	0.1428571429
59 6 57	0.0967741935
4 52 52	0.0421052632
42 47 52	0.0238095238
42 1 3	0.0285714286
4 49 19	0.1111111111
3 52 54	0.0689655172
49 29 7	0.1428571429
49 49 56	0.0344827586
57 54 78	0.1666666667
57 7 1	0.1034482759
59 11 78	0.2857142857
50 1 57	0.0909090909
47 50 49	0.0327868852
11 11 48	0.1818181818
42 49 78	0.0909090909
2 49 59	0.0800000000
42 52 47	0.0714285714
13 13 49	0.0265957447
70 15 49	0.0500000000
8 11 1	0.1176470588
14 49 52	0.0206185567
52 57 13	0.0156250000
78 6 48	0.0425531915
6 57 42	0.2857142857
13 61 56	0.0615384615
78 66 22	0.1176470588
14 4 52	0.0400000000
59 11 3	0.0289855072
59 48 52	0.0454545455
3 0 56	0.0370370370
1 53 52	0.0357142857
6 49 42	0.3750000000
7 3 3	0.0625000000
3 51 49	0.0677966102
49 52 13	0.0217391304
78 11 42	0.1666666667
6 59 54	0.0555555556
57 53 11	0.0909090909
66 56 48	0.0666666667
8 11 48	0.1250000000
54 4 53	0.0588235294
52 13 47	0.0181818182
59 50 11	0.1875000000
78 54 47	0.0588235294
47 46 6	0.0540540541
52 3 52	0.0340909091
1 3 59	0.0428571429
70 52 1	0.1071428571
1 2 59	0.1176470588
4 3 11	0.0833333333
1 57 57	0.0625000000
11 14 52	0.0645161290
50 3 13	0.0350877193
6 61 3	0.0468750000
4 53 3	0.0714285714
3 47 6	0.0236220472
42 13 49	0.0298507463
78 49 1	0.1600000000
59 3 54	0.1333333333
78 3 54	0.0833333333
47 53 3	0.0352941176
53 51 56	0.0256410256
57 4 3	0.0500000000
57 52 49	0.0168067227
6 6 4	0.0500000000
13 20 52	0.0178571429
6 18 19	0.1250000000
49 53 3	0.0769230769
52 54 13	0.0312500000
49 51 19	0.1111111111
6 13 11	0.1034482759
8 6 1	0.1111111111
47 32 7	0.0909090909
7 3 59	0.0303030303
10 51 3	0.0357142857
57 1 78	0.0625000000
59 1 42	0.3750000000
42 53 19	0.1250000000
1 10 20	0.0555555556
57 49 52	0.0330578512
57 2 57	0.1818181818
14 4 1	0.0952380952
70 19 48	0.1250000000
7 49 42	0.1666666667
49 47 53	0.0294117647
10 7 49	0.0212765957
78 2 13	0.0500000000
6 47 59	0.0869565217
3 70 19	0.1250000000
3 8 52	0.0625000000
54 14 78	0.1666666667
68 19 1	0.1875000000
13 77 50	0.0555555556
59 11 54	0.1666666667
3 68 20	0.0909090909
6 4 3	0.0319148936
4 52 1	0.1153846154
59 8 3	0.0487804878
52 1 59	0.0526315789
57 52 1	0.1153846154
3 6 53	0.0091743119
46 47 23	0.0714285714
59 52 50	0.0168067227
13 47 47	0.0952380952
13 60 6	0.0666666667
78 53 13	0.0222222222
57 46 6	0.0357142857
1 54 57	0.0833333333
6 18 78	0.1250000000
49 78 6	0.0238095238
42 53 3	0.0588235294
59 4 1	0.0909090909
46 53 57	0.1250000000
70 20 53	0.0476190476
46 10 3	0.0895522388
8 49 20	0.1304347826
8 1 13	0.0526315789
6 11 42	0.2857142857
47 6 7	0.0833333333
14 11 13	0.0350877193
75 4 6	0.0178571429
57 6 57	0.1538461538
7 6 19	0.1428571429
50 34 52	0.0526315789
78 6 19	0.2222222222
78 53 42	0.1666666667
6 50 53	0.0625000000
11 14 0	0.0714285714
6 1 59	0.0416666667
54 13 57	0.1111111111
59 57 54	0.0769230769
3 8 47	0.0500000000
1 11 1	0.0909090909
46 56 78	0.1666666667
70 4 47	0.1000000000
47 60 1	0.1666666667
6 48 1	0.1250000000
11 4 3	0.0370370370
8 34 4	0.0350877193
47 7 52	0.0263157895
6 60 47	0.0400000000
8 32 59	0.1111111111
1 6 1	0.1212121212
10 3 3	0.0588235294
78 66 19	0.1333333333
52 11 53	0.0357142857
3 13 42	0.2857142857
3 57 1	0.1851851852
52 53 49	0.0161290323
57 50 49	0.0303030303
70 3 11	0.0952380952
57 2 59	0.1428571429
47 23 47	0.0333333333
14 52 42	0.1666666667
1 65 52	0.1818181818
54 11 48	0.1250000000
78 57 3	0.0188679245
47 3 1	0.0714285714
47 53 22	0.0909090909
49 13 42	0.1666666667
13 52 42	0.4444444444
3 66 19	0.1000000000
78 59 3	0.0219780220
50 3 48	0.1250000000
46 6 3	0.0714285714
52 66 19	0.1111111111
47 3 47	0.0156250000
7 6 57	0.1000000000
13 53 3	0.0416666667
4 70 23	0.1111111111
2 3 78	0.1250000000
8 1 59	0.0416666667
7 50 11	0.2000000000
13 61 21	0.1111111111
47 54 1	0.1052631579
3 52 49	0.0346153846
66 15 0	0.0869565217
4 3 54	0.1111111111
78 59 11	0.0769230769
47 2 3	0.1250000000
42 57 1	0.0714285714
52 14 13	0.0487804878
1 1 59	0.0833333333
50 18 59	0.0769230769
14 14 78	0.1666666667
49 52 57	0.0277777778
57 52 54	0.0625000000
75 18 13	0.0327868852
52 78 53	0.0312500000
2 49 1	0.1052631579
49 47 6	0.0156250000
3 46 1	0.0416666667
13 48 48	0.1250000000
47 11 53	0.0588235294
59 2 3	0.0967741935
78 54 59	0.0769230769
52 61 7	0.0701754386
7 2 59	0.1538461538
4 53 22	0.0909090909
57 1 57	0.0666666667
70 7 52	0.0298507463
46 1 52	0.0512820513
3 13 78	0.0833333333
14 49 49	0.0333333333
59 53 1	0.1500000000
42 2 13	0.0666666667
59 14 13	0.0322580645
52 11 78	0.2222222222
3 73 50	0.0952380952
4 78 11	0.2000000000
42 53 59	0.1111111111
54 49 13	0.0392156863
49 49 49	0.0344827586
1 13 49	0.0344827586
6 32 42	0.1666666667
11 11 1	0.1212121212
4 53 19	0.2000000000
3 13 7	0.1000000000
13 6 59	0.1011235955
52 49 6	0.0155440415
1 1 49	0.0326086957
52 65 20	0.1111111111
11 50 18	0.0133333333
66 49 47	0.1000000000
7 70 22	0.1250000000
4 3 13	0.0394736842
14 66 7	0.0769230769
52 59 78	0.0666666667
66 49 13	0.0666666667
78 57 42	0.2857142857
59 57 52	0.0266666667
57 3 3	0.0714285714
50 48 3	0.0588235294
42 1 53	0.0555555556
54 4 47	0.0833333333
7 70 19	0.1250000000
70 19 11	0.0769230769
59 57 53	0.0243902439
78 49 54	0.0769230769
78 60 49	0.0333333333
59 57 47	0.0681818182
13 6 6	0.0136518771
49 10 3	0.0476190476
57 1 52	0.0270270270
78 1 59	0.0571428571
49 59 11	0.1333333333
14 54 59	0.0909090909
49 52 59	0.0641025641
11 52 42	0.2857142857
42 6 11	0.2000000000
13 20 1	0.1250000000
46 52 78	0.0833333333
46 3 3	0.0222222222
3 1 59	0.0571428571
47 23 53	0.0384615385
3 6 48	0.0714285714
8 6 59	0.1153846154
6 77 50	0.0555555556
47 13 49	0.0263157895
42 47 78	0.1666666667
59 50 1	0.0857142857
47 3 6	0.0198019802
78 78 47	0.0384615385
1 59 7	0.1250000000
13 52 50	0.0178571429
78 53 49	0.0289855072
3 52 11	0.1333333333
59 60 49	0.0178571429
13 73 6	0.0363636364
57 8 1	0.1250000000
78 50 52	0.0461538462
59 32 47	0.0263157895
47 78 47	0.0384615385
10 46 49	0.1111111111
3 0 21	0.1904761905
54 32 48	0.1250000000
7 3 6	0.0526315789
13 13 1	0.1219512195
3 6 47	0.0446428571
13 2 3	0.0222222222
57 60 1	0.1428571429
47 53 52	0.1000000000
11 50 53	0.0476190476
54 3 3	0.0666666667
14 4 11	0.0909090909
69 4 78	0.0769230769
75 18 52	0.0344827586
53 3 53	0.0222222222
11 65 20	0.1428571429
59 3 47	0.0246913580
52 46 1	0.0526315789
52 1 3	0.0132450331
54 52 78	0.1818181818
11 2 1	0.1052631579
66 51 20	0.0615384615
47 49 59	0.0517241379
49 61 3	0.0555555556
75 52 54	0.1250000000
42 52 49	0.0666666667
4 11 1	0.0769230769
78 8 1	0.0740740741
59 60 78	0.1111111111
78 1 11	0.0400000000
42 1 78	0.1000000000
11 13 7	0.0769230769
59 57 13	0.0222222222
49 4 48	0.1250000000
59 48 11	0.0909090909
1 6 13	0.0361445783
70 3 52	0.0471698113
2 49 57	0.0833333333
11 49 7	0.0649350649
10 7 52	0.0357142857
7 11 3	0.0400000000
11 2 52	0.0235294118
78 70 23	0.1111111111
47 49 21	0.1111111111
6 59 57	0.0588235294
14 49 57	0.0666666667
75 3 57	0.1111111111
49 13 57	0.0625000000
11 13 52	0.0281690141
6 61 19	0.1875000000
4 78 78	0.1666666667
42 32 54	0.1111111111
57 6 6	0.0126582278
13 13 7	0.0952380952
4 8 53	0.0625000000
47 57 52	0.0294117647
1 65 7	0.0476190476
49 59 6	0.0166666667
52 59 47	0.0240963855
46 61 21	0.1111111111
6 60 6	0.0476190476
11 2 59	0.1379310345
57 1 59	0.0476190476
3 53 1	0.1500000000
47 68 20	0.1428571429
3 54 47	0.0588235294
49 13 3	0.0285714286
59 1 49	0.0246305419
49 4 1	0.0851063830
54 4 52	0.0555555556
14 49 6	0.0138888889
46 53 22	0.1428571429
14 32 42	0.1666666667
50 29 52	0.0625000000
47 6 4	0.0526315789
13 48 11	0.1363636364
78 6 4	0.0468750000
52 1 52	0.0181818182
50 22 47	0.0714285714
11 11 13	0.0246913580
47 50 52	0.0517241379
59 53 56	0.0333333333
52 57 78	0.2307692308
7 52 78	0.1818181818
6 29 19	0.1250000000
3 54 1	0.1052631579
52 14 49	0.0930232558
53 3 47	0.0425531915
47 50 78	0.2000000000
42 8 3	0.0769230769
3 60 42	0.1666666667
59 32 48	0.1250000000
47 11 42	0.1666666667
11 13 42	0.2857142857
13 2 52	0.0192307692
10 3 52	0.0588235294
47 57 13	0.0235294118
52 65 22	0.0909090909
46 52 3	0.0285714286
57 52 53	0.0238095238
3 20 57	0.0909090909
59 3 3	0.0508474576
66 3 42	0.2857142857
49 13 1	0.1363636364
49 47 78	0.2857142857
3 47 13	0.0181818182
47 13 42	0.3750000000
11 49 4	0.0333333333
7 8 11	0.2000000000
1 32 59	0.0500000000
42 2 59	0.1111111111
6 66 3	0.0270270270
59 49 4	0.0491803279
49 78 59	0.0476190476
47 52 59	0.0645161290
70 7 49	0.0196078431
46 70 18	0.0555555556
7 52 13	0.0425531915
57 50 11	0.2000000000
1 1 78	0.1578947368
52 10 3	0.0444444444
3 47 48	0.1250000000
6 1 42	0.1666666667
68 19 52	0.0416666667
78 6 6	0.0263157895
47 3 20	0.0769230769
59 1 48	0.0714285714
4 59 49	0.0400000000
2 3 59	0.0540540541
47 7 0	0.0869565217
8 3 59	0.0571428571
11 13 78	0.1052631579
47 23 54	0.0833333333
70 18 52	0.0588235294
1 2 47	0.0833333333
47 48 52	0.0454545455
6 7 1	0.1034482759
52 2 59	0.1315789474
49 18 21	0.1111111111
70 15 3	0.0256410256
8 57 42	0.1666666667
54 11 42	0.1666666667
14 57 59	0.0526315789
1 1 11	0.0714285714
13 20 57	0.1000000000
69 21 13	0.0204081633
78 49 13	0.0139860140
59 6 0	0.0588235294
57 10 7	0.1052631579
78 53 56	0.0483870968
78 66 49	0.0312500000
53 5 20	0.0370370370
68 19 49	0.0208333333
4 48 11	0.0909090909
2 3 13	0.0465116279
54 13 48	0.0833333333
59 1 1	0.1785714286
78 6 47	0.0439560440
8 2 13	0.0476190476
8 70 7	0.0909090909
14 53 20	0.0645161290
47 2 1	0.0833333333
47 65 3	0.0322580645
4 52 11	0.1428571429
4 8 11	0.2000000000
52 52 54	0.1212121212
52 47 78	0.1250000000
47 54 13	0.0312500000
53 51 19	0.1250000000
6 48 52	0.0487804878
47 54 57	0.0833333333
46 14 6	0.0526315789
53 19 59	0.0625000000
78 46 6	0.0588235294
47 48 1	0.0833333333
50 23 49	0.0273972603
69 1 1	0.1136363636
54 57 1	0.1428571429
13 52 7	0.0192307692
54 4 78	0.2857142857
78 68 52	0.1818181818
46 53 59	0.1111111111
6 78 47	0.0270270270
6 11 52	0.0185185185
6 4 11	0.1904761905
14 49 13	0.0337078652
14 66 56	0.0392156863
52 13 78	0.0975609756
13 48 57	0.0454545455
52 59 59	0.0493827160
46 53 48	0.1250000000
78 57 53	0.0408163265
6 24 49	0.0232558140
1 13 47	0.0400000000
3 66 3	0.0357142857
69 1 7	0.0833333333
1 66 7	0.0566037736
13 13 6	0.0074074074
13 32 6	0.0588235294
49 20 49	0.0050761421
49 4 54	0.1428571429
2 59 47	0.0500000000
53 15 47	0.0512820513
49 60 49	0.0714285714
53 20 53	0.0508474576
66 15 47	0.0588235294
78 53 78	0.0909090909
13 20 59	0.0869565217
50 3 6	0.0196078431
57 68 20	0.1250000000
3 65 22	0.1000000000
11 7 47	0.0666666667
47 6 11	0.0454545455
8 14 0	0.0909090909
8 32 7	0.1250000000
46 52 13	0.0185185185
1 49 18	0.0555555556
69 31 20	0.0937500000
6 48 54	0.0833333333
47 50 11	0.1875000000
53 15 0	0.0112359551
59 11 11	0.1111111111
14 2 52	0.0307692308
3 53 11	0.1333333333
57 8 52	0.0512820513
54 65 20	0.0909090909
75 18 6	0.0133333333
11 60 11	0.0714285714
2 6 48	0.0769230769
8 53 20	0.0476190476
8 14 53	0.0500000000
1 6 3	0.0504201681
1 57 54	0.0833333333
8 10 3	0.0833333333
50 3 3	0.0253164557
49 6 59	0.0689655172
1 59 48	0.0625000000
59 59 59	0.0740740741
47 60 78	0.1111111111
42 49 52	0.0714285714
2 59 42	0.1666666667
14 8 78	0.1111111111
47 8 49	0.0322580645
6 70 7	0.1176470588
6 48 53	0.0256410256
46 1 59	0.0588235294
11 47 0	0.0384615385
54 32 13	0.0666666667
6 8 49	0.0212765957
47 23 42	0.1666666667
50 1 0	0.0714285714
11 3 52	0.0428571429
3 6 0	0.0769230769
52 53 57	0.0769230769
6 13 78	0.1034482759
57 4 1	0.0666666667
42 6 47	0.0384615385
13 53 56	0.0571428571
52 47 0	0.0689655172
59 53 42	0.1666666667
1 49 42	0.1666666667
7 11 42	0.1666666667
59 10 54	0.1111111111
47 49 19	0.2000000000
4 49 49	0.0535714286
11 54 48	0.1818181818
6 7 0	0.0588235294
75 24 48	0.1250000000
13 3 6	0.0044843049
3 1 7	0.0769230769
49 59 47	0.0555555556
70 52 11	0.0833333333
14 50 11	0.1250000000
11 6 47	0.0389610390
1 68 19	0.1333333333
54 66 19	0.1250000000
57 1 49	0.0085470085
78 11 3	0.0270270270
7 57 1	0.1428571429
50 29 20	0.0384615385
13 6 11	0.0312500000
49 32 42	0.1666666667
6 78 3	0.0500000000
6 60 78	0.0833333333
1 7 78	0.1666666667
3 70 7	0.0909090909
47 57 3	0.0113636364
47 78 49	0.0169491525
78 7 54	0.0909090909
70 19 47	0.0434782609
3 57 59	0.0689655172
11 49 21	0.1538461538
66 3 54	0.0769230769
1 49 59	0.0789473684
59 49 11	0.0869565217
59 50 78	0.2000000000
7 11 1	0.0909090909
1 49 20	0.0625000000
66 49 7	0.1250000000
57 6 47	0.0344827586
69 21 47	0.0571428571
78 13 47	0.0163934426
57 32 48	0.1250000000
13 49 22	0.2222222222
4 11 78	0.2857142857
11 66 19	0.1538461538
52 54 57	0.0833333333
49 2 59	0.1538461538
1 88 1	0.1428571429
59 70 7	0.0909090909
52 32 59	0.0312500000
59 78 1	0.0500000000
3 50 56	0.0555555556
2 49 49	0.0232558140
4 57 53	0.0454545455
70 4 3	0.0769230769
49 6 49	0.0439560440
68 19 11	0.0769230769
53 56 3	0.0277777778
8 52 49	0.0158730159
78 3 47	0.0227272727
66 19 11	0.0769230769
49 20 54	0.0526315789
1 49 47	0.0789473684
1 6 7	0.0588235294
6 4 52	0.0649350649
52 78 1	0.0588235294
59 6 3	0.0355987055
6 53 21	0.1538461538
54 54 48	0.1250000000
42 2 7	0.1250000000
75 24 47	0.1000000000
57 14 0	0.0714285714
7 49 49	0.0348837209
49 52 49	0.0192926045
6 32 49	0.0490196078
75 52 53	0.0588235294
2 10 20	0.0714285714
11 60 42	0.2857142857
7 6 13	0.0576923077
47 6 48	0.0476190476
47 52 50	0.0273972603
49 24 49	0.0232558140
4 46 6	0.0434782609
52 57 53	0.0277777778
42 68 19	0.1111111111
6 53 11	0.0909090909
2 59 49	0.0175438596
13 32 52	0.0243902439
59 68 19	0.1428571429
50 23 42	0.1666666667
13 6 0	0.0434782609
53 51 7	0.1212121212
52 57 1	0.1333333333
6 49 18	0.0384615385
52 61 56	0.0465116279
8 59 3	0.0769230769
7 1 59	0.0434782609
6 57 47	0.0454545455
57 1 1	0.1000000000
11 11 59	0.0625000000
1 59 47	0.0416666667
42 3 11	0.1250000000
78 11 52	0.0322580645
49 6 4	0.0476190476
69 21 53	0.0256410256
4 13 42	0.1666666667
11 54 78	0.2000000000
11 4 11	0.0909090909
49 29 3	0.0714285714
57 66 3	0.0270270270
59 6 47	0.0370370370
46 1 78	0.2000000000
66 59 53	0.0476190476
47 4 0	0.0714285714
46 7 6	0.0526315789
14 2 59	0.0952380952
4 14 52	0.0714285714
49 49 19	0.1111111111
4 57 52	0.0952380952
14 50 52	0.0322580645
49 47 3	0.0227272727
54 52 1	0.1428571429
47 11 54	0.1666666667
49 24 1	0.1250000000
52 61 20	0.1142857143
6 8 53	0.0400000000
52 54 7	0.0909090909
6 18 47	0.0400000000
52 3 54	0.1333333333
53 3 59	0.0512820513
13 47 0	0.0500000000
57 57 47	0.0555555556
78 57 13	0.0208333333
3 59 7	0.0689655172
57 13 78	0.0833333333
52 48 49	0.0165289256
52 53 52	0.0545454545
50 3 1	0.1000000000
66 7 1	0.0588235294
14 6 48	0.0555555556
13 13 78	0.0869565217
13 60 59	0.0500000000
49 50 42	0.1666666667
3 1 57	0.0625000000
3 3 6	0.0139860140
46 56 52	0.0909090909
13 47 6	0.0229007634
1 11 7	0.1666666667
14 54 7	0.1176470588
1 53 48	0.1111111111
46 66 19	0.0833333333
13 57 59	0.0625000000
46 56 54	0.1250000000
11 2 13	0.0465116279
6 14 3	0.0434782609
47 14 52	0.0869565217
8 7 47	0.0833333333
52 54 78	0.1250000000
49 13 7	0.0769230769
3 14 52	0.0322580645
75 52 47	0.0833333333
6 57 57	0.0769230769
7 11 52	0.0555555556
1 6 54	0.0833333333
70 51 3	0.0500000000
1 60 1	0.1666666667
6 10 20	0.0303030303
78 49 11	0.1000000000
49 52 53	0.0243902439
54 53 56	0.0769230769
3 13 3	0.0201342282
78 47 54	0.0769230769
46 10 7	0.0943396226
6 50 47	0.0625000000
52 49 18	0.0273972603
78 52 54	0.0833333333
13 2 59	0.1000000000
1 49 56	0.0270270270
66 5 3	0.0277777778
8 9 22	0.0909090909
75 18 1	0.0666666667
52 57 42	0.1666666667
47 48 78	0.1666666667
6 2 59	0.1724137931
49 59 53	0.0270270270
66 59 49	0.0196078431
52 47 7	0.1071428571
3 52 7	0.0344827586
66 19 1	0.1875000000
14 1 3	0.0222222222
46 50 52	0.0588235294
78 52 59	0.0606060606
54 14 54	0.0909090909
49 57 3	0.0303030303
14 4 53	0.0434782609
3 66 7	0.0800000000
78 78 1	0.0500000000
8 7 3	0.0384615385
59 47 0	0.0434782609
57 47 54	0.1250000000
3 7 0	0.0714285714
59 52 47	0.0396039604
47 52 54	0.0833333333
4 1 59	0.0204081633
6 60 13	0.0576923077
66 3 47	0.0198019802
7 52 52	0.0232558140
47 4 59	0.0714285714
66 22 78	0.2000000000
57 2 3	0.0500000000
3 13 6	0.0091743119
54 2 3	0.0384615385
6 1 57	0.0625000000
1 54 78	0.1250000000
47 49 78	0.0800000000
78 3 78	0.0769230769
57 13 47	0.0344827586
59 49 59	0.0740740741
3 47 59	0.0500000000
78 60 1	0.1666666667
54 7 11	0.1111111111
59 59 47	0.0185185185
14 70 19	0.1250000000
47 6 18	0.0273972603
2 49 20	0.0370370370
57 47 53	0.0312500000
13 78 6	0.0434782609
14 49 21	0.1111111111
3 8 53	0.0454545455
4 3 6	0.0142857143
49 5 22	0.1428571429
42 49 53	0.0500000000
7 66 21	0.1111111111
11 8 53	0.0357142857
57 14 52	0.0645161290
3 13 13	0.0330578512
52 78 59	0.0384615385
13 3 48	0.0384615385
70 18 47	0.0400000000
1 53 47	0.0476190476
59 1 59	0.0476190476
65 20 78	0.1111111111
49 6 57	0.0909090909
47 70 19	0.1250000000
1 53 22	0.1428571429
14 3 52	0.0227272727
66 59 78	0.1538461538
6 68 3	0.1111111111
11 7 52	0.0256410256
59 53 11	0.1333333333
4 13 1	0.1000000000
78 47 52	0.0400000000
47 32 57	0.0714285714
14 4 78	0.3750000000
52 77 6	0.0800000000
70 51 20	0.0909090909
49 11 47	0.0833333333
6 48 47	0.0217391304
54 66 7	0.0833333333
6 60 49	0.0259740260
53 3 7	0.0666666667
59 61 19	0.1666666667
4 57 78	0.1666666667
78 2 57	0.1818181818
14 68 3	0.1111111111
4 1 78	0.0454545455
4 52 54	0.0714285714
11 47 54	0.1111111111
14 10 20	0.0625000000
2 49 19	0.1250000000
54 3 1	0.1000000000
59 54 13	0.0312500000
11 14 3	0.0384615385
6 54 59	0.0714285714
8 7 11	0.1111111111
47 23 1	0.1250000000
49 57 49	0.0217391304
70 3 48	0.0714285714
3 50 49	0.0434782609
52 65 3	0.0500000000
7 6 47	0.0270270270
47 4 48	0.1250000000
2 13 53	0.0909090909
78 52 42	0.1666666667
50 1 52	0.0612244898
52 49 21	0.1111111111
50 7 7	0.1250000000
78 47 47	0.0425531915
49 59 42	0.1666666667
46 60 57	0.1000000000
13 13 47	0.0465116279
14 6 78	0.1000000000
78 10 20	0.0476190476
57 52 42	0.2857142857
4 8 52	0.1250000000
49 78 78	0.1000000000
66 46 49	0.1111111111
78 1 6	0.0208333333
49 7 3	0.0161290323
11 52 11	0.0555555556
70 7 1	0.1250000000
6 68 20	0.1250000000
4 13 3	0.0317460317
6 14 13	0.0333333333
6 78 52	0.0357142857
78 1 54	0.0909090909
3 59 57	0.0465116279
53 3 54	0.0909090909
54 4 11	0.1111111111
52 70 18	0.0256410256
47 52 13	0.0381679389
11 6 4	0.0576923077
49 1 3	0.0133333333
52 52 50	0.0134228188
47 4 42	0.1666666667
52 49 19	0.2400000000
47 52 52	0.0314465409
14 66 22	0.1428571429
59 50 18	0.0147058824
52 49 78	0.1025641026
66 22 54	0.1111111111
13 11 59	0.0625000000
6 13 6	0.0067114094
7 2 57	0.1250000000
54 46 1	0.0500000000
4 48 49	0.0204081633
11 49 47	0.0317460317
13 13 53	0.0153846154
50 18 11	0.0833333333
14 10 3	0.0588235294
59 2 57	0.1111111111
70 20 11	0.1250000000
75 24 57	0.1250000000
59 32 3	0.0337078652
11 2 57	0.1818181818
68 20 52	0.0384615385
3 6 18	0.0273972603
8 52 1	0.1428571429
8 1 52	0.0238095238
4 3 47	0.0270270270
3 0 3	0.0425531915
6 57 7	0.1000000000
11 65 7	0.0357142857
13 47 49	0.0217391304
54 7 47	0.0833333333
46 53 1	0.0625000000
42 3 1	0.1000000000
49 57 47	0.0476190476
6 8 78	0.2000000000
49 50 1	0.0476190476
7 47 78	0.1666666667
49 52 50	0.0076335878
6 49 47	0.0298507463
52 52 7	0.0434782609
4 6 1	0.1333333333
57 2 7	0.1818181818
50 18 50	0.0416666667
66 49 57	0.1250000000
69 1 59	0.0681818182
57 54 13	0.0250000000
14 4 47	0.0714285714
49 59 59	0.0357142857
14 57 1	0.2000000000
59 57 7	0.1000000000
49 66 3	0.0434782609
6 6 78	0.0769230769
1 11 59	0.1176470588
11 4 47	0.0714285714
4 31 13	0.0666666667
14 7 78	0.2857142857
54 6 13	0.0588235294
49 24 59	0.0588235294
8 49 52	0.0344827586
1 11 48	0.1818181818
42 1 6	0.0344827586
10 15 0	0.0869565217
3 50 20	0.0434782609
7 66 7	0.0909090909
6 6 6	0.0190735695
11 8 11	0.1538461538
54 70 7	0.0909090909
14 7 1	0.1052631579
4 59 59	0.0500000000
14 7 47	0.0714285714
70 4 11	0.1428571429
3 47 23	0.0526315789
13 2 49	0.0375000000
2 49 48	0.0526315789
54 49 7	0.0384615385
52 70 23	0.1538461538
52 50 52	0.0212765957
47 49 13	0.0181818182
57 14 11	0.1428571429
6 53 42	0.1666666667
3 53 56	0.0389610390
59 52 42	0.2857142857
1 6 53	0.0232558140
47 49 7	0.0675675676
13 14 47	0.0588235294
54 6 48	0.0370370370
11 53 19	0.1111111111
52 0 3	0.0222222222
42 47 13	0.0232558140
7 8 49	0.0303030303
2 52 48	0.1250000000
59 6 7	0.0857142857
49 47 11	0.1000000000
78 65 3	0.0434782609
6 47 3	0.0227272727
78 6 78	0.1428571429
6 46 52	0.0454545455
42 47 42	0.1666666667
1 57 13	0.0196078431
13 52 54	0.0555555556
7 13 3	0.0277777778
54 54 47	0.0625000000
7 6 6	0.0108695652
53 15 13	0.0416666667
57 49 78	0.0625000000
53 24 42	0.1666666667
14 46 6	0.0476190476
8 6 48	0.0370370370
52 13 11	0.0357142857
46 52 1	0.0625000000
69 21 78	0.1666666667
8 66 19	0.1250000000
49 5 56	0.0789473684
49 82 18	0.0348837209
52 11 59	0.1052631579
3 3 7	0.0500000000
59 3 78	0.1818181818
42 13 1	0.0833333333
14 3 3	0.0444444444
54 6 49	0.0500000000
3 3 53	0.0147058824
13 48 7	0.0625000000
49 61 56	0.0689655172
1 68 52	0.1250000000
13 32 47	0.0370370370
49 59 78	0.1333333333
3 10 7	0.0975609756
52 11 7	0.0833333333
8 59 1	0.1111111111
54 60 1	0.1428571429
59 49 57	0.0869565217
1 57 7	0.0666666667
3 8 11	0.2000000000
53 56 0	0.0487804878
14 14 54	0.0909090909
57 14 6	0.0212765957
6 2 49	0.0250000000
66 3 59	0.0490196078
6 66 21	0.1538461538
54 1 52	0.0238095238
70 7 3	0.0133333333
6 57 59	0.0400000000
6 70 18	0.0555555556
65 22 53	0.0476190476
57 3 6	0.0256410256
50 48 4	0.0833333333
49 1 52	0.0181818182
8 11 42	0.1666666667
49 11 52	0.0555555556
59 54 47	0.0588235294
59 49 78	0.0967741935
52 57 47	0.0571428571
3 68 19	0.1538461538
50 18 13	0.0506329114
4 7 0	0.0714285714
10 15 6	0.0416666667
6 32 13	0.0370370370
78 54 48	0.1250000000
59 59 1	0.1363636364
57 3 1	0.1000000000
53 19 1	0.1250000000
49 49 52	0.0317460317
57 65 22	0.1052631579
57 57 78	0.1333333333
49 7 0	0.0588235294
49 24 48	0.1250000000
6 8 47	0.0416666667
4 3 42	0.1666666667
57 59 49	0.0212765957
8 52 13	0.0217391304
49 20 7	0.0975609756
75 30 19	0.1428571429
8 2 7	0.1250000000
6 4 6	0.0214285714
78 3 42	0.1666666667
14 14 11	0.1428571429
6 3 48	0.0340909091
6 70 19	0.1818181818
13 6 47	0.0660377358
4 59 3	0.0227272727
6 54 42	0.1666666667
78 11 13	0.0270270270
8 52 78	0.1818181818
3 61 56	0.0600000000
52 4 78	0.1666666667
69 4 57	0.1538461538
8 14 52	0.0454545455
1 53 1	0.1000000000
47 57 54	0.0769230769
66 56 59	0.0500000000
3 6 4	0.0400000000
54 68 20	0.1250000000
70 52 52	0.0333333333
11 46 6	0.0476190476
54 70 22	0.1428571429
59 66 3	0.0400000000
3 52 42	0.3750000000
6 11 53	0.0357142857
78 49 4	0.0576923077
7 13 78	0.1111111111
3 52 48	0.0434782609
46 7 0	0.0909090909
13 47 59	0.0952380952
49 52 7	0.0256410256
3 54 13	0.0312500000
50 22 54	0.1250000000
78 68 7	0.0769230769
11 50 49	0.0434782609
78 60 52	0.0588235294
1 3 52	0.0405405405
70 20 3	0.0322580645
69 4 59	0.1111111111
59 10 20	0.0566037736
42 65 7	0.0500000000
54 6 59	0.1153846154
59 47 50	0.0243902439
70 7 6	0.0317460317
52 57 49	0.0103092784
66 63 6	0.0416666667
75 4 42	0.1666666667
49 48 19	0.1428571429
11 49 57	0.0526315789
11 8 52	0.0425531915
78 7 0	0.0869565217
49 78 11	0.1818181818
70 3 78	0.2631578947
59 59 11	0.0625000000
14 14 53	0.0500000000
42 53 20	0.0588235294
2 49 78	0.0714285714
42 52 13	0.0500000000
1 6 48	0.0526315789
53 3 11	0.1176470588
46 53 0	0.0909090909
6 18 20	0.0344827586
66 49 48	0.1250000000
54 4 54	0.1250000000
11 2 47	0.1052631579
1 50 18	0.0555555556
57 7 11	0.1111111111
54 7 3	0.0384615385
52 3 11	0.1153846154
52 10 54	0.1111111111
7 52 53	0.0500000000
13 6 48	0.1000000000
49 8 3	0.0434782609
11 2 49	0.0235294118
3 7 1	0.0666666667
3 60 47	0.0526315789
11 53 49	0.0357142857
3 20 53	0.0769230769
57 3 78	0.1111111111
78 3 6	0.0279720280
57 4 6	0.0238095238
4 1 13	0.0400000000
59 14 59	0.0714285714
59 68 3	0.1538461538
59 52 57	0.0322580645
59 3 53	0.0298507463
2 13 52	0.0909090909
13 20 42	0.1666666667
10 20 42	0.1666666667
78 7 78	0.1666666667
52 0 47	0.0769230769
52 49 56	0.0400000000
53 20 3	0.0394736842
6 59 6	0.0155440415
52 32 1	0.1875000000
1 2 13	0.0416666667
49 48 3	0.0238095238
78 7 6	0.0281690141
59 11 7	0.0714285714
78 2 49	0.0119047619
14 6 42	0.1666666667
59 8 1	0.0869565217
11 49 48	0.0212765957
8 6 19	0.1428571429
42 7 52	0.0909090909
50 29 59	0.0476190476
47 23 11	0.1538461538
14 50 18	0.0256410256
11 53 52	0.0740740741
66 7 6	0.0400000000
53 3 13	0.0389610390
75 3 13	0.0625000000
69 21 3	0.0289855072
11 50 54	0.0625000000
13 47 53	0.0384615385
47 2 52	0.0169491525
1 1 13	0.0270270270
4 59 11	0.1000000000
57 2 52	0.0172413793
66 63 52	0.0588235294
14 59 1	0.1111111111
3 59 48	0.0454545455
11 49 11	0.0476190476
47 8 1	0.0869565217
78 52 3	0.0342857143
3 66 56	0.0175438596
10 7 54	0.1250000000
13 78 52	0.0285714286
11 68 19	0.1428571429
14 6 4	0.0588235294
57 14 47	0.0666666667
49 51 56	0.0294117647
78 49 48	0.0129870130
11 14 78	0.1666666667
1 1 7	0.0833333333
57 4 52	0.0555555556
6 11 54	0.1000000000
6 4 59	0.0526315789
46 68 19	0.2000000000
13 48 49	0.0264317181
57 1 7	0.0769230769
13 49 56	0.0333333333
14 6 57	0.1250000000
14 53 49	0.0322580645
42 66 7	0.0400000000
49 4 13	0.0196078431
4 27 20	0.1111111111
11 54 7	0.1176470588
78 59 1	0.1000000000
66 59 47	0.0476190476
54 66 56	0.0666666667
3 54 57	0.0833333333
49 47 52	0.0540540541
46 6 0	0.0909090909
75 52 11	0.1111111111
66 56 42	0.1666666667
78 6 18	0.0273972603
8 60 1	0.1428571429
13 14 6	0.0370370370
3 6 42	0.2857142857
4 7 6	0.0333333333
49 20 53	0.0083333333
14 13 42	0.1666666667
8 7 1	0.1052631579
2 52 11	0.0588235294
4 52 49	0.0225563910
47 7 6	0.0338983051
3 57 47	0.0689655172
3 54 7	0.0909090909
59 66 19	0.1000000000
6 50 3	0.0731707317
47 6 0	0.0714285714
59 50 47	0.0384615385
57 50 54	0.0769230769
46 60 59	0.1111111111
57 59 78	0.1111111111
6 13 53	0.0151515152
1 6 47	0.0444444444
78 3 53	0.0142857143
49 50 3	0.0434782609
46 66 3	0.0500000000
1 50 11	0.1250000000
57 66 19	0.1111111111
54 11 1	0.1176470588
53 56 49	0.0750000000
11 68 20	0.1428571429
6 18 22	0.1428571429
1 1 6	0.0144927536
13 60 13	0.0606060606
47 2 57	0.1250000000
57 49 7	0.0392156863
46 38 0	0.0800000000
52 3 53	0.0250000000
46 53 47	0.0909090909
57 13 1	0.1578947368
52 48 57	0.0555555556
7 11 53	0.0714285714
13 78 49	0.0400000000
57 2 49	0.0172413793
54 13 13	0.0666666667
59 68 20	0.1428571429
42 3 52	0.0392156863
8 66 7	0.0833333333
47 32 48	0.1250000000
3 50 54	0.0625000000
54 60 78	0.1111111111
6 4 0	0.0588235294
57 66 56	0.0491803279
2 53 3	0.0833333333
1 13 3	0.0322580645
42 49 59	0.0454545455
3 57 13	0.0405405405
47 66 22	0.0909090909
57 10 3	0.0625000000
3 77 6	0.0555555556
59 48 78	0.1666666667
78 11 54	0.1666666667
57 47 47	0.0666666667
11 54 42	0.1666666667
57 8 78	0.2000000000
57 57 7	0.1000000000
4 49 47	0.0476190476
47 78 53	0.0357142857
11 4 54	0.1250000000
6 1 48	0.0909090909
54 53 20	0.0476190476
14 54 57	0.1052631579
6 48 19	0.1428571429
42 7 11	0.1428571429
7 65 22	0.1250000000
47 32 42	0.3750000000
6 66 22	0.1538461538
6 32 47	0.0500000000
59 53 22	0.2000000000
49 8 53	0.0625000000
8 32 47	0.1000000000
50 29 11	0.0909090909
42 49 4	0.0555555556
2 59 78	0.1538461538
70 3 42	0.1666666667
50 3 59	0.0312500000
11 11 47	0.0789473684
13 49 54	0.0882352941
75 18 22	0.1428571429
57 57 42	0.2857142857
6 53 52	0.0588235294
11 50 52	0.0588235294
42 32 11	0.0833333333
70 29 56	0.0625000000
59 47 7	0.0800000000
14 14 52	0.0454545455
42 7 3	0.0769230769
69 1 48	0.1176470588
1 57 48	0.1250000000
49 18 52	0.0588235294
6 50 78	0.1666666667
52 8 11	0.2000000000
52 50 1	0.0512820513
1 32 53	0.0400000000
8 6 3	0.0675675676
54 13 7	0.1250000000
59 11 47	0.0882352941
70 9 20	0.0833333333
11 6 18	0.0273972603
50 29 54	0.1111111111
47 4 57	0.0833333333
49 48 1	0.1176470588
3 61 7	0.0909090909
69 4 0	0.1000000000
13 47 54	0.1176470588
57 6 18	0.0256410256
3 20 3	0.0400000000
59 52 54	0.1071428571
6 59 7	0.0714285714
49 8 47	0.0625000000
11 10 20	0.0416666667
52 0 54	0.0909090909
3 65 52	0.1250000000
11 11 7	0.1250000000
59 53 52	0.1000000000
11 52 50	0.0303030303
3 1 52	0.0151515152
1 13 42	0.1666666667
75 18 78	0.1538461538
78 68 20	0.1666666667
7 1 3	0.0196078431
78 47 48	0.1111111111
7 11 78	0.2000000000
52 59 6	0.0227272727
66 22 1	0.1176470588
54 66 22	0.1428571429
11 1 7	0.0625000000
78 60 78	0.1111111111
11 52 47	0.0178571429
42 1 1	0.0625000000
69 1 57	0.1052631579
49 78 49	0.0298507463
49 10 20	0.0285714286
7 47 52	0.1000000000
2 49 22	0.1428571429
70 7 42	0.1666666667
1 52 59	0.0526315789
57 2 1	0.1052631579
42 8 52	0.0909090909
4 48 78	0.1666666667
57 59 3	0.0769230769
46 53 20	0.1111111111
6 4 78	0.4166666667
7 2 3	0.0526315789
66 0 56	0.1111111111
78 13 57	0.0500000000
54 4 3	0.0500000000
2 13 47	0.1000000000
1 6 18	0.0256410256
3 8 1	0.0714285714
53 56 47	0.0588235294
59 14 52	0.0444444444
8 11 78	0.0909090909
2 59 1	0.1666666667
57 13 13	0.0363636364
70 36 7	0.1111111111
59 54 48	0.1250000000
3 32 42	0.2857142857
59 70 22	0.1000000000
2 3 57	0.0714285714
54 10 7	0.0769230769
50 29 22	0.1428571429
14 32 47	0.1052631579
8 56 59	0.1000000000
13 20 11	0.0588235294
66 82 18	0.0555555556
70 7 59	0.0333333333
47 57 57	0.0869565217
50 23 1	0.1250000000
49 78 3	0.0384615385
3 20 54	0.1250000000
49 6 47	0.0571428571
75 52 1	0.0769230769
47 50 53	0.0416666667
46 1 53	0.0344827586
2 59 59	0.1111111111
6 2 57	0.1818181818
11 32 59	0.0869565217
1 54 13	0.0312500000
49 11 11	0.1111111111
7 10 7	0.0909090909
11 13 20	0.0909090909
59 6 18	0.0273972603
7 57 78	0.0909090909
1 32 48	0.1250000000
14 49 48	0.0312500000
2 52 42	0.1666666667
13 61 3	0.0612244898
59 61 56	0.0400000000
50 7 13	0.0666666667
14 53 1	0.0769230769
66 49 59	0.1111111111
66 59 54	0.1111111111
57 52 59	0.0312500000
50 9 7	0.0909090909
52 66 3	0.0467289720
3 52 57	0.0370370370
50 52 53	0.0294117647
4 57 54	0.0909090909
49 32 59	0.0625000000
49 24 78	0.0909090909
42 13 7	0.1250000000
42 53 57	0.1250000000
13 20 54	0.1111111111
4 13 78	0.0909090909
42 1 48	0.1250000000
14 7 11	0.1111111111
49 7 54	0.0909090909
52 4 6	0.0333333333
1 57 3	0.0185185185
4 2 59	0.1111111111
42 7 54	0.1250000000
14 53 52	0.0666666667
70 3 1	0.1333333333
54 13 1	0.0833333333
42 57 53	0.0625000000
4 47 78	0.1666666667
47 10 20	0.0588235294
47 13 1	0.2105263158
49 20 0	0.0571428571
78 11 11	0.1052631579
6 36 3	0.0645161290
3 70 22	0.1111111111
14 70 7	0.0909090909
42 8 47	0.1000000000
3 52 52	0.0229357798
42 47 47	0.0454545455
6 49 22	0.1176470588
13 3 13	0.0232558140
52 50 49	0.0303030303
78 68 3	0.1111111111
52 59 42	0.2857142857
6 18 13	0.0277777778
6 61 56	0.0422535211
4 78 53	0.0625000000
49 49 6	0.0250000000
1 65 20	0.1111111111
3 63 52	0.0652173913
4 31 49	0.0714285714
52 8 53	0.0526315789
13 52 0	0.1052631579
6 32 57	0.1000000000
78 57 48	0.1818181818
6 3 6	0.0058139535
8 53 3	0.1000000000
70 3 57	0.0434782609
50 23 53	0.0384615385
65 22 47	0.0714285714
57 4 47	0.0833333333
59 54 57	0.0833333333
57 50 53	0.0625000000
78 46 1	0.0434782609
8 49 19	0.1428571429
66 59 3	0.0454545455
13 77 6	0.0571428571
47 6 19	0.1428571429
11 49 22	0.0909090909
49 11 53	0.0588235294
49 57 1	0.0588235294
7 47 53	0.0666666667
78 47 3	0.0078740157
11 14 54	0.0909090909
10 5 20	0.1250000000
50 29 42	0.1666666667
50 18 53	0.0303030303
66 7 3	0.0285714286
57 14 3	0.0384615385
42 49 47	0.0454545455
57 4 11	0.1111111111
1 52 50	0.0312500000
2 10 21	0.1111111111
6 71 59	0.0833333333
13 10 54	0.1538461538
13 57 13	0.0555555556
57 52 47	0.0243902439
66 56 49	0.0377358491
7 57 13	0.0322580645
13 3 57	0.0540540541
14 13 78	0.0666666667
59 10 21	0.1111111111
70 52 47	0.0625000000
59 70 19	0.1250000000
47 32 47	0.0454545455
54 2 7	0.1250000000
49 9 7	0.0909090909
78 59 49	0.0420168067
14 49 78	0.0588235294
8 4 11	0.1111111111
3 2 7	0.1250000000
42 49 19	0.1428571429
11 47 53	0.0192307692
59 78 78	0.0909090909
6 77 6	0.0571428571
59 8 78	0.2857142857
49 60 6	0.1111111111
42 1 13	0.0333333333
14 32 13	0.0487804878
13 49 53	0.0098039216
49 29 56	0.0625000000
47 13 52	0.0425531915
1 65 22	0.0666666667
6 24 48	0.1250000000
6 10 21	0.1538461538
52 65 52	0.1250000000
46 53 6	0.0370370370
47 2 13	0.0333333333
52 54 1	0.1052631579
57 66 22	0.1538461538
50 9 20	0.1052631579
1 32 47	0.0800000000
47 60 52	0.0588235294
6 14 11	0.1250000000
8 2 47	0.0833333333
4 11 54	0.1250000000
6 1 7	0.0769230769
7 47 54	0.1250000000
78 59 57	0.0769230769
6 47 7	0.0714285714
6 7 6	0.0185185185
78 59 47	0.0238095238
54 52 13	0.0217391304
59 6 11	0.0303030303
1 60 11	0.0909090909
47 47 53	0.0185185185
14 6 18	0.0256410256
78 13 7	0.0666666667
49 13 47	0.0200000000
53 20 6	0.0108695652
3 0 20	0.0487804878
6 11 47	0.0625000000
57 7 52	0.0322580645
7 8 1	0.0714285714
3 60 78	0.0909090909
42 32 42	0.1666666667
7 52 54	0.0833333333
59 59 57	0.0666666667
3 60 52	0.0416666667
70 20 47	0.0588235294
49 4 49	0.0108695652
66 56 57	0.1000000000
49 78 1	0.0714285714
47 49 4	0.0512820513
3 3 57	0.0434782609
11 49 18	0.0645161290
6 6 42	0.1666666667
1 54 1	0.1052631579
7 66 22	0.0909090909
59 10 7	0.0689655172
59 59 42	0.1666666667
10 15 59	0.0714285714
6 11 13	0.0281690141
49 11 3	0.0500000000
42 57 78	0.1666666667
47 52 42	0.1666666667
3 47 42	0.1666666667
10 7 6	0.0400000000
8 11 59	0.0555555556
57 54 7	0.0909090909
75 36 20	0.0769230769
70 19 49	0.0161290323
1 1 57	0.0666666667
3 11 59	0.0400000000
11 8 1	0.1250000000
66 51 3	0.0250000000
49 49 42	0.1666666667
57 53 49	0.0333333333
8 10 20	0.1111111111
66 15 59	0.0714285714
47 53 42	0.1666666667
6 9 22	0.1428571429
52 0 57	0.0714285714
11 52 3	0.0092592593
54 1 13	0.0526315789
46 61 19	0.2000000000
57 49 4	0.0400000000
3 48 13	0.0769230769
6 57 13	0.0363636364
59 59 48	0.0454545455
3 66 21	0.1111111111
78 48 11	0.0909090909
78 53 59	0.0416666667
54 57 78	0.1111111111
7 57 59	0.0714285714
47 4 1	0.1333333333
11 14 47	0.0666666667
1 8 11	0.1428571429
66 51 19	0.1111111111
6 4 47	0.0930232558
2 52 57	0.0625000000
14 68 52	0.1250000000
14 49 47	0.0465116279
49 32 1	0.1428571429
42 50 3	0.0909090909
14 32 57	0.1538461538
11 13 3	0.0219780220
78 49 6	0.0084745763
49 48 20	0.1111111111
49 48 52	0.0800000000
46 60 7	0.1000000000
7 8 52	0.0833333333
54 7 1	0.1052631579
7 49 7	0.0333333333
47 57 49	0.0087719298
70 7 47	0.0294117647
7 8 78	0.1666666667
8 50 3	0.0625000000
1 11 47	0.1000000000
59 78 52	0.0714285714
42 53 1	0.0833333333
49 8 52	0.1250000000
7 50 52	0.0800000000
52 49 53	0.0102040816
57 65 20	0.1428571429
57 50 1	0.0714285714
6 6 53	0.0068027211
78 54 57	0.0833333333
8 32 13	0.0666666667
57 47 11	0.1428571429
78 48 49	0.0204081633
69 4 1	0.1142857143
52 11 1	0.0869565217
47 59 11	0.1000000000
52 0 59	0.0400000000
49 47 54	0.1250000000
3 8 49	0.0303030303
50 52 54	0.0909090909
50 18 54	0.1250000000
1 1 54	0.1111111111
2 6 47	0.0625000000
59 78 49	0.0229885057
78 70 19	0.1250000000
42 65 3	0.0500000000
50 23 54	0.0833333333
59 47 42	0.1666666667
8 14 78	0.1666666667
54 2 47	0.0833333333
3 13 11	0.0800000000
13 32 59	0.0476190476
7 13 1	0.1666666667
59 11 42	0.1666666667
11 13 47	0.0270270270
49 29 19	0.1250000000
14 7 3	0.0384615385
13 47 7	0.0869565217
1 8 52	0.0526315789
57 7 47	0.0769230769
2 53 56	0.0526315789
78 66 56	0.0098039216
54 1 3	0.0212765957
3 10 54	0.1111111111
3 47 47	0.0769230769
59 66 22	0.0909090909
65 22 3	0.0322580645
42 6 54	0.0909090909
8 1 3	0.0212765957
13 53 22	0.2222222222
42 32 3	0.0312500000
14 47 52	0.0400000000
1 49 13	0.0131578947
47 8 53	0.0606060606
6 54 57	0.0833333333
50 7 48	0.1250000000
59 7 1	0.0370370370
8 4 47	0.0833333333
46 3 47	0.0952380952
49 9 22	0.1428571429
4 59 52	0.0322580645
78 49 56	0.0461538462
11 32 42	0.2857142857
42 11 1	0.0833333333
6 18 53	0.0434782609
78 54 1	0.1052631579
42 11 59	0.1111111111
13 3 42	0.1666666667
70 3 7	0.0666666667
7 32 42	0.1666666667
59 49 42	0.2857142857
8 4 1	0.0666666667
6 2 52	0.0114942529
52 47 6	0.0139860140
52 32 3	0.0389610390
57 1 48	0.0909090909
78 50 18	0.0147058824
70 15 6	0.0454545455
2 59 48	0.0909090909
1 1 53	0.0322580645
6 7 11	0.1111111111
10 20 78	0.1111111111
57 4 78	0.2857142857
6 13 47	0.0449438202
59 8 49	0.0322580645
52 17 20	0.1111111111
50 22 3	0.0294117647
59 66 56	0.0117647059
8 13 7	0.1250000000
6 65 7	0.0370370370
54 49 21	0.1111111111
59 32 57	0.0714285714
6 14 6	0.0166666667
54 46 6	0.0357142857
6 54 78	0.1666666667
3 2 1	0.0833333333
14 47 6	0.0178571429
6 2 47	0.0952380952
54 57 42	0.1666666667
4 57 47	0.0476190476
49 24 7	0.0769230769
50 29 3	0.0410958904
52 7 6	0.0200000000
70 18 13	0.0277777778
47 54 7	0.0909090909
7 52 42	0.1666666667
8 13 47	0.0588235294
1 3 11	0.1000000000
70 19 57	0.0769230769
4 57 49	0.0217391304
3 14 49	0.0312500000
3 54 48	0.1250000000
6 61 21	0.1111111111
8 57 1	0.1428571429
57 7 54	0.1250000000
75 18 59	0.0689655172
49 65 7	0.0526315789
6 68 19	0.1250000000
54 14 3	0.0555555556
42 59 59	0.0952380952
49 49 13	0.0169491525
59 60 59	0.0416666667
8 4 53	0.0588235294
6 24 57	0.0909090909
49 55 52	0.1250000000
14 13 48	0.0666666667
47 54 78	0.1250000000
11 50 1	0.1052631579
59 2 47	0.0476190476
78 7 1	0.0322580645
49 8 11	0.2000000000
4 6 4	0.0434782609
6 53 78	0.1111111111
14 57 13	0.0178571429
10 3 1	0.1000000000
49 78 54	0.0909090909
78 52 0	0.0714285714
42 8 78	0.1666666667
47 23 78	0.1333333333
11 65 3	0.0384615385
49 18 7	0.0500000000
70 4 53	0.0909090909
57 59 59	0.0833333333
52 3 6	0.0096153846
57 13 42	0.1666666667
6 10 54	0.1111111111
59 49 54	0.0769230769
59 1 52	0.0172413793
1 59 6	0.0238095238
14 11 78	0.0769230769
59 49 48	0.0256410256
14 1 78	0.1176470588
52 50 11	0.0909090909
8 7 52	0.0434782609
42 57 49	0.0303030303
1 66 22	0.0909090909
3 47 7	0.0500000000
1 53 56	0.0444444444
14 11 47	0.0689655172
6 11 3	0.0149253731
57 47 3	0.0250000000
66 59 59	0.0526315789
8 46 6	0.0357142857
46 6 49	0.0250000000
70 3 47	0.0566037736
2 13 54	0.1250000000
7 65 7	0.0526315789
3 20 13	0.0434782609
11 11 54	0.1000000000
8 7 54	0.1250000000
78 65 52	0.1818181818
66 56 13	0.0227272727
50 34 3	0.0526315789
49 9 20	0.0833333333
3 60 6	0.0322580645
13 6 54	0.0454545455
3 61 20	0.0555555556
6 48 11	0.1250000000
50 34 18	0.0188679245
52 14 59	0.1111111111
14 14 3	0.0555555556
14 32 59	0.1111111111
6 47 48	0.1666666667
50 1 3	0.0156250000
47 4 47	0.0588235294
57 14 53	0.0416666667
54 11 7	0.1000000000
14 52 78	0.1538461538
54 1 59	0.0416666667
78 7 3	0.0212765957
7 2 1	0.0833333333
54 14 52	0.0454545455
52 66 49	0.0400000000
8 8 1	0.1428571429
54 11 13	0.0256410256
50 7 1	0.0833333333
52 0 11	0.1538461538
52 61 22	0.1428571429
4 78 47	0.0625000000
57 3 13	0.0263157895
1 8 78	0.1666666667
7 1 48	0.1250000000
7 66 3	0.0444444444
4 68 20	0.1250000000
49 1 6	0.0377358491
47 57 47	0.0731707317
57 49 21	0.1538461538
6 11 59	0.0333333333
3 7 6	0.0294117647
59 14 49	0.0882352941
66 7 0	0.0909090909
47 50 42	0.1666666667
7 6 4	0.0434782609
52 57 57	0.0526315789
70 18 11	0.1111111111
57 57 48	0.1250000000
49 8 1	0.0714285714
1 59 3	0.0192307692
14 11 42	0.1666666667
50 19 52	0.0625000000
69 31 59	0.0909090909
59 78 54	0.0909090909
6 54 7	0.0909090909
47 68 52	0.1818181818
59 50 42	0.1666666667
6 7 3	0.0270270270
47 50 54	0.0588235294
2 49 47	0.0322580645
7 32 1	0.1428571429
70 5 7	0.1052631579
4 32 42	0.1666666667
7 11 54	0.1111111111
75 4 11	0.0769230769
52 47 42	0.1666666667
1 57 53	0.0370370370
54 54 59	0.0714285714
52 48 59	0.0416666667
52 7 0	0.0500000000
57 1 42	0.1666666667
50 1 7	0.0666666667
78 50 78	0.2000000000
4 13 13	0.0181818182
42 49 11	0.1428571429
13 13 54	0.0666666667
3 4 1	0.0909090909
6 24 42	0.1666666667
4 8 78	0.1666666667
78 11 59	0.0833333333
57 59 1	0.1111111111
69 4 42	0.1666666667
1 53 20	0.0740740741
1 3 6	0.0312500000
6 32 48	0.0909090909
7 52 47	0.0416666667
46 60 1	0.1250000000
59 11 53	0.0540540541
47 11 13	0.0156250000
8 70 18	0.0555555556
50 24 13	0.0666666667
78 8 49	0.0259740260
3 65 3	0.0500000000
66 15 6	0.0416666667
1 50 49	0.0555555556
54 54 78	0.1666666667
4 3 78	0.1428571429
14 8 42	0.1666666667
50 19 3	0.0434782609
8 66 21	0.1111111111
6 4 13	0.0147058824
50 18 47	0.0243902439
4 49 52	0.0408163265
4 3 53	0.0344827586
66 7 49	0.0212765957
78 50 47	0.0384615385
59 54 78	0.1250000000
70 15 59	0.0625000000
1 53 19	0.1250000000
3 53 78	0.1111111111
1 49 11	0.0769230769
52 52 48	0.0416666667
1 60 78	0.1111111111
6 32 7	0.1111111111
49 14 52	0.0714285714
49 4 6	0.0107526882
14 4 54	0.1250000000
1 66 3	0.0133333333
46 66 56	0.0322580645
66 56 52	0.0227272727
6 8 11	0.1538461538
49 57 54	0.0909090909
57 49 11	0.0666666667
7 57 47	0.0714285714
14 4 6	0.0298507463
53 24 78	0.1111111111
11 59 49	0.0327868852
54 66 21	0.1111111111
47 52 11	0.1428571429
4 3 52	0.0400000000
42 49 54	0.1250000000
8 3 78	0.1666666667
50 2 3	0.0909090909
7 6 18	0.0256410256
52 11 48	0.1111111111
14 46 52	0.0400000000
11 47 3	0.0131578947
49 49 4	0.0384615385
70 3 53	0.0392156863
47 60 42	0.1666666667
1 50 52	0.0344827586
6 18 7	0.0500000000
57 68 19	0.1250000000
13 78 59	0.0500000000
69 4 48	0.1818181818
70 18 53	0.0434782609
70 19 13	0.0285714286
42 47 11	0.0666666667
59 54 59	0.0769230769
14 13 47	0.0400000000
75 18 47	0.0303030303
57 32 1	0.1428571429
57 57 13	0.0212765957
11 59 1	0.1111111111
7 49 18	0.0555555556
50 1 1	0.1071428571
49 18 54	0.1250000000
59 11 48	0.1111111111
4 11 52	0.0555555556
52 1 42	0.2857142857
75 30 3	0.1111111111
52 0 7	0.0769230769
11 47 47	0.0384615385
3 11 13	0.0363636364
49 56 52	0.1000000000
6 36 7	0.1111111111
53 5 21	0.1111111111
66 7 52	0.0357142857
6 1 52	0.0235294118
50 30 3	0.1111111111
42 1 7	0.1111111111
8 13 57	0.1111111111
13 47 48	0.1818181818
70 18 78	0.1250000000
50 18 1	0.0526315789
4 57 3	0.0303030303
75 3 1	0.0833333333
14 66 49	0.0714285714
14 2 7	0.1250000000
52 59 11	0.0476190476
14 47 42	0.1666666667
49 49 78	0.0666666667
49 10 7	0.0344827586
6 14 53	0.0322580645
8 49 13	0.0392156863
3 48 59	0.0333333333
52 60 59	0.0370370370
11 1 52	0.0194174757
11 70 18	0.0555555556
1 59 52	0.0185185185
54 32 57	0.1250000000
42 3 59	0.0526315789
7 1 78	0.0769230769
47 10 7	0.0370370370
1 53 59	0.0625000000
49 32 6	0.0344827586
46 6 6	0.0243902439
54 6 6	0.0140845070
49 68 20	0.1250000000
11 1 48	0.0714285714
7 49 56	0.0625000000
1 8 47	0.0833333333
2 3 48	0.0833333333
6 7 52	0.0322580645
10 15 13	0.0322580645
57 4 54	0.1250000000
59 52 7	0.0322580645
7 50 78	0.1666666667
1 13 1	0.1428571429
49 15 3	0.0370370370
1 2 52	0.0222222222
8 2 59	0.0769230769
57 8 3	0.0285714286
11 11 53	0.0303030303
50 1 42	0.1666666667
47 32 59	0.0416666667
47 54 59	0.0769230769
78 49 21	0.1111111111
78 70 7	0.0909090909
50 7 59	0.1111111111
4 2 3	0.1428571429
8 6 6	0.0140845070
69 31 13	0.0277777778
47 66 19	0.1000000000
54 4 6	0.0238095238
78 57 47	0.0769230769
42 59 7	0.1250000000
47 32 13	0.0158730159
50 36 20	0.0769230769
52 57 48	0.1111111111
4 52 47	0.0256410256
52 57 3	0.0140845070
6 2 1	0.1052631579
6 32 59	0.0606060606
14 49 18	0.0555555556
57 4 53	0.0588235294
11 3 6	0.0178571429
49 7 6	0.0156250000
49 50 78	0.1111111111
78 2 1	0.1052631579
57 57 57	0.0833333333
50 24 47	0.1000000000
78 11 48	0.1818181818
49 13 20	0.1111111111
1 57 42	0.1666666667
1 53 13	0.0384615385
78 4 1	0.0666666667
13 6 42	0.2857142857
49 8 78	0.1666666667
42 53 48	0.1250000000
14 66 3	0.0136986301
54 49 59	0.0645161290
54 59 1	0.1111111111
10 5 7	0.0769230769
1 2 1	0.0833333333
11 53 11	0.1333333333
52 47 49	0.0077519380
49 11 54	0.1250000000
6 4 57	0.0416666667
14 49 42	0.1666666667
47 2 49	0.0140845070
6 66 19	0.1111111111
52 3 42	0.1666666667
46 56 11	0.1428571429
3 32 3	0.0123456790
6 29 7	0.1428571429
47 3 11	0.0714285714
1 59 1	0.0833333333
8 4 54	0.1250000000
1 59 59	0.0800000000
49 2 49	0.0370370370
47 54 48	0.1250000000
49 18 78	0.1250000000
1 13 20	0.1111111111
52 0 49	0.0153846154
42 59 47	0.0454545455
57 32 57	0.1000000000
47 70 23	0.1111111111
3 3 48	0.0256410256
69 21 6	0.0232558140
57 54 42	0.1666666667
11 66 21	0.1538461538
54 6 57	0.1250000000
47 4 13	0.0250000000
14 52 50	0.0238095238
11 14 11	0.1428571429
3 66 49	0.0526315789
46 56 53	0.0909090909
6 11 48	0.1250000000
2 3 11	0.0714285714
70 15 47	0.0526315789
78 4 6	0.0277777778
6 60 1	0.1428571429
59 50 53	0.0416666667
3 4 78	0.1666666667
7 6 48	0.0454545455
8 3 3	0.0666666667
59 70 18	0.0256410256
47 11 48	0.1250000000
7 50 49	0.0303030303
78 48 52	0.0454545455
2 49 18	0.0555555556
49 1 59	0.0303030303
42 3 47	0.0344827586
66 3 7	0.0476190476
50 19 78	0.1666666667
3 2 57	0.1250000000
7 7 0	0.0714285714
52 11 52	0.0232558140
42 10 7	0.0666666667
14 70 22	0.1250000000
47 3 54	0.1111111111
49 32 13	0.0263157895
49 61 20	0.0476190476
66 7 47	0.1176470588
66 2 3	0.0384615385
3 63 1	0.0263157895
52 47 50	0.0210526316
46 68 3	0.0714285714
7 52 49	0.0163934426
49 18 19	0.1250000000
66 15 49	0.0882352941
13 0 56	0.0526315789
8 53 56	0.0769230769
3 3 47	0.0266666667
7 1 1	0.1176470588
13 47 78	0.1818181818
11 7 0	0.0588235294
3 8 3	0.0434782609
52 68 52	0.1250000000
11 3 78	0.0909090909
59 8 47	0.0645161290
49 59 49	0.0348837209
66 59 52	0.0294117647
70 19 52	0.0285714286
49 65 20	0.1111111111
78 47 59	0.0322580645
11 6 42	0.1666666667
6 18 21	0.1111111111
1 52 0	0.0909090909
4 6 42	0.1666666667
59 60 52	0.0285714286
14 52 1	0.0869565217
57 13 57	0.0833333333
47 13 13	0.0095238095
11 60 52	0.0416666667
11 4 78	0.3750000000
6 50 11	0.2000000000
66 46 6	0.0526315789
3 1 48	0.0909090909
50 30 52	0.1250000000
57 68 52	0.1250000000
1 13 48	0.0476190476
3 46 52	0.0400000000
59 52 48	0.0217391304
3 32 7	0.1000000000
52 48 54	0.0909090909
3 11 1	0.0952380952
69 1 54	0.0555555556
75 52 78	0.2857142857
7 6 0	0.0714285714
57 47 6	0.0212765957
47 78 78	0.1666666667
49 53 20	0.0526315789
47 59 52	0.0465116279
59 53 21	0.1111111111
50 3 57	0.0833333333
42 13 47	0.0588235294
14 6 19	0.1428571429
3 11 7	0.0909090909
50 52 78	0.3750000000
50 22 11	0.1111111111
49 55 19	0.1428571429
78 14 52	0.0869565217
1 68 3	0.0714285714
59 1 7	0.0666666667
54 52 42	0.1666666667
11 53 42	0.1666666667
47 46 1	0.0526315789
54 59 49	0.0212765957
1 60 49	0.0333333333
78 78 54	0.0909090909
7 49 4	0.0500000000
78 4 78	0.1666666667
52 47 47	0.0588235294
14 2 57	0.1250000000
6 24 11	0.0769230769
52 78 47	0.0294117647
10 3 11	0.1250000000
6 60 42	0.1666666667
6 9 7	0.0909090909
8 13 49	0.0285714286
14 65 3	0.0666666667
49 15 59	0.0666666667
6 47 49	0.0091743119
54 7 52	0.0434782609
50 36 3	0.0400000000
6 53 1	0.1666666667
66 22 53	0.0476190476
8 10 22	0.0909090909
14 3 13	0.0250000000
8 46 1	0.0500000000
49 4 3	0.0253164557
6 29 22	0.1428571429
4 11 47	0.0833333333
49 32 47	0.0588235294
14 3 1	0.0769230769
50 29 1	0.0909090909
78 59 7	0.0833333333
70 18 21	0.1111111111
6 8 42	0.1666666667
4 49 6	0.0476190476
78 54 78	0.1250000000
50 19 11	0.1250000000
11 7 3	0.0270270270
53 19 48	0.1250000000
4 49 4	0.0526315789
1 32 7	0.0769230769
54 6 19	0.1428571429
59 66 49	0.0333333333
6 68 52	0.1250000000
42 47 59	0.0588235294
54 46 52	0.0454545455
78 47 7	0.0454545455
42 57 3	0.0434782609
2 59 7	0.0909090909
54 14 0	0.0909090909
42 8 53	0.0909090909
1 66 49	0.0625000000
78 2 47	0.1176470588
53 3 57	0.0555555556
66 22 3	0.0322580645
59 48 49	0.0204081633
4 8 1	0.0714285714
47 47 42	0.1666666667
13 14 59	0.0588235294
7 2 47	0.1000000000
70 4 52	0.0909090909
75 4 49	0.0208333333
47 6 57	0.1000000000
78 47 13	0.0108695652
47 65 52	0.1250000000
14 66 21	0.1111111111
70 18 54	0.1250000000
7 50 47	0.0625000000
78 1 57	0.0740740741
66 3 48	0.0344827586
52 53 78	0.1250000000
8 57 78	0.1111111111
4 78 1	0.0714285714
78 66 21	0.1111111111
57 8 53	0.0400000000
52 0 13	0.0294117647
54 11 78	0.0909090909
59 32 49	0.0101010101
1 6 19	0.1428571429
49 13 11	0.0588235294
46 56 47	0.1000000000
78 50 53	0.0416666667
49 56 49	0.0555555556
14 53 11	0.1111111111
57 49 56	0.0285714286
1 3 47	0.0227272727
54 6 7	0.0909090909
59 57 49	0.0081967213
53 19 52	0.0285714286
1 32 52	0.0222222222
7 1 57	0.0833333333
52 11 13	0.0222222222
1 50 1	0.1000000000
11 65 52	0.1250000000
59 47 53	0.0133333333
49 13 78	0.0666666667
75 3 59	0.0555555556
42 13 57	0.1111111111
14 59 49	0.0327868852
57 54 47	0.0625000000
57 52 52	0.0129870130
6 57 1	0.1875000000
70 36 3	0.0645161290
53 15 3	0.0309278351
52 3 50	0.0188679245
47 47 11	0.0714285714
53 15 52	0.0158730159
47 13 20	0.0833333333
3 78 47	0.0322580645
6 6 0	0.0526315789
75 24 7	0.1250000000
59 14 47	0.0476190476
57 52 50	0.0196078431
8 2 57	0.1250000000
14 1 42	0.1666666667
8 8 78	0.1111111111
7 52 59	0.0476190476
49 7 49	0.0169491525
42 52 0	0.0909090909
11 8 42	0.1666666667
50 1 59	0.0454545455
7 49 22	0.1428571429
2 52 7	0.0500000000
59 66 21	0.1111111111
46 2 0	0.0769230769
49 29 22	0.1428571429
4 65 22	0.1428571429
8 14 54	0.0909090909
13 10 3	0.0250000000
46 52 52	0.0147058824
59 7 52	0.0263157895
1 1 3	0.0256410256
59 47 3	0.0076923077
54 50 3	0.0714285714
78 53 47	0.0322580645
57 53 42	0.1666666667
49 46 1	0.0666666667
57 49 22	0.0909090909
11 10 3	0.0476190476
3 4 6	0.0333333333
10 51 56	0.0454545455
11 14 53	0.0416666667
42 13 48	0.0555555556
54 47 52	0.0416666667
3 13 57	0.0909090909
1 49 57	0.0714285714
78 78 49	0.0169491525
8 11 47	0.0526315789
42 1 57	0.0909090909
7 68 19	0.1428571429
59 65 3	0.0322580645
50 19 54	0.1250000000
42 47 48	0.1250000000
69 1 53	0.0192307692
8 6 7	0.0909090909
10 51 7	0.0588235294
54 13 49	0.0285714286
59 2 7	0.1250000000
6 46 6	0.0357142857
49 4 0	0.0588235294
78 2 52	0.0138888889
52 8 3	0.0434782609
57 50 47	0.0625000000
4 8 47	0.0625000000
69 6 18	0.0555555556
47 59 59	0.0416666667
50 18 22	0.1428571429
3 11 42	0.1666666667
14 13 1	0.1428571429
59 4 78	0.1666666667
52 3 20	0.0625000000
6 14 47	0.0434782609
2 3 7	0.0714285714
59 59 78	0.0500000000
42 8 11	0.1428571429
52 4 1	0.0909090909
3 8 78	0.1666666667
2 52 47	0.0238095238
49 15 52	0.0526315789
47 53 78	0.1111111111
7 6 7	0.0588235294
6 11 7	0.0833333333
6 50 49	0.0303030303
50 30 19	0.1428571429
59 78 47	0.0277777778
52 59 7	0.0666666667
42 53 47	0.1000000000
7 8 3	0.0434782609
50 24 57	0.1250000000
6 4 48	0.1250000000
11 50 78	0.1666666667
8 2 49	0.0303030303
11 13 11	0.0588235294
6 7 54	0.1250000000
3 50 47	0.0454545455
49 53 19	0.2000000000
1 53 57	0.0909090909
1 7 11	0.1428571429
69 1 0	0.0714285714
54 7 54	0.1250000000
42 1 11	0.1111111111
52 78 54	0.0909090909
4 65 20	0.1111111111
75 80 54	0.0769230769
7 3 13	0.0384615385
42 2 1	0.0833333333
57 54 59	0.0714285714
59 57 3	0.0105263158
3 32 48	0.0909090909
49 47 50	0.0285714286
13 3 53	0.0097087379
13 20 53	0.0333333333
8 13 1	0.0833333333
7 11 11	0.1000000000
6 9 20	0.0833333333
42 65 52	0.1250000000
7 52 1	0.0588235294
14 8 1	0.1428571429
42 59 1	0.0833333333
50 3 7	0.0833333333
14 59 52	0.0250000000
7 52 50	0.0344827586
1 53 11	0.0909090909
7 2 7	0.1250000000
52 54 59	0.0769230769
3 11 54	0.1111111111
3 53 42	0.1666666667
52 0 53	0.0416666667
7 6 11	0.0909090909
6 7 47	0.0769230769
52 60 42	0.1666666667
50 2 4	0.0625000000
47 3 53	0.0200000000
59 59 7	0.0769230769
8 60 42	0.1666666667
47 49 22	0.1428571429
50 34 19	0.1428571429
47 47 47	0.0333333333
53 19 11	0.0769230769
42 66 22	0.0909090909
2 13 11	0.1428571429
52 8 49	0.0285714286
66 19 49	0.0208333333
1 3 1	0.0769230769
47 48 49	0.0204081633
70 52 53	0.0370370370
57 8 49	0.0212765957
3 20 52	0.0416666667
8 70 19	0.1250000000
42 1 54	0.1250000000
65 20 52	0.0384615385
14 47 78	0.1111111111
46 61 56	0.0270270270
8 2 1	0.0833333333
52 78 78	0.0909090909
8 1 49	0.0161290323
11 59 59	0.0625000000
8 2 3	0.0384615385
47 66 49	0.0333333333
46 68 52	0.1250000000
78 47 57	0.0416666667
3 50 18	0.0185185185
57 70 18	0.0555555556
59 6 19	0.1428571429
59 78 53	0.0285714286
78 60 42	0.1666666667
50 7 47	0.1000000000
47 59 1	0.0769230769
11 4 52	0.0400000000
59 61 22	0.1428571429
42 2 57	0.1250000000
3 78 3	0.0163934426
8 32 1	0.0833333333
49 11 1	0.0769230769
3 51 20	0.1000000000
49 18 20	0.0344827586
54 32 7	0.1250000000
2 3 52	0.0217391304
66 5 22	0.1428571429
3 54 59	0.0769230769
46 3 13	0.0277777778
52 11 3	0.0204081633
75 52 3	0.0500000000
69 31 52	0.0294117647
59 14 6	0.0294117647
7 70 7	0.0909090909
59 46 6	0.0540540541
42 7 78	0.1666666667
14 59 59	0.0625000000
52 59 48	0.0454545455
6 14 52	0.0392156863
66 73 50	0.1250000000
53 19 49	0.0161290323
1 4 78	0.1666666667
47 70 18	0.0256410256
49 47 47	0.0526315789
54 2 5