0	0.0000000000
1	0.0000000000
2	0.0000000000
3	0.0000000000
4	0.0000000000
5	0.0000000000
6	0.0000000000
7	0.0000000000
8	0.0000000000
9	0.0000000000
10	0.0000000000
11	0.0000000000
12	0.0000000000
13	0.0000000000
14	0.0000000000
15	0.0000000000
16	0.0000000000
17	0.0000000000
18	0.0000000000
19	0.0000000000
20	0.0000000000
21	0.0000000000
22	0.0000000000
23	0.0000000000
24	0.0000000000
25	0.0000000000
26	0.0000000000
27	0.0000000000
28	0.0000000000
29	0.0000000000
30	0.0000000000
31	0.0000000000
32	0.0000000000
33	0.0000000000
34	0.0000000000
35	0.0000000000
36	0.0000000000
37	0.0000000000
38	0.0000000000
39	0.0000000000
40	0.0000000000
41	0.0000000000
42	0.0000000000
43	0.0000000000
44	0.0000000000
45	0.0000000000
46	0.0000000000
47	0.0000000000
48	0.0000000000
49	0.0000000000
50	0.0000000000
51	0.0000000000
52	0.0000000000
53	0.0000000000
54	0.0000000000
55	0.0000000000
56	0.0000000000
57	0.0000000000
58	0.0000000000
59	0.0000000000
60	0.0000000000
61	0.0000000000
63	0.0000000000
64	0.0000000000
65	0.0000000000
66	0.0000000000
67	0.0000000000
68	0.0000000000
69	0.0000000000
70	0.0000000000
71	0.0000000000
72	0.0000000000
73	0.0000000000
74	0.0000000000
75	0.0000000000
76	0.0000000000
77	0.0000000000
78	0.0000000000
79	0.0000000000
80	0.0000000000
81	0.0000000000
82	0.0000000000
83	0.0000000000
84	0.0000000000
85	0.0000000000
86	0.0000000000
87	0.0000000000
88	0.0000000000
89	0.0000000000
90	0.0000000000
91	0.0000000000
92	0.0000000000
62 50	0.1176470588
62 59 6	0.2086021505
62 66	0.2048192771
62 1 52	0.1791666667
62 0	0.2203389831
62 32	0.2307692308
62 51 3	0.2590361446
62 55	0.3333333333
62 49	0.1958041958
62 54 53	0.3166666667
50 71	0.1538461538
62 5	0.1525423729
62 4 11	0.4666666667
62 57 8	0.2222222222
62 59	0.2380952381
62 13 49	0.2455795678
62 13 3	0.2247191011
62 48	0.2432432432
62 11 10	0.1142857143
62 59 66	0.2388663968
62 7 6	0.1940298507
62 22 46	0.2875000000
62 6	0.1975308642
62 7	0.2272727273
62 4 53	0.2727272727
62 47 52	0.1385542169
62 46	0.1884057971
62 1	0.2702702703
62 51 75	0.3333333333
62 56 47	0.1200000000
62 11	0.2777777778
62 46 3	0.1041666667
62 2	0.2368421053
62 3 64	0.3818181818
50 69	0.1428571429
62 53	0.2439024390
62 6 70	0.4047619048
62 78 49	0.1984126984
62 13 5	0.2816901408
62 66 51	0.1927083333
62 3	0.1971830986
62 80 54	0.2340425532
62 6 18	0.1627906977
62 20 3	0.1876832845
62 24	0.3125000000
62 68	0.4117647059
62 6 36	0.1842105263
62 1 53	0.2968750000
62 75 2	0.1052631579
62 13 6	0.1818181818
62 7 10	0.1666666667
62 64	0.3448275862
62 0 36	0.2105263158
62 52	0.2077922078
62 57 66	0.1959459459
62 75	0.2666666667
62 47 66	0.1853281853
62 54 64	0.2307692308
62 75 52	0.3243243243
62 52 66	0.1928934010
62 59 53	0.2352941176
62 42 32	0.2500000000
62 9	0.2380952381
62 20 88	0.2000000000
62 18	0.1666666667
62 9 22	0.5384615385
62 4 6	0.1674641148
62 24 78	0.4347826087
62 54 49	0.2068965517
62 6 11	0.4130434783
62 4	0.2307692308
62 0 17	0.1604938272
62 22 8	0.1956521739
62 49 17	0.1833333333
62 34 48	0.1538461538
62 47	0.2631578947
62 36 51	0.2285714286
62 10	0.2258064516
62 51 59	0.2352941176
62 57	0.2777777778
62 64 29	0.2745098039
62 18 82	0.3793103448
62 20 49	0.1903614458
62 22	0.3333333333
62 7 49	0.2315521628
62 49 49	0.2579852580
62 3 11	0.4526315789
62 13	0.2238805970
62 4 64	0.3043478261
62 49 51	0.2169312169
62 51	0.1323529412
62 36 3	0.2807017544
62 49 70	0.3620689655
62 3 13	0.2467018470
62 46 66	0.1296296296
62 3 6	0.2258953168
62 0 68	0.4893617021
62 60	0.3000000000
62 1 3	0.2275641026
62 75 24	0.3333333333
62 36 75	0.2666666667
62 18 66	0.2372881356
62 29	0.2666666667
62 3 78	0.2479338843
62 18 2	0.1752577320
62 3 59	0.2604166667
62 30	0.1428571429
62 64 4	0.3787878788
62 59 57	0.4000000000
62 59 3	0.2284172662
62 15 0	0.3009708738
62 30 18	0.1666666667
62 49 20	0.3657142857
62 53 20	0.3372093023
62 54 66	0.2000000000
50 49 4	0.1739130435
62 6 10	0.1684210526
62 20 10	0.2253521127
62 56	0.1750000000
62 46 61	0.2167832168
62 50 75	0.1250000000
62 56 6	0.1359223301
62 82 76	0.0769230769
62 66 49	0.3235294118
62 13 14	0.1785714286
62 15 49	0.3333333333
62 5 64	0.3518518519
62 76	0.1000000000
62 67 7	0.0714285714
62 0 6	0.2319749216
62 22 1	0.2702702703
62 66 2	0.4117647059
62 10 46	0.1923076923
62 82	0.3636363636
62 61 7	0.2037037037
62 7 50	0.1448275862
62 49 78	0.1789473684
62 3 51	0.2500000000
62 13 64	0.3333333333
62 6 50	0.1259842520
62 51 7	0.2298850575
62 57 65	0.2903225806
62 50 56	0.0833333333
62 70	0.2941176471
62 39	0.1000000000
62 24 66	0.1550387597
50 52 49	0.1707317073
62 27	0.1000000000
62 5 20	0.3457943925
62 20 11	0.4754098361
62 20	0.3469387755
62 18 5	0.2137931034
62 70 64	0.3333333333
62 66 24	0.3000000000
62 61 4	0.2500000000
62 4 10	0.2142857143
62 4 49	0.2057142857
62 63 0	0.3555555556
62 47 11	0.4062500000
62 56 64	0.3333333333
62 51 20	0.3717948718
62 13 46	0.2288135593
62 63 46	0.3095238095
62 11 59	0.2439024390
62 3 32	0.2272727273
62 3 3	0.2375565611
62 7 17	0.1666666667
62 56 34	0.2000000000
62 56 13	0.2637362637
62 6 59	0.2848484848
62 20 46	0.2628865979
62 24 11	0.4230769231
62 50 5	0.2272727273
62 11 52	0.1428571429
62 75 46	0.3076923077
62 49 50	0.1686746988
62 0 49	0.2884615385
62 56 3	0.2000000000
62 49 66	0.1957186544
62 0 8	0.1728395062
62 3 53	0.2668621701
62 59 61	0.1338582677
62 0 66	0.1795774648
62 18 4	0.4210526316
62 63 39	0.3076923077
62 19 52	0.1166666667
62 51 46	0.2142857143
62 11 11	0.4687500000
62 20 50	0.1701244813
62 49 82	0.5000000000
62 3 57	0.4489795918
62 57 46	0.2948717949
62 10 5	0.1830985915
62 3 1	0.2530864198
62 65	0.3333333333
62 52 47	0.3024390244
62 47 53	0.2845528455
62 22 52	0.1666666667
62 52 13	0.2406947891
62 63	0.1944444444
62 17	0.1627906977
62 49 54	0.5000000000
62 48 1	0.3250000000
62 57 78	0.4400000000
62 54	0.2777777778
62 63 89	0.4285714286
50 49 47	0.1538461538
62 36	0.2105263158
62 6 13	0.2380952381
62 64 36	0.1973684211
62 5 15	0.1160714286
62 1 66	0.2094240838
62 24 49	0.2547169811
62 88 47	0.2222222222
62 49 68	0.4375000000
62 1 6	0.2366412214
62 20 59	0.1944444444
62 8	0.1785714286
62 50 2	0.2424242424
62 53 49	0.2439024390
62 46 10	0.2302158273
62 32 46	0.2500000000
62 8 53	0.3200000000
62 49 6	0.2247899160
76 18	0.2500000000
62 59 49	0.2463768116
62 70 36	0.2820512821
62 54 46	0.2058823529
62 65 22	0.4411764706
62 34	0.1538461538
62 60 49	0.1917808219
62 54 52	0.1308411215
62 19	0.4615384615
62 7 3	0.1925465839
62 53 57	0.4705882353
62 3 63	0.2994350282
62 66 55	0.3695652174
62 7 46	0.3128834356
76 83	0.1428571429
62 36 26	0.2222222222
76 18 82	0.3000000000
62 32 47	0.3157894737
62 57 54	0.5652173913
62 20 60	0.3695652174
62 52 46	0.3303571429
62 52 14	0.1960784314
62 23 49	0.2500000000
62 76 18	0.2142857143
62 20 6	0.1685144124
62 61 2	0.1904761905
62 17 59	0.1956521739
62 57 7	0.2333333333
62 7 47	0.2773722628
62 19 46	0.3809523810
62 1 46	0.3515625000
62 59 47	0.2951541850
62 7 0	0.4878048780
62 11 68	0.4615384615
62 0 3	0.2234957020
62 19 2	0.2857142857
62 48 57	0.3076923077
62 59 46	0.2938144330
62 52 52	0.1780219780
62 20 48	0.3913043478
62 8 34	0.1466666667
62 49 64	0.3658536585
62 36 5	0.2040816327
62 48 20	0.4900000000
62 3 52	0.1989528796
62 29 7	0.2432432432
62 11 54	0.4736842105
62 3 47	0.3041237113
62 50 80	0.1333333333
62 53 2	0.2424242424
76 18 47	0.2727272727
62 57 4	0.2800000000
62 0 2	0.2560975610
62 0 13	0.2467532468
62 1 1	0.2686567164
62 8 3	0.1971830986
62 24 68	0.3888888889
62 6 66	0.1983805668
62 11 7	0.2857142857
62 26	0.1428571429
62 17 49	0.3028571429
76 4	0.3333333333
62 6 49	0.2571912014
62 48 19	0.3809523810
62 0 52	0.1943462898
62 53 3	0.2162162162
62 34 46	0.0666666667
62 0 53	0.2849162011
62 50 18	0.2016129032
62 55 52	0.3684210526
62 49 46	0.2680412371
62 78	0.2142857143
62 63 10	0.2978723404
62 37 18	0.2363636364
62 53 5	0.2352941176
62 17 48	0.3846153846
62 0 47	0.3308823529
62 13 8	0.2222222222
62 50 3	0.2640000000
62 3 8	0.2482758621
62 20 17	0.1827956989
62 52 1	0.2777777778
62 52 11	0.4032258065
62 6 46	0.2582159624
62 24 13	0.1573033708
62 66 3	0.2601626016
62 49 53	0.2470119522
62 10 2	0.2380952381
62 1 64	0.3333333333
62 57 3	0.2074074074
62 13 47	0.2735849057
62 48 26	0.5000000000
62 46 89	0.4782608696
62 0 50	0.1156462585
62 13 66	0.1521739130
62 3 61	0.2405063291
62 18 46	0.2394366197
62 19 49	0.1984126984
62 7 68	0.5102040816
76 18 5	0.2142857143
62 32 49	0.2678571429
62 19 66	0.2371134021
62 61 20	0.3589743590
62 0 20	0.4444444444
62 5 3	0.2992700730
62 4 66	0.2228260870
62 36 64	0.3793103448
62 7 11	0.4090909091
62 49 47	0.2669172932
62 51 34	0.1538461538
62 30 46	0.1428571429
62 11 3	0.1654135338
62 49 60	0.1764705882
62 56 50	0.1463414634
62 6 76	0.1428571429
62 15 13	0.2297297297
62 15 3	0.2407407407
62 24 3	0.1779661017
62 22 49	0.2123287671
62 18 7	0.2134831461
62 18 47	0.2372881356
62 56 52	0.1649484536
62 85	0.1111111111
62 49 13	0.2490196078
62 56 9	0.0833333333
62 66 5	0.2348178138
62 14	0.2142857143
62 56 49	0.1925465839
62 18 49	0.2009569378
62 18 50	0.2187500000
62 13 61	0.2857142857
62 57 64	0.3571428571
62 49 7	0.2380952381
62 59 70	0.2978723404
62 52 3	0.2271762208
62 77 23	0.2400000000
62 80	0.1052631579
62 51 2	0.3291139241
62 51 64	0.4428571429
62 20 52	0.1512345679
62 3 48	0.3412698413
62 46 1	0.2884615385
62 47 17	0.2027027027
62 2 7	0.4444444444
62 60 8	0.3076923077
62 54 68	0.4736842105
62 9 20	0.4358974359
62 0 0	0.3934426230
62 3 68	0.5081967213
62 18 52	0.1714285714
62 8 49	0.2476190476
62 4 3	0.2170542636
62 52 68	0.5090909091
62 49 59	0.2531645570
62 49 1	0.2846715328
62 49 52	0.2149837134
62 3 66	0.1908212560
62 6 1	0.2371134021
62 78 50	0.1707317073
62 9 56	0.0526315789
62 47 31	0.1463414634
62 47 6	0.2153110048
62 79 61	0.1000000000
62 13 52	0.2000000000
62 18 51	0.1557377049
62 6 3	0.2619047619
62 2 49	0.2429378531
62 6 53	0.2721893491
62 59 8	0.2580645161
62 47 50	0.1439393939
62 5 49	0.1875000000
62 64 3	0.2452830189
62 7 48	0.4000000000
62 59 50	0.1582733813
62 20 1	0.2637362637
62 18 15	0.0857142857
62 7 13	0.2123893805
62 20 57	0.4411764706
62 20 68	0.4687500000
50 52 64	0.3076923077
62 7 8	0.2235294118
62 7 60	0.4102564103
62 18 6	0.1721311475
62 32 53	0.3030303030
62 20 47	0.2739726027
62 4 1	0.2500000000
62 22 10	0.1034482759
62 53 68	0.4615384615
62 4 52	0.1290322581
62 14 53	0.3555555556
62 78 46	0.2884615385
62 68 19	0.5357142857
62 53 1	0.1578947368
62 29 2	0.2258064516
62 52 61	0.1558441558
62 14 46	0.2619047619
62 2 3	0.2262773723
62 11 65	0.2812500000
62 49 11	0.4444444444
62 48 54	0.4838709677
62 14 52	0.2666666667
62 43 17	0.2571428571
62 3 60	0.1730769231
62 47 3	0.1989795918
62 56 66	0.2500000000
62 69	0.1538461538
62 2 63	0.3125000000
50 49 64	0.3076923077
62 6 6	0.1792035398
62 78 11	0.4000000000
62 14 3	0.1304347826
62 23	0.1818181818
62 59 52	0.1758241758
62 0 54	0.6129032258
62 22 57	0.4285714286
62 20 53	0.2535211268
62 13 48	0.2586206897
62 75 80	0.1111111111
62 19 1	0.2564102564
62 46 52	0.2105263158
62 48 6	0.2857142857
62 82 3	0.1714285714
62 2 75	0.3125000000
62 8 2	0.3333333333
62 47 23	0.2500000000
62 3 46	0.3076923077
62 32 50	0.1562500000
62 51 49	0.2376237624
62 13 57	0.3333333333
62 49 22	0.3529411765
62 10 20	0.4166666667
62 24 6	0.1308411215
62 47 49	0.2113402062
62 2 64	0.4814814815
62 13 13	0.2466960352
62 2 13	0.2647058824
62 46 17	0.1818181818
62 5 82	0.4705882353
62 53 11	0.3684210526
62 52 50	0.1555555556
62 51 82	0.4545454545
62 0 18	0.1612903226
62 78 68	0.4000000000
62 46 2	0.3698630137
62 6 14	0.1489361702
62 6 61	0.1805555556
62 57 49	0.2324324324
62 75 3	0.1914893617
62 3 2	0.1148325359
62 50 70	0.3333333333
62 53 15	0.0802919708
62 26 55	0.2727272727
62 8 4	0.3200000000
62 59 65	0.3620689655
62 56 48	0.0952380952
62 53 52	0.2542372881
62 1 13	0.2481481481
62 22 6	0.1931034483
62 70 23	0.2222222222
62 6 54	0.4375000000
62 52 49	0.2473604827
62 59 69	0.1724137931
50 52 47	0.1764705882
62 2 4	0.3500000000
62 67 64	0.3750000000
62 57 50	0.1707317073
62 60 11	0.2777777778
62 48 70	0.1666666667
62 59 59	0.2828282828
62 61 3	0.2857142857
62 46 63	0.2916666667
62 59 7	0.2093023256
62 56 17	0.1627906977
62 2 82	0.1818181818
62 50 52	0.3137254902
62 32 8	0.3235294118
62 10 51	0.2250000000
62 24 0	0.4117647059
62 57 57	0.4687500000
62 17 5	0.3373493976
62 24 52	0.1770833333
62 1 54	0.5217391304
62 8 47	0.2500000000
62 2 10	0.0555555556
62 64 52	0.3333333333
62 8 32	0.3571428571
62 4 78	0.3703703704
62 13 63	0.1800000000
62 0 69	0.1842105263
50 49 80	0.0769230769
62 4 8	0.2000000000
62 18 59	0.2105263158
62 43 39	0.1666666667
62 20 14	0.2222222222
62 39 56	0.2250000000
62 78 6	0.1818181818
62 52 0	0.4062500000
62 67 6	0.3750000000
62 6 47	0.2429378531
50 6 64	0.3076923077
62 56 63	0.2105263158
62 50 36	0.1333333333
62 4 13	0.1774193548
62 80 9	0.1086956522
62 6 7	0.3061224490
62 37 30	0.2500000000
62 55 3	0.2173913043
76 80	0.1818181818
62 11 53	0.3125000000
62 4 60	0.2500000000
62 59 11	0.4385964912
62 48 10	0.2380952381
62 24 47	0.2244897959
62 11 47	0.3015873016
62 46 46	0.4137931034
62 19 53	0.2916666667
62 7 52	0.1710037175
62 52 2	0.2086956522
62 19 54	0.4545454545
62 17 46	0.3611111111
62 49 4	0.3707865169
62 66 48	0.2272727273
62 17 51	0.2207792208
62 60 13	0.1694915254
62 82 29	0.2857142857
62 54 70	0.3548387097
62 1 14	0.2142857143
62 22 53	0.3205128205
62 53 19	0.5625000000
62 22 47	0.2413793103
62 0 60	0.3235294118
62 9 24	0.3636363636
62 6 2	0.1538461538
62 11 49	0.2340425532
62 0 10	0.1375000000
62 36 20	0.3023255814
62 0 78	0.3636363636
62 29 51	0.1860465116
62 0 32	0.3488372093
62 66 64	0.3200000000
76 18 6	0.2250000000
62 8 66	0.1636363636
62 3 70	0.3600000000
62 60 6	0.1666666667
76 18 3	0.2878787879
62 5 7	0.2419354839
62 52 32	0.2622950820
62 1 61	0.2131147541
62 10 85	0.5294117647
62 48 48	0.2500000000
62 88 57	0.2857142857
62 48 64	0.3333333333
62 2 52	0.1944444444
62 64 83	0.2765957447
62 5 21	0.2941176471
50 49 2	0.0666666667
62 52 54	0.5098039216
62 65 4	0.2222222222
62 8 13	0.1296296296
62 1 49	0.2913580247
62 49 5	0.2009345794
62 19 13	0.3043478261
62 51 63	0.2718446602
62 54 57	0.5333333333
62 7 66	0.1788079470
62 61 48	0.1428571429
62 57 13	0.2016129032
62 13 10	0.2058823529
62 73	0.0833333333
50 6 59	0.1764705882
62 53 56	0.2169811321
62 11 66	0.1935483871
62 77 1	0.1818181818
62 6 29	0.2727272727
50 1 53	0.2000000000
62 57 68	0.4347826087
62 75 4	0.3333333333
62 50 51	0.0937500000
62 70 18	0.1794871795
62 6 48	0.2857142857
62 18 3	0.2197802198
62 20 13	0.2360000000
62 56 32	0.3478260870
62 53 75	0.3750000000
62 20 8	0.2246376812
62 57 10	0.2187500000
62 8 52	0.2028985507
62 1 50	0.1382978723
62 7 64	0.3846153846
62 11 6	0.2014388489
62 11 1	0.2295081967
62 29 82	0.3636363636
62 3 50	0.1565217391
62 18 31	0.0909090909
62 20 78	0.3513513514
62 20 0	0.2800000000
62 57 47	0.2812500000
62 10 3	0.2500000000
62 80 10	0.2820512821
62 80 73	0.3636363636
50 6 61	0.1428571429
62 18 75	0.3333333333
62 53 64	0.3518518519
62 6 4	0.3265306122
62 51 0	0.1190476190
62 78 64	0.4000000000
62 57 52	0.1938775510
62 57 59	0.2325581395
62 0 70	0.3589743590
76 4 66	0.1886792453
62 13 53	0.2962962963
62 66 63	0.3513513514
62 4 46	0.2151898734
62 0 65	0.3902439024
62 65 2	0.2424242424
62 48 3	0.2404371585
62 34 18	0.2142857143
62 48 63	0.3870967742
62 48 15	0.0769230769
62 78 66	0.2127659574
62 22 14	0.1578947368
50 1	0.1428571429
62 48 66	0.1645569620
62 47 65	0.2857142857
62 55 19	0.2727272727
62 1 11	0.4736842105
62 54 47	0.2586206897
62 68 24	0.4444444444
62 82 9	0.1764705882
62 54 13	0.2068965517
62 56 2	0.2222222222
62 53 22	0.5333333333
62 49 48	0.2296296296
62 88 54	0.1666666667
76 4 52	0.1578947368
62 54 3	0.1666666667
62 46 53	0.3278688525
62 19 3	0.1710526316
62 50 24	0.2000000000
62 18 68	0.3125000000
62 11 46	0.2564102564
62 8 50	0.1363636364
62 2 5	0.1875000000
62 65 5	0.1481481481
62 7 2	0.1944444444
62 70 9	0.1724137931
62 2 59	0.2307692308
62 61 52	0.1904761905
62 32 13	0.1509433962
62 52 60	0.2909090909
62 24 48	0.4285714286
50 49 13	0.1428571429
62 15 52	0.1733333333
62 63 1	0.2884615385
62 11 4	0.2500000000
62 42 68	0.1428571429
62 11 50	0.1481481481
62 75 76	0.1538461538
62 8 70	0.3125000000
62 67 1	0.1923076923
62 61 47	0.2222222222
62 23 48	0.2857142857
62 50 48	0.4117647059
62 7 54	0.4705882353
62 1 8	0.2500000000
62 0 57	0.4444444444
62 7 1	0.2991452991
62 48 17	0.1600000000
62 47 46	0.2920353982
62 64 24	0.3783783784
62 60 53	0.2916666667
62 2 57	0.4285714286
62 55 24	0.3333333333
62 6 8	0.1728395062
62 5 55	0.3333333333
62 20 69	0.1463414634
62 6 24	0.2857142857
62 53 69	0.1428571429
62 14 50	0.1219512195
76 18 2	0.3076923077
62 20 54	0.4186046512
62 47 4	0.2037037037
62 49 0	0.3846153846
62 72 2	0.4166666667
50 71 59	0.2105263158
62 30 52	0.2000000000
62 57 6	0.1700680272
62 22 32	0.3636363636
62 0 82	0.2000000000
62 78 70	0.1333333333
62 63 66	0.1734693878
62 56 53	0.2000000000
62 7 7	0.2444444444
62 13 1	0.2222222222
62 48 5	0.2385321101
62 69 6	0.3750000000
62 66 15	0.1296296296
62 72 48	0.2000000000
62 88 13	0.0952380952
62 13 2	0.1351351351
62 56 61	0.1756756757
62 50 49	0.2307692308
76 18 20	0.3947368421
62 9 19	0.4736842105
76 4 68	0.3750000000
62 48 51	0.1981981982
62 15 10	0.1940298507
62 52 57	0.4375000000
62 5 59	0.2222222222
62 47 68	0.4545454545
62 52 53	0.2569169960
62 10 61	0.1818181818
62 56 11	0.3684210526
62 6 64	0.3750000000
62 49 2	0.2056074766
62 70 7	0.3200000000
62 1 68	0.4375000000
62 59 10	0.1818181818
62 18 20	0.2560000000
50 49 52	0.1621621622
62 8 9	0.1190476190
62 0 64	0.4358974359
62 20 7	0.1463414634
50 52 52	0.1162790698
62 19 6	0.2340425532
62 52 59	0.2482758621
62 47 10	0.1714285714
62 54 32	0.2631578947
62 0 48	0.2812500000
62 7 14	0.1842105263
62 15 17	0.1777777778
62 49 10	0.1597222222
62 15 56	0.2500000000
62 5 5	0.2571428571
62 54 60	0.2222222222
62 23 13	0.2941176471
62 7 57	0.4444444444
62 17 89	0.2222222222
62 56 1	0.2142857143
62 65 20	0.5000000000
62 10 7	0.3333333333
62 1 57	0.4523809524
62 47 47	0.2647058824
62 66 85	0.7058823529
62 3 5	0.2758620690
62 25 4	0.1463414634
62 19 8	0.2571428571
62 72	0.1000000000
62 52 65	0.3606557377
62 49 24	0.3461538462
62 14 66	0.1888888889
62 66 56	0.2160493827
50 1 11	0.2727272727
62 47 2	0.2363636364
62 57 60	0.2500000000
62 88 46	0.2000000000
62 17 10	0.2000000000
62 34 4	0.3333333333
76 4 6	0.2156862745
62 65 7	0.3157894737
62 54 50	0.1190476190
62 47 8	0.1756756757
62 75 18	0.1530054645
62 49 57	0.3666666667
62 1 48	0.2857142857
62 59 1	0.2747252747
62 24 54	0.3571428571
62 66 21	0.3076923077
62 14 0	0.4347826087
62 29 55	0.3333333333
62 13 70	0.4761904762
62 46 60	0.4347826087
62 46 70	0.4666666667
62 22 60	0.4000000000
62 77 21	0.1621621622
62 7 42	0.1428571429
62 2 20	0.2439024390
62 70 4	0.2307692308
62 57 53	0.2857142857
62 46 6	0.1326530612
76 46	0.1250000000
62 53 47	0.2162162162
62 64 80	0.1764705882
62 64 46	0.1785714286
62 22 13	0.1750000000
62 23 71	0.1111111111
62 70 34	0.1500000000
62 47 13	0.1937984496
62 50 23	0.2500000000
62 6 71	0.2142857143
62 48 0	0.3214285714
62 18 61	0.2380952381
62 7 59	0.2553191489
62 4 47	0.2363636364
62 49 65	0.2549019608
62 34 30	0.2727272727
62 49 75	0.2592592593
62 20 2	0.1805555556
62 19 57	0.4090909091
62 61 56	0.1836734694
62 48 65	0.4000000000
62 53 51	0.1923076923
62 14 70	0.3846153846
62 0 11	0.5348837209
62 60 66	0.1666666667
62 1 70	0.3793103448
76 4 47	0.2500000000
62 63 6	0.1250000000
62 66 7	0.2396694215
62 63 68	0.1904761905
62 48 49	0.2352941176
62 59 64	0.2816901408
62 82 18	0.1515151515
62 49 32	0.1927710843
62 18 13	0.1904761905
62 2 53	0.3157894737
50 71 10	0.2105263158
62 60 52	0.1590909091
62 6 68	0.4848484848
62 61 64	0.3157894737
62 55 34	0.1388888889
62 49 61	0.2031250000
62 18 10	0.2142857143
62 50 6	0.1851851852
62 9 2	0.2058823529
62 49 8	0.1842105263
62 50 71	0.2400000000
62 64 2	0.1428571429
62 30 62	0.1351351351
62 48 4	0.3200000000
62 3 20	0.5238095238
62 53 55	0.5454545455
62 48 23	0.2142857143
62 6 17	0.1136363636
62 76 4	0.2307692308
62 82 24	0.4400000000
62 3 69	0.1458333333
76 80 4	0.1250000000
62 89 85	0.4444444444
62 10 26	0.1428571429
62 0 61	0.1666666667
62 0 5	0.3529411765
62 50 11	0.4375000000
62 54 7	0.2812500000
62 47 32	0.4090909091
62 77 6	0.3636363636
76 4 2	0.2500000000
62 29 19	0.2727272727
62 89 46	0.1666666667
62 66 82	0.3939393939
62 3 42	0.4545454545
62 2 17	0.1666666667
62 70 22	0.3333333333
62 47 7	0.1666666667
76 4 15	0.2000000000
62 56 84	0.0909090909
62 56 59	0.3181818182
62 9 72	0.1500000000
76 18 75	0.2222222222
62 15 64	0.2777777778
62 6 60	0.3902439024
50 1 54	0.2727272727
62 6 88	0.1666666667
62 59 32	0.1884057971
62 50 15	0.1000000000
62 52 64	0.3134328358
62 80 5	0.1111111111
62 85 17	0.1481481481
62 78 10	0.3076923077
62 15 89	0.3333333333
62 3 10	0.1519607843
62 24 53	0.2954545455
62 18 56	0.1078431373
62 6 57	0.3658536585
62 56 0	0.2909090909
62 49 79	0.3000000000
62 51 79	0.1000000000
62 19 50	0.1250000000
62 22 66	0.1863354037
62 11 13	0.1875000000
62 53 21	0.1111111111
62 67 23	0.2500000000
62 61 26	0.1428571429
62 1 59	0.2685185185
62 63 2	0.2105263158
62 54 59	0.2439024390
62 25 2	0.0909090909
62 19 47	0.3783783784
62 49 29	0.2812500000
62 32 66	0.1382978723
62 10 64	0.2558139535
62 13 32	0.1714285714
62 42 59	0.1111111111
62 56 46	0.2444444444
62 2 51	0.2000000000
62 32 11	0.4400000000
62 20 32	0.4444444444
62 51 51	0.1849315068
62 60 47	0.2307692308
62 14 11	0.2500000000
62 24 46	0.2187500000
62 0 63	0.4193548387
62 50 1	0.2558139535
62 22 2	0.2285714286
62 48 14	0.0909090909
62 80 24	0.2727272727
62 53 53	0.3235294118
62 10 4	0.1875000000
62 47 88	0.1428571429
62 33 82	0.2857142857
50 49 59	0.1764705882
62 54 54	0.3125000000
62 47 57	0.4000000000
62 10 15	0.1363636364
62 5 56	0.2022471910
62 65 55	0.4090909091
62 63 61	0.2318840580
62 48 46	0.3559322034
62 37 4	0.2352941176
62 76 3	0.1250000000
62 17 0	0.2258064516
62 48 56	0.1851851852
62 11 8	0.3137254902
62 60 2	0.0769230769
62 82 83	0.0769230769
62 0 7	0.2033898305
62 17 2	0.3000000000
62 75 36	0.2028985507
62 7 61	0.2727272727
62 8 59	0.1818181818
76 18 19	0.4444444444
62 53 46	0.1558441558
62 22 64	0.3333333333
62 60 42	0.1428571429
62 13 11	0.3225806452
62 78 52	0.1562500000
62 52 27	0.2702702703
62 69 1	0.2500000000
62 13 51	0.2133333333
62 22 69	0.1176470588
62 2 56	0.1428571429
62 50 53	0.2916666667
62 24 1	0.2142857143
62 54 14	0.3809523810
62 15 59	0.3500000000
62 3 65	0.3164556962
62 14 13	0.1176470588
62 66 19	0.5714285714
62 8 57	0.4736842105
62 15 2	0.0714285714
62 20 65	0.3026315789
62 7 78	0.2857142857
62 23 47	0.3000000000
62 8 46	0.3275862069
50 52 13	0.1428571429
62 51 10	0.1428571429
62 85 73	0.1666666667
62 20 64	0.4117647059
62 78 8	0.1562500000
62 8 11	0.5652173913
62 4 68	0.3703703704
62 50 60	0.2222222222
62 4 32	0.4375000000
62 48 36	0.0833333333
76 80 2	0.3076923077
62 55 7	0.2500000000
62 8 78	0.5000000000
62 3 14	0.1794871795
62 15 47	0.2954545455
50 1 49	0.1612903226
62 18 19	0.1578947368
62 55 18	0.1111111111
62 36 85	0.3846153846
62 52 8	0.2321428571
62 52 21	0.1428571429
62 68 55	0.5600000000
62 0 59	0.2288135593
62 18 53	0.2830188679
62 64 76	0.2000000000
62 18 65	0.2352941176
62 70 20	0.3000000000
62 13 7	0.4210526316
62 68 9	0.2941176471
62 22 50	0.1315789474
62 70 29	0.2972972973
62 72 20	0.3888888889
62 67 20	0.2857142857
62 54 4	0.2352941176
62 51 19	0.2500000000
76 4 3	0.1176470588
62 75 83	0.1428571429
62 17 20	0.5909090909
62 50 10	0.1250000000
62 2 69	0.2105263158
62 7 65	0.3255813953
62 63 52	0.0862068966
62 63 63	0.2500000000
50 49 71	0.2352941176
62 14 64	0.2727272727
62 42 53	0.1818181818
62 78 3	0.1839080460
62 7 32	0.2708333333
62 53 59	0.2857142857
62 6 0	0.4615384615
62 2 8	0.2608695652
62 53 6	0.1200000000
62 48 71	0.1250000000
62 52 78	0.3174603175
62 59 42	0.2222222222
62 57 1	0.2203389831
62 89 20	0.3000000000
62 70 75	0.2222222222
62 66 46	0.2666666667
62 72 3	0.2500000000
62 8 6	0.2166666667
62 47 0	0.3658536585
62 60 54	0.2000000000
62 32 3	0.1847826087
50 49 53	0.1818181818
62 50 29	0.2391304348
50 6 10	0.0909090909
62 4 17	0.1851851852
62 59 48	0.2857142857
62 49 18	0.2000000000
62 53 48	0.6153846154
62 57 14	0.2083333333
62 13 68	0.3333333333
76 18 48	0.1818181818
62 43 63	0.1818181818
62 56 54	0.2972972973
62 14 17	0.1025641026
62 32 7	0.2777777778
62 59 68	0.4242424242
62 22 70	0.2692307692
62 19 59	0.2380952381
62 65 51	0.0909090909
62 50 78	0.4000000000
62 3 4	0.2727272727
62 68 7	0.4000000000
62 27 5	0.1428571429
62 56 57	0.2105263158
62 53 4	0.3333333333
62 70 3	0.1875000000
62 20 70	0.2857142857
62 63 50	0.1041666667
62 39 46	0.5000000000
62 5 48	0.2340425532
62 0 1	0.2894736842
62 1 65	0.3783783784
62 0 76	0.1111111111
62 7 70	0.3421052632
62 51 73	0.0952380952
62 54 11	0.3870967742
62 68 4	0.2727272727
62 52 10	0.1284403670
62 80 4	0.2500000000
62 39 82	0.3333333333
62 14 15	0.2000000000
62 14 68	0.4444444444
76 4 11	0.2500000000
62 47 14	0.2000000000
62 6 69	0.1702127660
62 48 52	0.2253521127
62 55 22	0.2631578947
62 36 2	0.2857142857
62 32 1	0.2857142857
62 50 50	0.0909090909
62 13 69	0.2424242424
62 78 65	0.2083333333
62 14 57	0.3333333333
62 49 30	0.1666666667
62 59 2	0.0919540230
62 65 80	0.0909090909
62 48 85	0.4444444444
62 5 2	0.2558139535
62 39 20	0.4000000000
62 53 13	0.1636363636
62 47 59	0.2000000000
62 50 13	0.1142857143
62 79 0	0.0666666667
62 10 48	0.2222222222
62 24 10	0.0833333333
50 6 3	0.2380952381
62 78 13	0.1805555556
62 2 46	0.1836734694
62 54 1	0.2241379310
62 8 73	0.1428571429
62 0 51	0.1304347826
62 52 15	0.2666666667
62 50 59	0.1764705882
76 4 1	0.1904761905
62 29 22	0.2222222222
62 50 7	0.2439024390
62 0 42	0.2857142857
62 49 15	0.1041666667
62 5 24	0.2222222222
50 1 3	0.1600000000
62 11 32	0.3478260870
62 6 22	0.3529411765
62 39 2	0.4000000000
62 65 3	0.2500000000
62 46 39	0.4166666667
50 1 14	0.0909090909
62 47 64	0.2941176471
62 60 65	0.2000000000
62 14 6	0.1600000000
62 52 48	0.1219512195
62 61 54	0.3636363636
62 23 3	0.2093023256
62 23 7	0.2222222222
62 46 68	0.4000000000
62 82 4	0.2352941176
62 46 56	0.1818181818
62 59 14	0.2127659574
62 47 60	0.3200000000
62 48 7	0.2253521127
50 1 60	0.1428571429
62 11 64	0.3529411765
50 1 66	0.1200000000
62 8 5	0.0625000000
62 22 3	0.1693548387
62 48 29	0.2000000000
62 15 53	0.2571428571
62 56 37	0.1428571429
62 20 4	0.1515151515
76 18 65	0.2222222222
62 59 54	0.3888888889
62 23 6	0.2000000000
62 78 1	0.2368421053
62 0 85	0.3846153846
62 78 53	0.2549019608
62 54 65	0.2571428571
62 18 55	0.3333333333
62 69 21	0.1724137931
62 1 69	0.1818181818
62 22 54	0.4500000000
62 18 22	0.2222222222
62 34 29	0.1764705882
62 6 78	0.1800000000
76 4 53	0.1904761905
62 1 7	0.2580645161
50 52 15	0.1333333333
62 54 6	0.1843971631
62 1 60	0.2500000000
76 4 13	0.2592592593
62 73 49	0.1111111111
62 51 15	0.0882352941
62 56 65	0.1500000000
62 30 3	0.1818181818
62 63 70	0.2857142857
62 17 33	0.1666666667
62 70 19	0.4000000000
62 10 82	0.3529411765
62 61 66	0.2222222222
62 82 46	0.3076923077
62 60 7	0.2666666667
62 5 26	0.3333333333
62 3 54	0.5200000000
62 29 3	0.2745098039
62 3 27	0.1000000000
62 57 70	0.3548387097
50 80 5	0.1111111111
62 50 42	0.1666666667
62 2 6	0.0666666667
62 70 10	0.1428571429
62 13 54	0.3636363636
62 2 66	0.1800000000
62 2 47	0.2142857143
62 14 54	0.3529411765
62 60 50	0.1000000000
62 55 4	0.2500000000
62 76 29	0.1764705882
62 0 56	0.1428571429
62 67 3	0.2352941176
62 18 24	0.3636363636
62 15 6	0.2264150943
62 0 21	0.2222222222
62 23 70	0.2222222222
62 73 50	0.1538461538
62 56 4	0.1666666667
62 59 78	0.1975308642
62 53 70	0.4500000000
62 69 68	0.2857142857
62 54 78	0.5000000000
62 54 48	0.4285714286
62 24 8	0.2444444444
76 18 66	0.1764705882
50 1 10	0.1111111111
62 50 64	0.5000000000
62 51 48	0.2432432432
62 78 47	0.2173913043
62 29 5	0.2051282051
62 55 36	0.2500000000
50 52 10	0.0909090909
62 18 57	0.2857142857
62 24 50	0.0945945946
62 79 10	0.1428571429
76 18 49	0.1636363636
62 47 78	0.4166666667
62 48 47	0.3076923077
62 66 26	0.4666666667
62 19 32	0.2777777778
62 52 4	0.2222222222
62 1 4	0.2083333333
76 18 13	0.2400000000
62 4 70	0.2258064516
62 6 32	0.2380952381
62 68 56	0.0500000000
62 60 3	0.1551724138
62 68 20	0.4285714286
50 52 50	0.1538461538
62 5 75	0.3333333333
62 48 34	0.1935483871
62 4 14	0.2105263158
62 69 4	0.2173913043
62 39 43	0.4000000000
62 65 9	0.2307692308
62 53 65	0.1764705882
62 49 21	0.3076923077
62 14 49	0.1578947368
62 24 59	0.2631578947
50 52 66	0.1851851852
62 29 64	0.4000000000
62 32 70	0.4166666667
62 49 14	0.1578947368
62 18 32	0.2500000000
62 8 60	0.3000000000
62 53 32	0.2500000000
50 49 49	0.1860465116
62 26 20	0.2222222222
62 7 4	0.2058823529
62 22 65	0.3076923077
62 48 59	0.2380952381
62 11 78	0.5000000000
62 49 9	0.2272727273
62 13 50	0.0666666667
62 19 14	0.2500000000
62 52 7	0.1451612903
62 9 7	0.2608695652
62 8 68	0.4500000000
62 48 53	0.3181818182
62 72 5	0.1428571429
62 2 65	0.2727272727
50 1 6	0.1034482759
62 0 4	0.2857142857
62 2 70	0.3529411765
62 5 63	0.2179487179
62 61 5	0.2222222222
50 6 47	0.1538461538
62 19 11	0.4500000000
62 88 8	0.2500000000
62 1 0	0.1250000000
62 68 52	0.4285714286
62 13 65	0.2500000000
62 32 57	0.5000000000
62 63 53	0.1929824561
62 43 61	0.2352941176
62 48 24	0.4285714286
62 73 6	0.2222222222
62 70 2	0.3103448276
62 8 64	0.2727272727
62 2 14	0.3750000000
62 85 0	0.2631578947
62 61 6	0.2962962963
62 22 78	0.3846153846
62 4 57	0.3750000000
62 70 46	0.3076923077
62 18 54	0.2727272727
62 55 73	0.3000000000
62 82 2	0.0666666667
62 54 10	0.1212121212
62 43 0	0.3548387097
62 4 65	0.2222222222
62 43 10	0.1818181818
62 78 2	0.1363636364
62 1 78	0.2553191489
62 49 26	0.3529411765
62 48 22	0.2666666667
62 50 9	0.1363636364
62 51 56	0.1585365854
62 24 65	0.1666666667
62 60 48	0.3750000000
62 18 8	0.1428571429
62 18 60	0.2000000000
62 10 0	0.1333333333
50 1 68	0.2857142857
62 42 52	0.1000000000
50 6 53	0.1818181818
62 54 2	0.1200000000
62 14 4	0.1666666667
76 4 54	0.3636363636
62 32 2	0.1176470588
62 18 48	0.2407407407
62 0 15	0.2173913043
62 66 79	0.0714285714
62 10 75	0.3846153846
62 49 56	0.1666666667
62 59 60	0.1111111111
62 48 78	0.2857142857
62 88 78	0.3333333333
62 18 79	0.1111111111
62 2 15	0.1000000000
62 22 0	0.3478260870
62 49 69	0.1267605634
62 48 13	0.2424242424
62 22 59	0.1666666667
50 80 74	0.1428571429
62 8 7	0.1666666667
62 52 23	0.2000000000
62 48 11	0.3846153846
62 8 1	0.1764705882
62 30 2	0.1250000000
62 36 56	0.1714285714
62 69 31	0.1463414634
62 9 64	0.2727272727
62 32 68	0.3333333333
62 1 32	0.2173913043
62 48 68	0.5000000000
62 2 2	0.2083333333
62 60 59	0.2272727273
62 23 52	0.1818181818
62 51 54	0.1428571429
62 10 55	0.1052631579
62 53 8	0.2647058824
62 60 4	0.1666666667
62 42 6	0.0909090909
62 67 51	0.1923076923
76 18 52	0.1333333333
76 80 24	0.2500000000
62 47 71	0.1111111111
62 88 53	0.1250000000
62 51 4	0.3846153846
62 15 46	0.2222222222
62 63 73	0.1250000000
62 32 6	0.2272727273
62 46 37	0.4000000000
62 60 70	0.3529411765
62 27 9	0.2142857143
62 78 59	0.1935483871
62 9 75	0.2727272727
62 18 73	0.2857142857
62 2 80	0.0952380952
50 49 6	0.1428571429
62 25 52	0.1578947368
62 50 46	0.1791044776
62 48 82	0.4000000000
62 50 47	0.1923076923
62 18 85	0.3529411765
62 56 89	0.2222222222
62 88 11	0.2500000000
62 65 24	0.4000000000
62 48 50	0.0625000000
62 24 60	0.3846153846
62 49 19	0.4814814815
62 24 57	0.4545454545
62 37 24	0.1428571429
62 13 42	0.2500000000
76 18 8	0.2000000000
62 48 55	0.3181818182
62 13 20	0.2857142857
62 46 5	0.2380952381
62 56 68	0.2307692308
62 64 30	0.4800000000
62 33 3	0.2307692308
62 60 78	0.3750000000
62 52 70	0.2745098039
62 19 48	0.3750000000
62 47 70	0.2926829268
76 18 51	0.1428571429
62 8 14	0.1250000000
62 53 14	0.2352941176
50 80 54	0.2307692308
62 77 64	0.1111111111
62 42 3	0.0666666667
62 78 7	0.1666666667
62 5 46	0.0833333333
62 3 7	0.2816901408
62 6 9	0.2692307692
62 8 10	0.2244897959
62 88 70	0.2857142857
62 1 10	0.0909090909
62 30 24	0.1111111111
62 32 14	0.3750000000
62 53 60	0.3333333333
62 70 54	0.3000000000
76 4 49	0.2244897959
62 53 78	0.3846153846
50 1 32	0.1428571429
76 4 70	0.2307692308
62 15 63	0.1578947368
62 19 69	0.2142857143
62 1 2	0.1403508772
62 63 48	0.1363636364
50 52 2	0.0769230769
62 18 11	0.2941176471
62 83 0	0.3636363636
62 63 3	0.1466666667
62 42 8	0.1250000000
62 53 10	0.1000000000
62 23 53	0.2222222222
62 34 24	0.1428571429
62 11 42	0.2857142857
62 19 68	0.4705882353
62 66 4	0.1875000000
62 39 64	0.4000000000
62 9 3	0.1379310345
62 34 71	0.1250000000
62 29 48	0.2631578947
62 66 22	0.4800000000
62 14 1	0.2222222222
62 80 2	0.3157894737
62 56 8	0.1290322581
62 14 8	0.1111111111
62 42 66	0.1333333333
62 48 75	0.3333333333
62 55 54	0.1851851852
62 27 20	0.2000000000
62 70 52	0.2222222222
62 24 7	0.3333333333
62 23 65	0.3000000000
62 1 15	0.2000000000
76 80 9	0.0909090909
62 23 59	0.3636363636
62 48 61	0.0800000000
62 32 59	0.2647058824
62 54 69	0.1363636364
50 1 52	0.2666666667
62 60 68	0.3000000000
62 78 57	0.3333333333
76 18 59	0.1333333333
62 18 21	0.2307692308
62 29 20	0.3157894737
62 6 15	0.2666666667
62 66 72	0.1333333333
62 82 52	0.2413793103
62 24 14	0.2500000000
62 32 52	0.1250000000
62 53 66	0.1428571429
62 46 73	0.1250000000
76 80 54	0.5000000000
62 34 83	0.2000000000
50 71 63	0.1904761905
62 50 19	0.2222222222
50 80 10	0.2307692308
62 56 39	0.1111111111
62 46 50	0.0338983051
62 72 51	0.2222222222
62 8 65	0.3333333333
76 18 7	0.2413793103
62 78 60	0.2000000000
62 88 4	0.1428571429
62 53 24	0.5333333333
62 88 7	0.1666666667
62 52 69	0.1224489796
62 32 64	0.1111111111
62 61 51	0.2203389831
62 89 56	0.1666666667
62 63 7	0.0833333333
62 42 10	0.1428571429
62 8 8	0.1562500000
62 47 54	0.3750000000
62 24 4	0.2352941176
62 14 47	0.2121212121
62 11 69	0.1304347826
62 3 71	0.1250000000
76 18 1	0.1538461538
62 60 1	0.2000000000
50 80 73	0.1428571429
50 52 53	0.2352941176
62 67 31	0.1463414634
62 0 24	0.3076923077
62 48 43	0.1000000000
62 4 54	0.3913043478
62 38 0	0.1333333333
62 32 54	0.5000000000
62 57 32	0.4210526316
62 23 10	0.0588235294
76 4 57	0.2727272727
62 60 46	0.1290322581
62 23 57	0.2727272727
62 19 64	0.2666666667
62 59 4	0.1739130435
76 18 15	0.0500000000
62 48 73	0.0666666667
62 49 76	0.1538461538
62 76 36	0.0909090909
62 27 39	0.1666666667
62 53 82	0.3000000000
62 50 14	0.1538461538
62 4 27	0.1481481481
62 24 69	0.1052631579
62 13 0	0.0740740741
50 1 8	0.1333333333
62 89 82	0.1428571429
62 18 1	0.1612903226
62 14 7	0.1666666667
62 51 24	0.1111111111
62 22 11	0.4000000000
62 66 75	0.2222222222
62 1 17	0.0666666667
62 49 55	0.2666666667
50 1 1	0.0666666667
62 13 78	0.2647058824
62 46 48	0.1333333333
76 4 48	0.3750000000
62 53 42	0.1666666667
62 23 78	0.1428571429
62 32 65	0.2222222222
62 50 66	0.1111111111
62 37 48	0.1250000000
62 23 68	0.2500000000
62 4 7	0.0333333333
62 19 7	0.1500000000
62 2 0	0.1428571429
62 29 56	0.1851851852
76 18 14	0.1250000000
62 48 9	0.0869565217
62 47 48	0.1666666667
62 60 57	0.4000000000
62 14 14	0.0714285714
62 32 4	0.2666666667
62 32 42	0.3333333333
62 66 59	0.2000000000
62 27 61	0.1111111111
62 78 88	0.2500000000
62 50 20	0.1304347826
62 27 34	0.1739130435
62 52 31	0.0930232558
50 80 4	0.1818181818
62 24 32	0.2000000000
62 49 88	0.1250000000
62 20 15	0.2000000000
76 18 46	0.1818181818
62 11 60	0.3333333333
62 65 64	0.1304347826
76 80 10	0.2000000000
62 46 59	0.1818181818
62 66 43	0.3750000000
62 37 29	0.1764705882
62 48 8	0.1250000000
62 61 46	0.2083333333
62 70 51	0.1176470588
62 61 21	0.2222222222
62 50 21	0.1538461538
62 68 2	0.1481481481
62 51 55	0.1428571429
62 15 33	0.1666666667
62 36 79	0.1818181818
50 6 49	0.1707317073
62 8 74	0.1428571429
76 4 8	0.1818181818
76 4 7	0.2000000000
62 53 0	0.3636363636
62 50 8	0.2105263158
76 4 59	0.2500000000
62 50 54	0.4210526316
62 50 34	0.2380952381
62 70 55	0.4444444444
62 56 7	0.1250000000
62 25 69	0.1428571429
62 0 14	0.1052631579
62 48 18	0.1666666667
62 9 51	0.1764705882
62 85 10	0.0909090909
62 0 29	0.2666666667
62 36 43	0.1428571429
62 52 17	0.1951219512
62 5 19	0.2727272727
62 70 80	0.0833333333
50 71 34	0.1739130435
62 65 75	0.2727272727
62 88 49	0.2941176471
76 18 56	0.2083333333
62 85 2	0.0769230769
62 55 10	0.1578947368
50 1 7	0.1818181818
62 50 32	0.2222222222
62 49 36	0.1875000000
62 70 1	0.1428571429
62 34 22	0.2222222222
62 8 24	0.4285714286
62 15 73	0.1666666667
50 80 9	0.0588235294
62 32 10	0.0476190476
62 13 88	0.1428571429
62 72 46	0.1428571429
62 6 65	0.2000000000
62 51 26	0.2222222222
62 78 54	0.3571428571
50 52 3	0.2380952381
62 17 17	0.1935483871
50 6 6	0.1428571429
62 22 7	0.2068965517
62 46 49	0.1428571429
50 71 24	0.2727272727
50 1 57	0.1428571429
62 11 14	0.3529411765
62 55 46	0.0400000000
62 55 2	0.1176470588
62 50 68	0.3636363636
76 18 68	0.1666666667
62 6 42	0.1250000000
62 42 7	0.1666666667
62 54 88	0.1428571429
62 34 3	0.2307692308
62 57 42	0.2500000000
62 37 3	0.1250000000
62 50 57	0.4166666667
62 68 3	0.2222222222
62 67 46	0.1176470588
62 77 4	0.1538461538
62 6 83	0.0833333333
62 4 4	0.1666666667
76 18 53	0.2142857143
62 17 61	0.1500000000
62 69 24	0.2222222222
62 19 78	0.3636363636
62 23 1	0.1250000000
62 11 70	0.3333333333
62 88 6	0.2000000000
62 46 33	0.1250000000
62 85 89	0.1666666667
50 71 51	0.0869565217
50 6 13	0.1428571429
50 52 8	0.0909090909
76 18 26	0.1666666667
62 13 4	0.1875000000
62 22 17	0.1176470588
50 71 49	0.0588235294
62 50 83	0.1739130435
62 78 4	0.1333333333
62 88 3	0.1176470588
62 82 80	0.0666666667
62 50 30	0.2500000000
62 2 68	0.3750000000
62 56 70	0.1333333333
50 71 54	0.2173913043
62 61 60	0.2222222222
62 65 52	0.2727272727
62 70 30	0.1666666667
76 4 65	0.3076923077
62 7 69	0.1176470588
62 38 10	0.0714285714
62 28 9	0.1250000000
62 36 48	0.1818181818
62 14 32	0.2000000000
62 27 2	0.0769230769
62 4 59	0.1111111111
62 10 43	0.2222222222
62 2 26	0.2857142857
62 2 54	0.1428571429
76 4 46	0.2608695652
62 49 73	0.1250000000
62 67 15	0.1428571429
62 23 46	0.2800000000
62 22 23	0.1538461538
62 6 80	0.1176470588
62 4 0	0.1111111111
62 3 88	0.2222222222
62 36 7	0.2307692308
62 6 19	0.2727272727
62 68 75	0.2222222222
62 2 11	0.2727272727
62 70 5	0.0526315789
62 5 4	0.1875000000
62 24 17	0.1250000000
62 11 48	0.4285714286
62 76 24	0.1428571429
62 42 49	0.1111111111
62 27 10	0.0714285714
62 60 60	0.1666666667
50 71 9	0.1176470588
62 29 15	0.0370370370
62 67 2	0.1428571429
62 24 42	0.2500000000
62 34 7	0.1666666667
76 18 57	0.1250000000
62 2 1	0.1153846154
62 25 49	0.0769230769
62 53 54	0.3333333333
62 23 66	0.2000000000
62 19 10	0.1304347826
50 71 73	0.1428571429
76 4 10	0.0769230769
62 56 24	0.2500000000
62 27 64	0.2857142857
62 3 0	0.0606060606
62 52 88	0.1111111111
62 23 11	0.2222222222
62 1 42	0.2500000000
76 4 69	0.1111111111
76 4 60	0.1250000000
62 57 69	0.0869565217
62 22 4	0.2000000000
62 76 83	0.2222222222
62 53 17	0.0833333333
62 49 80	0.1428571429
62 85 61	0.1538461538
62 34 52	0.3076923077
50 52 54	0.2727272727
62 56 88	0.1666666667
62 8 15	0.2000000000
62 66 73	0.1333333333
62 76 80	0.1500000000
62 32 48	0.2727272727
62 48 32	0.2500000000
50 71 2	0.1052631579
62 72 64	0.2307692308
62 55 29	0.2000000000
50 1 46	0.1578947368
76 83 2	0.1428571429
62 50 65	0.1818181818
62 18 88	0.1428571429
62 10 22	0.0909090909
62 33 20	0.0714285714
62 88 59	0.2000000000
62 56 5	0.0769230769
62 32 69	0.0526315789
62 52 42	0.3333333333
62 53 80	0.1250000000
62 34 9	0.2222222222
62 30 4	0.1666666667
62 42 1	0.1250000000
62 42 47	0.1000000000
62 0 88	0.1111111111
62 72 82	0.2500000000
62 48 39	0.1000000000
50 52 46	0.1538461538
62 50 76	0.1111111111
62 47 24	0.1111111111
62 88 1	0.1428571429
62 34 36	0.0909090909
62 25 80	0.0588235294
62 47 21	0.1724137931
62 27 0	0.1000000000
62 30 29	0.2000000000
62 23 2	0.1111111111
62 68 64	0.2222222222
76 4 14	0.2000000000
50 52 59	0.1764705882
50 80 2	0.1428571429
62 0 9	0.0909090909
62 33 64	0.1666666667
62 15 39	0.2857142857
50 1 2	0.0909090909
62 42 46	0.1000000000
62 23 64	0.1428571429
62 22 24	0.1111111111
76 80 48	0.1428571429
50 49 10	0.0909090909
62 30 36	0.0833333333
62 27 24	0.1250000000
62 11 88	0.1428571429
62 22 48	0.2727272727
76 46 2	0.1666666667
62 37 80	0.1176470588
62 42 57	0.1428571429
62 13 60	0.0555555556
62 53 50	0.0212765957
62 70 76	0.0769230769
62 56 33	0.2500000000
62 14 2	0.2000000000
62 15 69	0.0833333333
62 19 60	0.1250000000
62 79 63	0.1428571429
62 46 7	0.2222222222
62 46 84	0.1818181818
62 76 52	0.1428571429
76 4 78	0.2500000000
62 75 9	0.1176470588
62 69 2	0.1875000000
62 24 2	0.1111111111
62 57 2	0.1562500000
62 55 74	0.1666666667
62 56 73	0.1000000000
62 7 88	0.2222222222
62 68 80	0.1428571429
62 54 42	0.2857142857
62 67 4	0.1818181818
62 89 2	0.1666666667
62 27 54	0.1250000000
62 68 51	0.1538461538
62 50 22	0.2307692308
62 50 31	0.1176470588
62 18 43	0.1250000000
62 27 17	0.0769230769
62 70 73	0.1250000000
62 9 5	0.0909090909
62 2 78	0.2727272727
76 18 78	0.1666666667
62 11 2	0.1290322581
62 83 2	0.0833333333
62 61 75	0.1428571429
62 49 42	0.2000000000
62 56 74	0.1428571429
62 47 69	0.0833333333
62 53 9	0.2222222222
76 18 31	0.1000000000
62 32 32	0.2000000000
62 72 56	0.0769230769
62 63 60	0.2105263158
62 14 65	0.1111111111
62 49 83	0.1000000000
62 46 47	0.0625000000
62 83 10	0.0714285714
50 1 4	0.1818181818
62 63 47	0.0769230769
62 36 46	0.2222222222
62 23 8	0.2000000000
62 29 4	0.1428571429
62 5 22	0.2222222222
62 78 78	0.2000000000
62 48 76	0.1428571429
62 82 30	0.1428571429
62 48 69	0.1111111111
62 4 2	0.0857142857
62 25 1	0.1111111111
50 49 61	0.1428571429
62 53 88	0.1666666667
62 1 88	0.1111111111
62 75 30	0.2727272727
62 78 69	0.0666666667
62 57 48	0.2727272727
62 22 88	0.1428571429
76 4 32	0.1250000000
62 23 61	0.1666666667
50 52 60	0.0909090909
62 8 48	0.1428571429
62 72 15	0.1000000000
62 48 21	0.2222222222
62 14 78	0.1250000000
50 49 46	0.1111111111
62 70 68	0.1666666667
62 0 80	0.0833333333
62 14 59	0.0714285714
62 56 69	0.0625000000
62 2 83	0.1111111111
62 0 43	0.1428571429
50 6 46	0.1111111111
62 88 14	0.1428571429
62 29 26	0.1428571429
62 19 70	0.1666666667
62 33 5	0.0588235294
62 56 78	0.0666666667
62 42 64	0.1666666667
62 18 69	0.0833333333
62 18 26	0.2307692308
62 27 3	0.0714285714
50 2 2	0.1428571429
62 47 42	0.1428571429
50 1 65	0.1111111111
62 0 26	0.1666666667
62 55 80	0.1333333333
62 48 60	0.3076923077
50 1 70	0.2222222222
62 6 30	0.1428571429
76 18 50	0.1333333333
76 4 4	0.1250000000
62 23 32	0.0909090909
62 64 9	0.1000000000
50 52 61	0.1428571429
62 34 19	0.1428571429
50 1 13	0.0909090909
62 4 42	0.1250000000
62 37 46	0.1111111111
62 37 52	0.1428571429
62 18 78	0.0769230769
62 28 10	0.1428571429
62 88 50	0.0769230769
62 28 54	0.1428571429
62 89 64	0.1428571429
62 19 4	0.1666666667
62 23 14	0.1428571429
62 29 24	0.2222222222
62 0 83	0.1000000000
50 2 80	0.0909090909
62 48 37	0.1000000000
62 8 42	0.1666666667
62 32 60	0.1428571429
50 1 59	0.0909090909
62 88 52	0.0833333333
62 37 36	0.0909090909
62 60 69	0.0769230769
62 72 75	0.1428571429
