0	0.0000000000
1	0.0000000000
2	0.0000000000
3	0.0000000000
4	0.0000000000
5	0.0000000000
6	0.0000000000
7	0.0000000000
8	0.0000000000
9	0.0000000000
10	0.0000000000
11	0.0000000000
12	0.0000000000
13	0.0000000000
14	0.0000000000
15	0.0000000000
16	0.0000000000
17	0.0000000000
18	0.0000000000
19	0.0000000000
20	0.0000000000
21	0.0000000000
22	0.0000000000
23	0.0000000000
24	0.0000000000
25	0.2222222222
26	0.0000000000
27	0.0000000000
28	0.0000000000
29	0.0000000000
30	0.0000000000
31	0.0000000000
32	0.0000000000
33	0.0000000000
35	0.0000000000
36	0.0000000000
37	0.0000000000
38	0.0000000000
39	0.0000000000
40	0.0000000000
41	0.0000000000
42	0.0000000000
43	0.0000000000
44	0.0000000000
45	0.0000000000
46	0.0000000000
47	0.0000000000
48	0.0000000000
49	0.0000000000
50	0.2500000000
51	0.0000000000
52	0.0000000000
53	0.0000000000
54	0.0000000000
55	0.0000000000
56	0.0000000000
57	0.0000000000
58	0.0000000000
59	0.0000000000
60	0.0000000000
61	0.0000000000
62	0.0000000000
63	0.0000000000
64	0.0000000000
65	0.0000000000
66	0.0000000000
67	0.0000000000
68	0.0000000000
69	0.0000000000
70	0.0000000000
71	0.0000000000
72	0.0000000000
73	0.0000000000
74	0.0000000000
75	0.0000000000
76	0.0000000000
77	0.0000000000
78	0.0000000000
79	0.0000000000
80	0.0000000000
81	0.0000000000
82	0.0000000000
83	0.0000000000
84	0.0000000000
85	0.0000000000
86	0.0000000000
87	0.0000000000
88	0.0000000000
89	0.0000000000
90	0.0000000000
91	0.0000000000
92	0.0000000000
54 6	0.0578034682
5 54 70	0.1000000000
50 49	0.1538461538
54 6 49	0.0202429150
54 70	0.1052631579
4 14 70	0.2222222222
34 48	0.2307692308
4 57 75	0.1666666667
4 6	0.1463414634
5 34	0.2777777778
54 50	0.2072072072
54 7 64	0.3103448276
54 10 64	0.2833333333
34 3	0.0476190476
34 3 47	0.0192307692
34 49 70	0.1111111111
4 70 34	0.2000000000
34 4 34	0.4578313253
54 68	0.1428571429
34 18 75	0.6086956522
4 11 75	0.3750000000
4 13 75	0.2857142857
34 18 3	0.0062421973
10 55	0.0566037736
54 7 6	0.0577507599
4 11 65	0.1428571429
4 78 49	0.0649350649
34 4 62	0.0578512397
50 3	0.1000000000
54 46 70	0.1538461538
54 3	0.0121212121
9 20 6	0.0778443114
4 78 6	0.1538461538
9 19 50	0.1739130435
4 66 64	0.7027027027
4 14 6	0.1176470588
34 2	0.2727272727
4 6 2	0.0909090909
34 18 82	0.5000000000
9 3 0	0.4000000000
54 66 82	0.2222222222
4 4 64	0.1428571429
4 68	0.1428571429
4 32 50	0.3076923077
34 24 68	0.1578947368
34 29 6	0.0918367347
54 1 49	0.0329670330
4 64	0.1428571429
4 78 64	0.4545454545
54 66 64	0.3960784314
4 6 6	0.0636363636
4 59 47	0.0400000000
34 4 49	0.0526315789
4 70 25	0.2857142857
4 6 64	0.6666666667
34 30	0.1000000000
34 29 70	0.0714285714
54 47	0.0142857143
4 65 64	0.4000000000
54 53 50	0.1388888889
34 29 82	0.4500000000
34 36 64	0.5892857143
34 49	0.1538461538
4 59 53	0.0370370370
34 18 47	0.0268456376
4 54 50	0.2500000000
4 59 70	0.1666666667
4 49 49	0.0727272727
4 52 50	0.2968750000
54 6 50	0.1653846154
4 75	0.1666666667
4 70	0.1111111111
4 47 65	0.1333333333
54 11 70	0.0714285714
4 53 64	0.5714285714
34 49 50	0.1538461538
4 13 25	0.5454545455
4 60 49	0.0555555556
54 1 50	0.1379310345
50 49 49	0.0579710145
54 1 64	0.2989690722
34 76	0.2000000000
4 57 50	0.3125000000
4 59 6	0.1346153846
4 6 30	0.1666666667
4 49 50	0.3600000000
4 8 50	0.3076923077
4 11 70	0.1538461538
4 46 50	0.2500000000
4 49	0.0571428571
54 4 64	0.3548387097
34 18 49	0.0422764228
54 52 50	0.1788617886
34 29 64	0.6363636364
4 52 49	0.0616740088
4 49 55	0.3750000000
4 59 64	0.4615384615
34 46 37	0.4833333333
4 52 64	0.6470588235
9 20 70	0.1147540984
54 49	0.0426829268
54 0 50	0.0779220779
54 1 6	0.0432098765
5 34 49	0.1428571429
54 57 49	0.0287356322
34 3 6	0.1004016064
54 54 49	0.0158730159
4 54 70	0.1666666667
4 54 6	0.1428571429
54 1 3	0.0075471698
10 20 50	0.1949685535
54 52 70	0.0740740741
4 11 6	0.1818181818
4 6 50	0.3235294118
4 13 49	0.0353535354
50 49 6	0.0666666667
54 7 50	0.1404494382
4 6 49	0.0676156584
4 53 50	0.3333333333
54 6 70	0.0674157303
34 29 49	0.0434782609
34 3 64	0.5416666667
4 53 6	0.1538461538
4 78 65	0.1666666667
34 24 50	0.3731343284
4 49 52	0.0098039216
54 14 50	0.1958762887
4 14 50	0.3125000000
34 52 50	0.2962962963
4 3 64	0.5384615385
34 9 75	0.3846153846
54 6 2	0.0576923077
54 3 68	0.1764705882
54 1 75	0.3928571429
4 10 64	0.4545454545
4 70 50	0.2857142857
9 19 64	0.3846153846
5 34 2	0.3333333333
54 3 3	0.0031201248
2 34 3	0.1428571429
9 20 49	0.0335195531
34 52 70	0.1000000000
5 68 50	0.2727272727
54 3 64	0.4117647059
4 57 49	0.0655737705
34 22 50	0.1774193548
34 52 49	0.0534188034
4 8 6	0.1153846154
34 52 47	0.0204081633
4 57 6	0.1200000000
4 1 64	0.5454545455
4 49 70	0.3076923077
34 19 49	0.0449438202
2 54 6	0.0588235294
50 52 53	0.0294117647
4 49 6	0.0645161290
54 57 6	0.0727272727
34 3 3	0.0174418605
34 52 75	0.5625000000
4 47 47	0.0333333333
50 52 49	0.0298507463
51 34	0.2857142857
54 13 75	0.4400000000
34 4 6	0.0838794233
68 54 50	0.5312500000
5 50	0.1666666667
51 25	0.2000000000
54 46 50	0.1779661017
68 34	0.1000000000
74 37	0.3333333333
54 65 75	0.2105263158
9 20 50	0.1932367150
51 50	0.2727272727
54 3 75	0.4814814815
51 34 2	0.5000000000
54 57 47	0.0156250000
34 30 2	0.2307692308
54 78 64	0.2916666667
54 75	0.2857142857
73 50	0.1250000000
68 50	0.1428571429
54 49 64	0.4428571429
9 56 34	0.3641304348
68 34 48	0.3076923077
68 34 3	0.1000000000
54 52 49	0.0216718266
54 4 70	0.0909090909
74 0	0.1428571429
5 25	0.1428571429
54 57 50	0.2283464567
54 78 50	0.2500000000
5 74 37	0.3529411765
56 64	0.2000000000
25 4 62	0.0330578512
54 47 64	0.4516129032
54 11 50	0.1951219512
10 55 34	0.3175355450
34 4 64	0.5128205128
10 3 37	0.0769230769
56 49 64	0.2258064516
5 54 50	0.1728395062
54 70 34	0.4000000000
54 52 64	0.3893129771
34 83 0	0.5087719298
10 55 2	0.1428571429
4 54 75	0.1666666667
34 52 68	0.2142857143
4 13 50	0.2727272727
34 3 70	0.1944444444
9 19 49	0.0263157895
34 6 49	0.0975609756
54 53 75	0.2727272727
4 47 6	0.1571428571
4 8 34	0.3666666667
54 54 68	0.0769230769
50 52 64	0.2941176471
4 14 3	0.0322580645
54 47 68	0.2000000000
54 48 65	0.0487804878
50 71 34	0.5000000000
54 17 25	0.2941176471
24 6	0.0500000000
24 50	0.0416666667
22 34 2	0.3076923077
5 56 64	0.1111111111
24 3 6	0.0297029703
50 2	0.1818181818
24 1 50	0.0800000000
24 68	0.2000000000
54 1 68	0.0833333333
25 2	0.2222222222
25 49	0.0833333333
22 34	0.0769230769
24 32 50	0.0810810811
9 19 6	0.0839694656
25 49 64	0.1538461538
24 48 65	0.0714285714
54 0 49	0.0300000000
24 64 30	0.2222222222
24 57 65	0.0952380952
24 53 6	0.0888888889
24 66 55	0.0800000000
24 48 6	0.0789473684
10 20 3	0.0080645161
24 53 50	0.0416666667
24 65	0.0833333333
54 53 64	0.3551401869
24 64	0.1111111111
49 55 34	0.2631578947
24 8 50	0.1428571429
54 49 6	0.0234899329
54 70 55	0.3076923077
24 53	0.0526315789
5 10 55	0.0800000000
4 7 68	0.2500000000
34 29 50	0.3170731707
4 49 82	0.6153846154
10 16 76	0.2666666667
4 3 50	0.0952380952
4 70 64	0.4000000000
34 19 64	0.2857142857
34 49 64	0.3846153846
34 4 70	0.2155172414
54 16 50	0.1666666667
4 13 64	0.5000000000
54 49 82	0.2826086957
4 3 6	0.0937500000
4 6 3	0.0224719101
4 11 68	0.2142857143
4 1 70	0.2500000000
34 3 53	0.0148148148
34 18 65	0.1000000000
24 52 50	0.1095890411
9 22 6	0.0814814815
9 3 34	0.4054054054
54 66 55	0.1009174312
24 52 64	0.1666666667
54 52 65	0.0744680851
28 37 2	0.2500000000
24 50 49	0.0491803279
10 55 76	0.4090909091
54 6 47	0.0052910053
54 48 68	0.0952380952
10 20 6	0.0590163934
24 47 50	0.0869565217
5 68 34	0.4500000000
24 66 64	0.2244897959
54 1 65	0.1566265060
24 49 49	0.0176470588
50 80 50	0.1500000000
54 0 6	0.0560000000
54 53	0.0224719101
24 47 68	0.2727272727
54 6 53	0.0136612022
54 70 2	0.2031250000
24 1 49	0.0246305419
68 5 34	0.5294117647
68 24 49	0.0588235294
54 3 50	0.1848739496
54 57 64	0.2400000000
10 19 6	0.0400000000
54 49 2	0.0325203252
54 47 49	0.0339425587
51 50 49	0.1250000000
54 11 6	0.0830564784
54 13 49	0.0190274841
10 20 49	0.0259067358
51 34 76	0.2000000000
54 70 25	0.1333333333
54 13 64	0.4027777778
54 49 49	0.0317700454
54 78 75	0.3636363636
10 22 64	0.0714285714
34 6 3	0.0952380952
48 34	0.0555555556
49 56 50	0.1428571429
25 4 34	0.3684210526
48 50	0.2222222222
51 51 34	0.1481481481
54 47 6	0.0582278481
48 4 6	0.0243902439
10 55 50	0.2142857143
9 56 25	0.2820512821
34 3 2	0.0441176471
34 71 34	0.4358974359
25 80 25	0.2500000000
10 55 25	0.1481481481
54 14 6	0.0550458716
50 52 50	0.1702127660
50 71 50	0.3125000000
51 73 50	0.2500000000
25 80 50	0.1428571429
24 48 50	0.0526315789
24 47 65	0.1764705882
24 32 6	0.0697674419
54 70 76	0.4400000000
54 50 2	0.2444444444
24 50 48	0.3333333333
10 20 53	0.0208333333
54 46 68	0.1842105263
24 49 55	0.1428571429
24 49 6	0.0337078652
24 75 30	0.1666666667
54 14 65	0.2142857143
24 8 68	0.1428571429
22 34 30	0.1666666667
24 4 6	0.0333333333
54 47 50	0.1938325991
56 64 2	0.1111111111
51 28 37	0.1818181818
56 64 76	0.2857142857
54 88 50	0.1428571429
51 34 48	0.2820512821
54 32 50	0.1775700935
9 56 0	0.4615384615
10 22 6	0.0559006211
34 48 49	0.1764705882
16 50 49	0.0909090909
54 60 6	0.0355029586
49 56 34	0.4210526316
48 50 2	0.2500000000
54 2 6	0.0088495575
54 32 6	0.0392156863
4 49 64	0.6500000000
4 64 30	0.2500000000
9 20 68	0.1311475410
54 52 75	0.4285714286
4 1 49	0.0795454545
9 3 25	0.2941176471
54 60 50	0.0957446809
2 34 48	0.3333333333
4 47 68	0.2500000000
4 59 75	0.1666666667
9 19 70	0.0800000000
54 59 64	0.4035087719
54 60 70	0.0344827586
54 50 75	0.3000000000
10 16 50	0.2000000000
51 54 50	0.3461538462
68 54 6	0.1041666667
34 49 49	0.0869565217
51 24 6	0.0800000000
51 54 47	0.0333333333
56 52 50	0.1081081081
54 54 50	0.1607142857
54 13 50	0.1698113208
54 64 2	0.1000000000
51 22 34	0.4285714286
54 64	0.2222222222
2 34	0.0909090909
16 76	0.2857142857
54 11 75	0.4375000000
34 22 6	0.1061946903
50 49 50	0.1538461538
54 49 76	0.2500000000
56 75	0.1666666667
56 6 64	0.2500000000
54 7 68	0.2000000000
34 52 64	0.5434782609
56 3 6	0.0350877193
54 49 75	0.3166666667
54 6 75	0.3333333333
54 50 65	0.0833333333
54 6 6	0.0196936543
34 18 50	0.1886792453
54 65	0.0322580645
54 52 68	0.1666666667
24 57 49	0.0175438596
54 11 68	0.1428571429
24 49 64	0.2000000000
54 14 68	0.1842105263
54 59 6	0.0533707865
24 6 2	0.1020408163
24 65 64	0.1333333333
5 54 53	0.0652173913
54 49 65	0.1304347826
50 49 64	0.3076923077
54 53 68	0.1333333333
24 8 34	0.3750000000
2 10 55	0.1034482759
54 52 53	0.0021786492
56 59 53	0.0263157895
54 65 64	0.3877551020
54 2 49	0.0183486239
54 50 68	0.0769230769
34 24 6	0.0789473684
4 3 75	0.3750000000
34 3 50	0.3263157895
4 52 47	0.0597014925
34 19 6	0.1355932203
34 3 75	0.5384615385
54 2 50	0.0943396226
9 20 75	0.2142857143
34 4 75	0.6500000000
34 1 49	0.0447761194
34 24 47	0.0270270270
4 59 50	0.2083333333
4 6 70	0.3333333333
4 8 3	0.0606060606
4 47 70	0.2500000000
4 16 50	0.2857142857
4 57 47	0.0454545455
9 56 50	0.2820512821
54 59 49	0.0335097002
54 66 75	0.2777777778
5 50 3	0.1666666667
54 14 64	0.2666666667
10 22 50	0.1807228916
34 52 3	0.0129870130
10 20 64	0.2352941176
51 24 49	0.0309278351
68 25	0.1428571429
34 49 6	0.0888888889
54 78 49	0.0362903226
54 1 52	0.0031948882
68 24 75	0.1666666667
56 53 64	0.2666666667
34 36 75	0.5625000000
56 57 49	0.0322580645
34 18 68	0.2692307692
9 16 76	0.2222222222
56 3 68	0.0909090909
54 6 64	0.3766233766
9 22 64	0.2142857143
54 53 55	0.2105263158
54 50 48	0.2549019608
54 59 50	0.2129629630
34 18 6	0.0578703704
54 78 70	0.0645161290
54 48 64	0.2941176471
2 16 76	0.3636363636
56 6 70	0.1052631579
34 18 55	0.3846153846
54 3 6	0.0335689046
34 48 48	0.1764705882
51 2 25	0.1666666667
51 34 3	0.0512820513
51 50 3	0.2500000000
56 3 75	0.1666666667
34 22 64	0.4117647059
54 11 49	0.0202020202
9 22 50	0.1463414634
54 57 75	0.3333333333
56 3 50	0.1034482759
54 1 70	0.0847457627
56 59 70	0.0526315789
54 57 65	0.0943396226
2 34 30	0.1111111111
4 49 2	0.0740740741
34 22 75	0.2500000000
2 54 70	0.1111111111
34 52 52	0.0071174377
54 4 65	0.0833333333
4 6 47	0.0434782609
68 25 2	0.2500000000
54 13 52	0.0042283298
51 4 75	0.1666666667
54 7 49	0.0270270270
54 10 82	0.2727272727
54 59 3	0.0051282051
68 54 70	0.1428571429
54 42 49	0.0645161290
51 4 6	0.1463414634
10 20 68	0.0434782609
25 1 49	0.0204081633
54 3 2	0.0093896714
54 48 3	0.0088495575
24 57 53	0.0526315789
24 11 68	0.1875000000
54 13 47	0.0048309179
24 11 6	0.0735294118
54 11 65	0.0952380952
25 52 64	0.1333333333
24 6 64	0.2380952381
24 13 6	0.0602409639
54 47 2	0.0180180180
24 53 3	0.0235294118
54 59 53	0.0118343195
54 48 6	0.0729927007
54 6 68	0.1212121212
54 68 55	0.1739130435
54 16 76	0.4814814815
54 49 55	0.2727272727
54 50 34	0.2444444444
56 11 64	0.2000000000
54 42 6	0.0588235294
9 3 37	0.3333333333
9 22 70	0.1200000000
56 49 50	0.1000000000
10 3 34	0.3809523810
48 34 49	0.1111111111
54 52 47	0.0079787234
34 24 75	0.1666666667
54 0 3	0.0300751880
54 13 70	0.0810810811
4 78 50	0.1666666667
50 52 3	0.0089285714
34 16 50	0.3684210526
54 0 70	0.0882352941
4 10 82	0.2857142857
4 49 47	0.0588235294
4 59 52	0.0204081633
4 4 70	0.2222222222
4 54 47	0.0833333333
54 64 76	0.3333333333
5 34 48	0.3269230769
56 13 50	0.0833333333
9 20 64	0.3571428571
54 13 3	0.0037950664
68 54 49	0.0645161290
54 78 6	0.0952380952
51 24 50	0.2325581395
51 54 6	0.0779220779
54 48 50	0.2295081967
68 24 64	0.2222222222
54 75 2	0.1428571429
54 59 70	0.0731707317
10 19 50	0.1923076923
68 50 49	0.1111111111
68 28 0	0.2857142857
51 51 25	0.1000000000
68 25 3	0.1666666667
34 4 25	0.5333333333
51 56 49	0.0869565217
54 57 3	0.0040485830
24 6 49	0.0123966942
24 49 50	0.0606060606
5 54 6	0.0720720721
24 52 68	0.2222222222
24 13 50	0.0731707317
54 4 68	0.2105263158
49 56 0	0.2105263158
54 50 30	0.2000000000
24 78 6	0.0975609756
25 49 47	0.0526315789
51 25 49	0.1250000000
54 49 53	0.0064935065
34 7 50	0.1379310345
54 6 76	0.3913043478
54 1 53	0.0122699387
9 22 49	0.0357142857
54 46 6	0.0217391304
34 49 2	0.0476190476
54 48 49	0.0331491713
68 24 50	0.3750000000
51 56 3	0.0769230769
34 6 6	0.0952380952
54 13 6	0.0207792208
54 50 50	0.2307692308
54 59 52	0.0029411765
4 13 6	0.0579710145
34 6 64	0.3846153846
4 14 49	0.0606060606
54 4 49	0.0357142857
4 59 68	0.2000000000
54 70 30	0.3333333333
24 3 47	0.0312500000
24 64 2	0.3333333333
24 52 47	0.0273972603
34 71 50	0.5333333333
34 16 76	0.3846153846
24 78 65	0.2142857143
24 49 2	0.0400000000
24 6 6	0.0208333333
24 52 49	0.0131578947
54 32 68	0.0869565217
54 49 48	0.0250000000
56 59 6	0.0215053763
54 57 68	0.0869565217
54 32 64	0.3076923077
50 1 64	0.2307692308
56 59 50	0.1363636364
2 54 50	0.3333333333
34 52 65	0.1126760563
54 54 64	0.2631578947
10 72 82	0.2727272727
34 3 52	0.0140845070
4 47 50	0.2857142857
10 20 47	0.0081967213
34 29 55	0.3846153846
50 52 70	0.1153846154
4 13 70	0.2222222222
4 8 64	0.2857142857
4 54 68	0.1818181818
48 54 64	0.1250000000
16 50 2	0.1428571429
25 3 2	0.2857142857
51 68 34	0.2000000000
48 4 64	0.1428571429
48 34 2	0.4375000000
50 80 25	0.1666666667
49 55 50	0.2352941176
56 49 76	0.2857142857
56 47 64	0.1428571429
56 6 50	0.1346153846
51 24 64	0.2307692308
34 48 76	0.3333333333
56 49 2	0.0454545455
9 22 75	0.2500000000
54 54 6	0.0485436893
34 30 62	0.0253807107
54 78 65	0.1250000000
54 50 6	0.0487804878
54 49 50	0.1800000000
4 16 76	0.1428571429
34 22 70	0.1500000000
4 6 48	0.0681818182
4 11 50	0.2812500000
4 53 49	0.0666666667
5 48 50	0.3333333333
51 50 2	0.2500000000
54 11 64	0.4117647059
54 14 47	0.0156250000
68 28 37	0.1250000000
10 22 75	0.1250000000
9 16 50	0.0909090909
9 56 37	0.3513513514
54 53 2	0.0064102564
4 8 75	0.1666666667
4 11 49	0.0641025641
4 53 47	0.0500000000
54 4 6	0.0537634409
4 1 68	0.0714285714
4 11 64	0.4545454545
4 52 3	0.0272108844
4 49 75	0.6428571429
34 1 70	0.1111111111
24 59 65	0.1000000000
54 60 68	0.1000000000
24 6 76	0.4000000000
24 14 50	0.1818181818
50 1 49	0.0447761194
24 57 3	0.0113636364
22 5 34	0.2500000000
24 11 65	0.1764705882
24 11 50	0.0512820513
24 57 50	0.0545454545
10 20 70	0.0784313725
4 65 55	0.2000000000
54 67 64	0.1000000000
34 1 6	0.0666666667
51 25 2	0.2500000000
54 53 76	0.2222222222
68 24 6	0.1500000000
51 54 70	0.1351351351
10 19 64	0.2727272727
4 53 75	0.4444444444
24 3 64	0.1153846154
24 50 50	0.0370370370
24 49 48	0.0333333333
34 22 65	0.1500000000
24 16 76	0.2222222222
22 54 6	0.0434782609
51 51 50	0.1818181818
48 54 6	0.0166666667
54 3 25	0.2380952381
25 4 64	0.1000000000
48 50 49	0.1111111111
54 47 70	0.1176470588
10 22 49	0.0179640719
5 54 47	0.0192307692
24 1 6	0.0500000000
54 47 65	0.0571428571
54 60 49	0.0180180180
9 19 68	0.2000000000
24 13 3	0.0084745763
22 51 34	0.4090909091
24 6 3	0.0047846890
24 57 6	0.0697674419
24 4 68	0.1666666667
24 6 47	0.0285714286
10 3 0	0.0666666667
25 52 50	0.1363636364
4 53 70	0.2000000000
54 54 53	0.0243902439
4 14 64	0.2857142857
4 7 64	0.1428571429
4 8 47	0.0833333333
34 9 64	0.3846153846
9 22 65	0.2105263158
54 11 53	0.0225563910
34 29 68	0.1176470588
4 66 82	0.6428571429
4 52 65	0.1250000000
54 57 70	0.0465116279
51 56 64	0.2222222222
9 72 75	0.1428571429
54 52 3	0.0057273769
2 54 49	0.0645161290
4 1 75	0.3750000000
4 66 75	0.6153846154
4 6 75	0.3750000000
34 1 52	0.0270270270
4 1 6	0.1400000000
54 59 68	0.1250000000
54 65 55	0.1282051282
54 6 48	0.0322580645
24 68 55	0.1666666667
28 37 76	0.2857142857
24 47 6	0.0675675676
34 4 68	0.1264367816
25 4 53	0.0322580645
24 47 49	0.0263157895
5 56 47	0.1111111111
24 57 68	0.1250000000
54 50 49	0.0666666667
54 60 53	0.0140845070
24 8 6	0.0533333333
24 10 64	0.0500000000
54 32 75	0.3571428571
56 61 64	0.2222222222
48 5 34	0.1538461538
48 54 50	0.0250000000
25 4 76	0.2222222222
4 6 65	0.0416666667
54 70 64	0.3684210526
5 54 49	0.0252100840
24 8 25	0.1250000000
24 50 2	0.1666666667
24 50 76	0.2857142857
24 78 49	0.0508474576
24 60 6	0.0740740741
24 54 65	0.0714285714
24 48 68	0.1111111111
24 53 49	0.0535714286
5 5 34	0.1818181818
51 4 49	0.0571428571
51 54 49	0.0413223140
68 25 49	0.1111111111
54 2 64	0.4000000000
5 74 0	0.2727272727
56 59 64	0.1000000000
56 49 75	0.1818181818
56 6 53	0.0227272727
54 13 53	0.0208333333
4 52 68	0.1875000000
54 32 70	0.0540540541
54 7 65	0.1190476190
4 59 65	0.0833333333
54 70 75	0.2307692308
54 59 47	0.0059171598
54 42 50	0.1818181818
4 78 68	0.1428571429
4 1 50	0.2580645161
34 24 3	0.0099009901
50 1 50	0.1538461538
50 6 64	0.3076923077
50 49 52	0.0212765957
54 32 49	0.0103092784
5 54 75	0.1250000000
34 1 64	0.3076923077
4 60 50	0.2500000000
50 6 49	0.0487804878
4 57 3	0.0217391304
4 3 68	0.2222222222
4 13 3	0.0232558140
4 6 53	0.0229885057
4 59 3	0.0200000000
4 68 76	0.1666666667
48 16 76	0.1428571429
50 3 2	0.2000000000
48 34 76	0.1111111111
54 32 53	0.0357142857
24 11 64	0.0833333333
25 52 68	0.0909090909
54 0 68	0.0500000000
50 1 3	0.0487804878
54 3 65	0.0769230769
24 6 53	0.0307692308
5 54 65	0.0476190476
54 47 75	0.4000000000
56 77 64	0.1428571429
54 78 68	0.1081081081
56 52 64	0.3333333333
54 50 64	0.1428571429
54 88 75	0.1428571429
68 34 2	0.3000000000
54 48 47	0.0175438596
5 48 34	0.2777777778
2 16 50	0.1000000000
4 8 65	0.1000000000
4 60 47	0.0833333333
34 4 47	0.0232558140
54 53 6	0.0316901408
54 32 65	0.0357142857
24 8 65	0.1818181818
25 1 64	0.1111111111
24 50 6	0.0754716981
25 1 6	0.0270270270
24 8 49	0.0322580645
24 65 55	0.2142857143
5 34 30	0.1538461538
56 32 49	0.0208333333
54 47 53	0.0088495575
54 2 70	0.1379310345
2 51 34	0.2380952381
4 78 53	0.0322580645
34 3 68	0.0740740741
10 22 70	0.0344827586
9 20 65	0.0491803279
56 53 75	0.1818181818
56 13 53	0.0416666667
54 75 30	0.1428571429
56 49 70	0.0588235294
54 57 53	0.0076335878
34 3 65	0.0952380952
54 10 75	0.1428571429
9 19 75	0.1250000000
4 3 65	0.1000000000
4 49 53	0.0357142857
4 7 6	0.0892857143
4 46 68	0.1428571429
4 69 6	0.2857142857
4 57 70	0.2666666667
9 19 47	0.0232558140
24 6 50	0.0806451613
24 52 65	0.1764705882
24 59 49	0.0312500000
24 48 3	0.0312500000
54 78 3	0.0062111801
24 78 68	0.0769230769
24 1 68	0.0714285714
54 0 65	0.0714285714
4 78 70	0.1666666667
4 7 50	0.2500000000
4 14 68	0.1818181818
4 10 75	0.1666666667
4 66 55	0.2000000000
34 24 49	0.0853658537
4 60 3	0.0500000000
5 34 3	0.0555555556
4 47 64	0.4545454545
34 2 2	0.1000000000
54 49 70	0.1052631579
34 49 52	0.0425531915
56 13 70	0.0909090909
34 7 49	0.0454545455
50 52 75	0.2222222222
56 64 30	0.1111111111
54 53 53	0.0267857143
4 8 68	0.0909090909
54 49 30	0.2222222222
24 2 64	0.3750000000
10 72 75	0.2222222222
4 67 6	0.2857142857
10 3 25	0.0909090909
54 7 70	0.0500000000
56 49 49	0.0176991150
56 47 68	0.1000000000
25 4 25	0.2500000000
54 53 70	0.0434782609
56 3 65	0.0714285714
9 3 50	0.2941176471
4 1 65	0.2000000000
4 32 70	0.1428571429
34 4 3	0.0036563071
4 2 49	0.0444444444
56 3 64	0.2222222222
51 28 0	0.3333333333
4 75 30	0.1666666667
68 73 50	0.1666666667
24 50 34	0.1538461538
25 52 65	0.1111111111
24 53 64	0.1250000000
25 1 3	0.0303030303
24 53 65	0.0769230769
54 6 65	0.0307692308
54 14 75	0.3000000000
24 6 30	0.2857142857
50 52 65	0.1333333333
24 3 65	0.2000000000
34 1 50	0.3846153846
68 50 3	0.1666666667
54 6 3	0.0017761989
54 68 76	0.2000000000
54 13 25	0.1200000000
54 3 52	0.0017094017
74 37 2	0.2857142857
5 25 3	0.1666666667
22 34 48	0.1764705882
56 32 64	0.1250000000
24 49 76	0.4444444444
34 76 2	0.1111111111
5 25 49	0.1250000000
48 73 50	0.1666666667
24 7 65	0.1250000000
24 49 30	0.1666666667
24 13 25	0.1111111111
24 3 68	0.0909090909
22 10 55	0.0833333333
24 7 68	0.1538461538
24 50 3	0.0277777778
4 7 70	0.1818181818
4 13 52	0.0123456790
56 57 64	0.2000000000
51 2 34	0.2500000000
9 72 64	0.3076923077
10 22 47	0.0140845070
68 50 2	0.2500000000
4 14 65	0.1250000000
4 32 49	0.0588235294
4 70 55	0.2857142857
54 49 52	0.0018348624
4 11 3	0.0200000000
4 60 6	0.0322580645
2 54 47	0.0476190476
54 4 75	0.1250000000
68 5 25	0.1666666667
73 50 3	0.1250000000
10 72 64	0.3809523810
54 53 49	0.0224215247
4 54 65	0.0714285714
4 47 49	0.0632911392
4 46 70	0.1666666667
50 52 47	0.0338983051
4 60 70	0.1250000000
50 1 6	0.0444444444
4 57 53	0.0476190476
51 74 37	0.1111111111
24 6 68	0.1428571429
24 14 68	0.2222222222
24 6 48	0.0714285714
24 54 6	0.0588235294
24 1 65	0.1000000000
25 49 6	0.0303030303
9 19 3	0.0202020202
24 60 3	0.0370370370
34 18 52	0.0152905199
34 22 49	0.0192307692
4 53 3	0.0153846154
56 52 49	0.0087719298
4 52 75	0.3750000000
25 6 64	0.1538461538
54 0 53	0.0566037736
4 4 49	0.0526315789
54 60 75	0.1250000000
4 8 49	0.0638297872
54 53 82	0.1666666667
74 37 48	0.2500000000
54 59 75	0.3636363636
51 24 75	0.1428571429
34 49 47	0.0800000000
4 8 70	0.2000000000
4 54 49	0.0625000000
54 11 47	0.0083333333
51 34 49	0.1428571429
2 25 3	0.1428571429
50 6 6	0.0476190476
4 47 53	0.0294117647
4 53 82	0.1666666667
4 57 64	0.1428571429
4 54 64	0.3333333333
4 42 65	0.1250000000
4 52 52	0.0198675497
34 4 65	0.0108695652
74 0 2	0.1666666667
54 68 75	0.0909090909
24 78 3	0.0232558140
22 74 37	0.1111111111
22 34 49	0.1250000000
56 48 64	0.2222222222
54 64 30	0.1250000000
56 14 64	0.1818181818
56 59 75	0.1428571429
54 78 53	0.0105263158
4 52 53	0.0156250000
54 0 47	0.0144927536
34 7 70	0.1764705882
10 20 65	0.0270270270
34 19 68	0.1500000000
4 52 70	0.2222222222
56 49 55	0.1111111111
24 60 49	0.0333333333
5 54 68	0.0588235294
24 59 6	0.0526315789
24 50 68	0.0909090909
22 54 50	0.0476190476
24 2 53	0.1111111111
54 53 3	0.0050890585
24 13 65	0.0769230769
24 54 50	0.0434782609
25 49 49	0.0178571429
54 7 75	0.2000000000
54 52 52	0.0021074816
56 59 49	0.0208333333
50 1 70	0.1111111111
4 14 75	0.1666666667
4 7 49	0.0434782609
9 20 47	0.0082644628
10 19 49	0.0169491525
54 59 65	0.0545454545
24 7 6	0.0169491525
73 16 50	0.1250000000
54 60 3	0.0081300813
74 0 48	0.2500000000
34 19 75	0.2500000000
4 6 68	0.2500000000
10 20 75	0.1111111111
24 13 47	0.0204081633
25 49 2	0.0555555556
4 57 68	0.1111111111
4 2 53	0.1111111111
4 11 47	0.0370370370
56 13 64	0.0909090909
56 6 49	0.0163934426
54 14 49	0.0188679245
50 52 68	0.1052631579
54 4 53	0.0222222222
56 47 50	0.0666666667
9 22 53	0.0128205128
50 6 47	0.1538461538
54 49 47	0.0104712042
49 56 25	0.1111111111
68 54 47	0.0526315789
4 59 49	0.0769230769
5 16 50	0.1666666667
50 49 2	0.0476190476
24 8 3	0.0487804878
24 59 3	0.0188679245
56 14 49	0.0243902439
54 78 47	0.0113636364
54 70 50	0.1333333333
54 2 53	0.1481481481
34 1 3	0.0487804878
4 53 68	0.1000000000
50 6 3	0.0476190476
24 60 50	0.0588235294
34 48 30	0.0909090909
24 49 53	0.0227272727
24 54 68	0.1111111111
5 68 25	0.2727272727
56 49 53	0.0303030303
56 52 68	0.0769230769
24 10 0	0.0666666667
24 46 68	0.1111111111
24 7 50	0.0588235294
4 47 75	0.2857142857
54 67 6	0.0833333333
50 49 47	0.0800000000
34 24 53	0.0652173913
4 65 75	0.2857142857
4 2 50	0.2307692308
4 2 70	0.2222222222
34 48 3	0.0133333333
24 11 49	0.0109890110
24 50 30	0.1111111111
24 7 49	0.0555555556
24 54 64	0.1250000000
56 52 75	0.1428571429
22 51 50	0.1111111111
4 54 3	0.0500000000
24 32 53	0.0625000000
24 1 64	0.0909090909
24 52 3	0.0064935065
24 49 47	0.0188679245
24 64 76	0.2857142857
24 48 49	0.0408163265
34 4 53	0.0125786164
24 50 65	0.0909090909
56 59 65	0.0625000000
4 49 48	0.0800000000
54 42 65	0.0909090909
4 4 53	0.1428571429
4 15 0	0.0425531915
34 6 47	0.0769230769
54 13 65	0.0588235294
51 56 6	0.0769230769
51 56 52	0.0625000000
34 29 65	0.1818181818
25 4 68	0.1333333333
24 1 53	0.0178571429
22 51 25	0.1250000000
4 1 53	0.0322580645
4 47 3	0.0172413793
24 13 49	0.0131578947
56 75 30	0.1666666667
4 53 65	0.1111111111
54 50 76	0.2500000000
54 54 47	0.0131578947
54 54 70	0.0697674419
54 65 76	0.1428571429
54 49 68	0.0476190476
56 11 49	0.0322580645
4 8 25	0.1428571429
24 4 64	0.1250000000
54 60 64	0.1428571429
56 53 55	0.1111111111
10 3 50	0.0909090909
24 11 53	0.0294117647
50 52 52	0.0070921986
34 4 76	0.1111111111
56 6 68	0.0833333333
49 55 25	0.1111111111
24 3 50	0.0500000000
51 4 64	0.1428571429
51 25 3	0.1428571429
24 47 64	0.0909090909
4 32 6	0.1333333333
4 42 49	0.0555555556
4 70 75	0.2857142857
24 48 64	0.1250000000
54 68 64	0.0909090909
9 72 82	0.1250000000
4 13 47	0.0588235294
54 54 75	0.1000000000
5 25 2	0.1666666667
56 48 49	0.0434782609
24 54 49	0.0204081633
54 3 47	0.0037037037
24 75 2	0.1666666667
24 54 53	0.0526315789
4 14 47	0.0555555556
56 61 75	0.1250000000
68 34 76	0.1666666667
22 54 53	0.1000000000
56 13 49	0.008474