0	0.0000000000
1	0.0000000000
2	0.0535714286
3	0.0000000000
4	0.0000000000
6	0.0000000000
7	0.0000000000
8	0.0000000000
9	0.0000000000
10	0.0000000000
11	0.0000000000
12	0.0000000000
13	0.0000000000
14	0.0000000000
15	0.0000000000
16	0.0000000000
17	0.0000000000
18	0.0000000000
19	0.0000000000
20	0.0000000000
21	0.0000000000
22	0.1250000000
23	0.0000000000
24	0.0000000000
25	0.0000000000
26	0.0000000000
27	0.0000000000
28	0.0000000000
29	0.0000000000
30	0.0000000000
31	0.0000000000
32	0.0000000000
33	0.0000000000
34	0.0000000000
35	0.0000000000
36	0.0000000000
37	0.0000000000
38	0.0000000000
39	0.0000000000
40	0.0000000000
41	0.0000000000
42	0.0000000000
43	0.0000000000
44	0.0000000000
45	0.0000000000
46	0.0000000000
47	0.0000000000
48	0.2608695652
49	0.0000000000
50	0.0000000000
51	0.0000000000
52	0.0000000000
53	0.0000000000
54	0.0000000000
55	0.0000000000
56	0.0000000000
57	0.0000000000
58	0.0000000000
59	0.0000000000
60	0.0000000000
61	0.0000000000
62	0.0000000000
63	0.0000000000
64	0.0000000000
65	0.0000000000
66	0.0000000000
67	0.0000000000
68	0.0000000000
69	0.0000000000
70	0.0000000000
71	0.0000000000
72	0.0000000000
73	0.0000000000
74	0.0000000000
75	0.0000000000
76	0.0000000000
77	0.0000000000
78	0.0000000000
79	0.0000000000
80	0.0000000000
81	0.0000000000
82	0.0000000000
83	0.0000000000
84	0.0000000000
85	0.0000000000
86	0.0000000000
87	0.0000000000
88	0.0000000000
89	0.0000000000
90	0.0000000000
91	0.0000000000
92	0.0000000000
7 49 53	0.2093373494
4 67	0.2500000000
15 10	0.0571428571
15 52 53	0.1649269311
56 3 53	0.1955990220
7 59 10	0.1543209877
3 53	0.2225352113
15 49	0.0367647059
56 61	0.2721088435
3 13 61	0.2718808194
20 49	0.0705218618
7 66	0.0810810811
5 5	0.2836363636
46 67	0.1250000000
15 10 5	0.2562500000
7 2 49	0.0545212766
15 47 66	0.0491803279
7 88 53	0.2000000000
5 7 10	0.2686567164
3 59 10	0.2041095890
20 46 61	0.2077348066
3 47 49	0.0939008337
3 10	0.1750000000
46 50	0.0312500000
3 67	0.0925925926
7 49 10	0.1584821429
3 88 49	0.1076923077
56 49	0.0361842105
7 13 53	0.2093596059
7 13 49	0.0296886314
15 3 61	0.2258064516
56 78 61	0.2264150943
20 53	0.1560846561
7 52 53	0.1551891368
5 5 48	0.2155688623
7 49	0.0459965928
15 53	0.1948051948
7 3 67	0.1824324324
3 66	0.0835030550
7 46 10	0.0885608856
3 53 5	0.3469387755
5 3 66	0.1181239143
7 8 66	0.0783289817
7 13 61	0.2097378277
5 7 49	0.0900284900
20 1 53	0.2138996139
15 78 53	0.1891891892
7 32 53	0.1578947368
7 32 61	0.1879699248
20 6 49	0.0766034327
15 49 66	0.0492227979
15 56 53	0.1714285714
7 10	0.1456310680
20 14 66	0.1081441923
7 57 53	0.1642512077
15 32 10	0.1690140845
3 47 66	0.1016590187
3 3 61	0.2446808511
56 78 53	0.1916666667
7 3 0	0.2986111111
5 5 5	0.2632743363
56 6 66	0.0500000000
7 47 53	0.1172741680
56 53	0.1758241758
7 61	0.1875000000
3 3 53	0.2312097351
7 6 53	0.1587462083
7 49 49	0.0390990225
20 53 5	0.2882882883
7 48 53	0.2328767123
56 3 61	0.1911764706
56 6 53	0.1605504587
20 60 10	0.2608695652
7 59 53	0.1425389755
7 52 10	0.1526195900
15 49 53	0.1428571429
15 49 5	0.2262118492
7 6 66	0.0554602630
5 3 53	0.2696245734
7 13 10	0.1488673139
15 10 48	0.1538461538
7 4 10	0.0666666667
56 0 53	0.2110481586
7 59 66	0.0503816794
20 11 53	0.1381443299
3 57 10	0.2163265306
3 6 49	0.0792613172
7 3 53	0.1964573269
15 59 49	0.0471607315
20 11 10	0.1700404858
15 52 67	0.0823529412
5 21 10	0.2121212121
3 13 49	0.0527115297
20 8 53	0.1653944020
7 14 66	0.0666666667
7 52 49	0.0487455197
20 0 66	0.1058451817
20 13 0	0.2265193370
20 0 10	0.2408759124
56 61 53	0.2321428571
15 49 61	0.1666666667
7 8 49	0.0678466077
20 49 53	0.2037325039
3 48 49	0.0755244755
15 49 48	0.0641025641
51 3 66	0.0745562130
20 49 10	0.1840490798
56 13 53	0.1818181818
15 49 67	0.1296296296
20 6 53	0.1921119593
20 53 49	0.0825082508
7 67	0.1538461538
7 49 5	0.2504332756
7 78 66	0.0560000000
7 1 53	0.1893617021
7 66 51	0.0396158463
15 78 49	0.0168421053
5 20 49	0.0956848030
7 11 66	0.0525362319
20 11 49	0.0794612795
7 54 66	0.0559440559
7 64 29	0.1000000000
3 1 53	0.1929555896
7 49 48	0.0701402806
7 50 49	0.0954773869
15 52 66	0.0676605505
56 49 5	0.2239858907
15 49 49	0.0472610097
15 13 49	0.0247349823
15 3 67	0.2068965517
5 21 66	0.1517241379
20 52 49	0.0723283218
51 82 29	0.0903010033
56 52 10	0.1212121212
7 78 49	0.0379146919
7 50 10	0.0833333333
7 48 66	0.0927835052
56 14 61	0.1666666667
7 1 49	0.0441271901
46 46 61	0.0897435897
3 52 61	0.2654028436
20 1 66	0.1023031601
3 10 5	0.3223350254
7 49 67	0.1309523810
3 61	0.2727272727
20 49 49	0.0662008091
2 5	0.2000000000
3 4 70	0.0441176471
51 20 65	0.0351351351
5 2 51	0.1961852861
3 14 53	0.1648745520
3 78 49	0.0848363393
20 3 66	0.0913385827
20 59 61	0.2197309417
5 22 53	0.3555555556
77 23 49	0.0694183865
20 53 66	0.1063218391
3 6 53	0.2065217391
77 1 49	0.0697674419
3 52 53	0.1858019281
3 59 53	0.2187793427
20 67	0.0892857143
20 8 49	0.0889639640
56 61 66	0.1406250000
20 65	0.1061946903
3 3 66	0.1088510170
56 0 0	0.0433070866
3 14 66	0.1290983607
49 46 17	0.1615384615
49 6 3	0.0828538550
5 59 3	0.1301652893
63 0 3	0.0942940039
49 6 13	0.1043526786
5 2	0.0869565217
5 49 13	0.1418918919
0 21 5	0.2702702703
49 47 13	0.0793201133
0 15 13	0.1714285714
0 56 13	0.1447368421
59 3	0.1204545455
49 11 3	0.0874751491
5 48	0.1666666667
0 7 3	0.1880952381
49 17	0.2597402597
59 3 5	0.2912621359
49 13 13	0.0872698159
49 52 13	0.0948275862
59 11 13	0.1178082192
59 1 13	0.1125401929
59 60 13	0.0806451613
49 17 51	0.0852272727
59 59 3	0.0974545455
49 13	0.0989304813
0 15 3	0.1666666667
63 0 13	0.1013465627
0 3 13	0.1640378549
59 47 13	0.0974289581
59 6 3	0.0892477688
59 52 3	0.1051080550
0 56 3	0.1318407960
20 50 9	0.0259740260
20 0 53	0.2677824268
5 15 49	0.0839895013
48 5	0.2352941176
20 1 49	0.0747512150
20 49 51	0.0991544965
5 20 53	0.1970404984
3 32 66	0.0753205128
77 4 66	0.0829268293
5 7 68	0.0597014925
5 20 10	0.2843750000
75 18	0.0875576037
82 30 9	0.0400000000
3 50 18	0.0959206174
3 54 53	0.1829787234
20 53 10	0.2511627907
3 50 53	0.2342857143
5 7 70	0.0921658986
5 7 65	0.1342756184
3 66 48	0.1742738589
82 18	0.0797872340
3 78 53	0.2284644195
20 57 70	0.0305676856
48 20 65	0.1515151515
20 1 65	0.1088825215
3 54 66	0.0800000000
3 6 66	0.1032659409
20 53 51	0.1165048544
5 4 0	0.2500000000
64 29	0.0869565217
75 24 49	0.0734265734
3 1 66	0.1003861004
5 7 61	0.3445783133
48 51	0.1052631579
48 48	0.1666666667
77 21 49	0.0750382848
64 36	0.0634920635
3 66 51	0.1175373134
3 46 66	0.1005692600
75 36 48	0.1129032258
5 56 49	0.0882016037
24 78 49	0.0458015267
19 49	0.0377358491
7 14 53	0.1512195122
19 13 66	0.0555555556
7 49 29	0.1467391304
7 3 10	0.1689008043
7 6 10	0.1496212121
19 13 61	0.2500000000
19 49 51	0.0838323353
19 78 10	0.2941176471
19 8 49	0.1042944785
3 52 49	0.0790411403
19 53	0.1842105263
19 49 5	0.2261306533
19 47 31	0.1463414634
19 66	0.0898876404
19 10	0.3043478261
19 6 66	0.0801687764
19 49 61	0.3064516129
15 3 53	0.1935483871
3 52 10	0.2032085561
3 50 49	0.0955284553
3 46 10	0.1314031180
19 11 53	0.1612903226
20 10	0.1626016260
3 47 53	0.1527331190
19 50 31	0.1379310345
19 59 53	0.2028985507
20 52 10	0.1834625323
20 3 0	0.2217194570
15 0 53	0.1273764259
51 82 18	0.0620805369
75 52 53	0.1306532663
20 78 53	0.1397260274
20 50 31	0.1085972851
75 18 66	0.1033210332
7 49 66	0.0574712644
7 66 5	0.1900990099
20 1 61	0.2237521515
56 0 49	0.0814732143
75 36	0.0975609756
7 49 61	0.2278106509
3 10 51	0.1162500000
5 82 29	0.1745283019
5 2 5	0.3510638298
56 13 61	0.1719745223
56 67	0.1176470588
7 4 53	0.1052631579
3 46 61	0.2229508197
56 66	0.0409836066
51 56 61	0.1830985915
2 64 29	0.1061946903
15 0 49	0.0392156863
4 49 61	0.1363636364
56 0 18	0.1052631579
56 2 49	0.0591549296
51 7 49	0.0248868778
20 52 66	0.1148676171
56 63 61	0.3134328358
5 48 5	0.3052631579
5 19 10	0.2207792208
20 57 49	0.0714729646
20 47 49	0.0689873418
51 48	0.1095890411
20 0 65	0.1559633028
3 7 49	0.0757575758
3 65	0.0721649485
3 59 49	0.0775841490
64 4 66	0.0883140054
82 18 49	0.0679723502
82 29	0.0631578947
3 6 29	0.1184573003
82 9 51	0.0344827586
20 3 61	0.2202283850
79 56 49	0.1333333333
3 10 2	0.0477941176
5 20 65	0.1221590909
20 57 53	0.1412429379
20 6 65	0.0782312925
20 13 49	0.0445103858
5 56 53	0.3050847458
20 48 66	0.1028277635
64 3 53	0.2043795620
20 54 49	0.0743427017
3 52 66	0.1061084781
20 6 66	0.0943000838
82 18 5	0.2402234637
5 21 0	0.4736842105
3 1 49	0.0707811826
3 53 66	0.1130820399
51 3 61	0.1751527495
82 52 49	0.0727272727
3 32 53	0.2138888889
20 70 18	0.0903686088
15 52 49	0.0461538462
3 32 10	0.1973684211
7 3 66	0.0742705570
15 6 10	0.1563981043
20 57 10	0.1807228916
51 48 5	0.2784313725
56 52 67	0.0869565217
5 7 67	0.1042654028
82 29 5	0.2510121457
7 70 18	0.0646551724
82 18 66	0.0975609756
7 8 53	0.2389937107
20 8 66	0.1032547699
82 18 53	0.1680672269
82 24 66	0.0925000000
3 78 67	0.1111111111
3 13 53	0.2487852284
51 4 67	0.2222222222
82 52 10	0.0909090909
20 52 65	0.1002949853
5 75 18	0.1090225564
3 70	0.0705882353
20 60 66	0.1282367448
5 15 53	0.3462469734
82 3 10	0.1157024793
79 56 61	0.1860465116
5 7 66	0.1366828741
3 66 5	0.2180851064
20 46 10	0.1260869565
64 30 36	0.1470588235
79 56 65	0.1176470588
56 0 10	0.2007874016
20 49 48	0.0836408364
49 13 5	0.2850356295
20 52 27	0.0118343195
63 3	0.1037037037
20 32 13	0.0187018702
20 13 51	0.0247619048
49 47 17	0.1893491124
20 3	0.0093896714
49 49 17	0.1341463415
20 7 3	0.0137157107
63 3 5	0.2245989305
51 49 13	0.0724907063
5 49 17	0.2444444444
20 49 13	0.0132291040
20 53 13	0.0057720058
49 32 3	0.0814696486
59 6 13	0.0998781973
59 46 17	0.1511056511
59 3 13	0.1066945607
59 49 13	0.1030133146
49 1 3	0.1049125729
20 13 5	0.0474226804
20 52 13	0.0105034408
49 49 13	0.0986009327
49 52 3	0.1100041511
20 13 13	0.0214925373
59 46 3	0.0809248555
49 13 2	0.0781990521
59 6 17	0.2169117647
20 47 3	0.0160965795
63 52 13	0.1277108434
20 46 17	0.0146412884
3 53 51	0.1145710928
64 29 49	0.0492845787
5 64 36	0.1523809524
75 36 5	0.2366412214
51 51 48	0.0400000000
82 29 51	0.1084337349
3 32 61	0.2888888889
75 4 49	0.0866141732
82 29 2	0.0730337079
3 53 2	0.0525451560
48 3 66	0.1003134796
2 75 18	0.1025641026
3 59 66	0.0899608866
82 76 18	0.0842105263
64 46 61	0.2307692308
3 6 61	0.2549317147
3 88 53	0.2500000000
3 2 49	0.0934101088
64 4 53	0.1506276151
3 57 49	0.0833333333
20 7 67	0.0340909091
3 59 61	0.2553191489
82 29 49	0.0641509434
3 53 53	0.2538071066
20 52 67	0.0519031142
64 52 66	0.0800000000
77 1 66	0.1102362205
3 11 66	0.0886194030
20 0 50	0.0370370370
56 0 66	0.1090909091
56 0 70	0.0432098765
5 15 10	0.1807228916
20 49 18	0.0755711775
3 66 2	0.0508474576
20 59 10	0.1267605634
20 52 53	0.1776883266
20 49 2	0.0334288443
64 4 49	0.0722543353
20 49 29	0.0892193309
3 61 5	0.3222506394
5 82 18	0.1484918794
20 49 61	0.2178477690
51 20 53	0.1158129176
20 50 53	0.2290502793
20 6 10	0.1884875847
3 1 61	0.2128279883
3 60 49	0.0853242321
20 3 53	0.2012644889
3 4 10	0.1506849315
5 48 48	0.1475409836
20 10 2	0.0685714286
20 11 66	0.0791426216
64 52 49	0.0656424581
82 29 53	0.1625000000
3 13 66	0.1004291845
20 11 70	0.0246305419
51 20 49	0.0545685279
20 49 67	0.0845070423
3 52 65	0.0677618070
20 48 65	0.1238938053
64 4 10	0.1904761905
3 46 53	0.0936454849
3 32 49	0.0740169622
3 6 70	0.0305927342
5 3 10	0.2365591398
3 6 10	0.2078048780
7 50 31	0.0975609756
7 1 61	0.1968911917
24 47 66	0.0421052632
19 53 5	0.3417721519
24 66	0.0270270270
7 3 61	0.1847826087
22 53	0.0666666667
3 14 61	0.2500000000
7 65 5	0.3176470588
19 52 49	0.0582120582
19 70 36	0.1315789474
19 11 10	0.2352941176
3 14 10	0.2056074766
22 3 10	0.0833333333
24 53	0.0303030303
7 0 53	0.1750000000
24 6 61	0.1176470588
19 8 10	0.1044776119
3 65 5	0.2980132450
7 14 61	0.1898734177
55 18 53	0.1739130435
24 66 2	0.0183486239
7 47 49	0.0559701493
55 18	0.0555555556
7 7 66	0.0733590734
24 10 5	0.0666666667
55 24 49	0.0697674419
22 66	0.1538461538
7 69 31	0.1560693642
24 8 53	0.1724137931
15 46 61	0.2130177515
2 51	0.1264367816
5 64 29	0.1426229508
19 8 66	0.0849673203
55 18 5	0.1515151515
15 47 53	0.1443298969
7 47 66	0.0564853556
7 13 0	0.2307692308
56 3 10	0.1607843137
15 47 49	0.0643642072
20 1 10	0.1960507757
7 10 5	0.3955555556
56 64 29	0.0839160839
56 59 49	0.0451552211
15 13 67	0.2222222222
7 78 10	0.1949152542
56 49 53	0.1846590909
56 32 61	0.1764705882
7 2 53	0.1025641026
56 0 67	0.1764705882
20 47 53	0.1263616558
49 32 13	0.0800711744
49 59 3	0.0942895086
46 53 17	0.1282051282
49 52 71	0.1538461538
63 6 3	0.0810488677
49 13 3	0.0845942228
49 52 17	0.1466275660
63 60 17	0.1505376344
49 6 71	0.2391304348
59 14 13	0.0802469136
49 8 13	0.0726256983
20 13	0.0197802198
59 49 17	0.1231343284
49 53 3	0.0273972603
73 31 13	0.0962962963
67 3 3	0.1791044776
63 46 17	0.1237113402
46 17	0.1454545455
59 47 3	0.1012773723
77 1 53	0.1776649746
3 42 66	0.1466666667
3 1 68	0.0340136054
20 68	0.0247933884
20 13 50	0.0215053763
5 56 61	0.3010948905
5 56 66	0.1320754717
2 82 18	0.1294117647
77 21 66	0.1327231121
20 49 5	0.2208754209
20 32 53	0.1457489879
5 3 65	0.1406250000
20 53 65	0.1039603960
20 49 36	0.0816326531
51 20 68	0.0072463768
20 52 61	0.2338072670
20 8 70	0.0618556701
3 2 53	0.2137931034
20 68 9	0.0425531915
20 65 5	0.2538071066
20 70	0.0400000000
3 4 66	0.0782608696
77 23 65	0.0655737705
56 17 50	0.3333333333
3 67 31	0.1099365751
82 4 66	0.1159420290
3 11 49	0.0805084746
75 24 53	0.1304347826
82 29 48	0.1417322835
2 75 36	0.1159420290
3 8 49	0.1020114943
64 29 2	0.0493827160
3 64 29	0.1056241427
3 78 66	0.1165191740
82 4 49	0.0935483871
51 2	0.0791366906
51 20 10	0.1231527094
20 53 53	0.1905626134
3 57 66	0.0889292196
3 13 0	0.2975778547
3 69 31	0.1346633416
3 60 53	0.2500000000
3 13 10	0.2080924855
3 3 0	0.3080568720
3 1 10	0.2017804154
20 78 66	0.0910344828
3 60 10	0.2232142857
20 2 49	0.0839231547
20 32 49	0.0739549839
3 48 53	0.1958997722
20 8 67	0.0642201835
3 61 51	0.1223328592
5 19 49	0.1100244499
3 8 66	0.1161290323
51 3 53	0.1578947368
3 75 18	0.0826306914
56 56 49	0.1384615385
3 14 49	0.0771929825
20 49 66	0.0850393701
3 3 10	0.2158536585
3 3 67	0.1423487544
82 24 53	0.0895522388
3 11 10	0.1862348178
5 48 51	0.1144414169
20 48 49	0.0637898687
3 53 49	0.0846846847
82 3 66	0.0808823529
79 82 18	0.1506849315
3 61 2	0.0913705584
2 82 29	0.1413043478
63 48 17	0.1783439490
0 20 17	0.3409090909
49 50 71	0.2040816327
59 50 3	0.0559440559
0 5 46	0.1714285714
59 47 17	0.1901639344
0 20 3	0.1886120996
63 0 17	0.2291666667
5 63 3	0.1447368421
0 15 17	0.2578616352
59 3 3	0.1048433048
0 3 3	0.1554404145
15 52 61	0.1862068966
19 6 10	0.2051282051
3 64 36	0.0998043053
19 13 49	0.0295857988
19 57 49	0.0829268293
19 1 49	0.0601851852
24 10 51	0.0344827586
7 59 61	0.1843137255
15 3 10	0.1968503937
24 49 10	0.1159420290
7 32 49	0.0358024691
19 46 66	0.0937500000
7 61 51	0.0501474926
7 1 10	0.1673151751
3 3 50	0.0329776916
19 59 61	0.2619047619
15 53 5	0.3750000000
19 13 10	0.2307692308
7 50 18	0.0628571429
49 14 13	0.0654205607
0 20 13	0.1206896552
49 14 3	0.1509433962
49 7 3	0.1137123746
73 50 13	0.1124260355
20 3 2	0.0012269939
63 53 17	0.1185185185
49 66 5	0.0256147541
49 47 71	0.1935483871
49 6 17	0.1733333333
63 6 13	0.1146025878
67 15 17	0.2800000000
20 2 3	0.0075901328
46 52 13	0.1888888889
49 13 51	0.0817610063
51 59 3	0.0769230769
46 7 17	0.1666666667
49 1 13	0.0991080278
50 56 13	0.1581920904
63 52 3	0.0959349593
46 46 17	0.0773809524
59 7 17	0.1200000000
49 78 3	0.1008000000
46 52 3	0.1838235294
63 0 5	0.3311036789
46 17 5	0.4194915254
50 15 13	0.1567164179
67 7 3	0.0983606557
63 1 13	0.0789980732
75 52 10	0.0689655172
75 4 53	0.1542857143
77 4 65	0.0952380952
77 6 18	0.0917431193
48 3 53	0.2466960352
82 52 53	0.1167512690
64 3 66	0.0611246944
5 3 68	0.0204918033
64 36 48	0.1224489796
48 82 18	0.0930232558
82 18 51	0.1042253521
48 51 48	0.2295081967
20 50 29	0.1035422343
64 36 33	0.0232558140
54 2 8	0.1739130435
9 56	0.1463414634
24 49 8	0.0909090909
34 2 80	0.2931034483
54 52 10	0.0071428571
24 7 8	0.0937500000
24 8	0.0714285714
34 1 10	0.0666666667
54 52 8	0.0729927007
50 80	0.2307692308
10 55	0.2051282051
24 57 8	0.1228070175
54 49 80	0.1724137931
25 4 8	0.1142857143
54 57 8	0.0943396226
54 50 80	0.3600000000
25 49 10	0.0555555556
24 32 8	0.1724137931
24 8 8	0.0512820513
34 4 8	0.0782122905
25 2 80	0.1500000000
54 32 8	0.1764705882
24 52 10	0.1250000000
24 13 8	0.0975609756
25 3 71	0.1428571429
34 9 56	0.1904761905
24 66 56	0.0533333333
54 1 8	0.0990990991
24 8 5	0.2307692308
50 71	0.0526315789
50 80 22	0.1666666667
54 11 8	0.1333333333
54 49 8	0.0454545455
5 9 56	0.1481481481
22 51	0.1250000000
9 3 51	0.2500000000
34 52 8	0.0842105263
10 55 5	0.4166666667
24 47 8	0.1111111111
24 64 80	0.1304347826
24 6 8	0.0933333333
24 6 49	0.0160965795
19 32 66	0.0666666667
19 47 53	0.1746031746
19 46 53	0.1333333333
24 78 53	0.1111111111
7 78 61	0.2352941176
19 53 51	0.0769230769
7 11 10	0.1470588235
19 52 53	0.1871345029
7 0 50	0.0265486726
24 49	0.0319148936
19 57 10	0.2777777778
7 50 29	0.0984455959
20 3 10	0.1732418525
7 6 49	0.0438089443
24 49 51	0.0233918129
3 47 10	0.2117346939
20 7 66	0.1154700222
20 57 66	0.0849571317
20 64 29	0.0964630225
20 59 49	0.0655647383
20 50 18	0.0901771337
3 78 10	0.2336769759
3 48 66	0.0884557721
3 7 66	0.1102941176
55 7 66	0.0500000000
22 53 49	0.0645161290
24 32 49	0.0126582278
75 18 10	0.0724637681
19 46 10	0.1136363636
24 13 10	0.1296296296
20 46 66	0.1240768095
19 59 49	0.0445344130
3 47 31	0.1078066914
22 49 53	0.1500000000
55 18 51	0.0333333333
19 52 66	0.0801687764
24 11 53	0.1408450704
75 3 66	0.0814814815
7 2 61	0.1129032258
64 3 10	0.1138613861
20 52 3	0.0107370865
20 1 3	0.0092793071
0 7 13	0.1624203822
59 66 5	0.0382059801
20 3 5	0.0359712230
20 3 3	0.0162247725
73 50 3	0.0900900901
46 3 5	0.4390243902
46 3	0.0540540541
50 56 17	0.1384615385
46 7 3	0.1578947368
46 1 13	0.1093750000
50 7 3	0.1818181818
49 57 3	0.0963302752
46 17 48	0.4098360656
67 56 3	0.1395348837
59 3 48	0.0970149254
59 52 13	0.0875955320
50 46 5	0.2439024390
50 15 17	0.1829268293
64 29 5	0.2413043478
64 36 2	0.0573248408
26 20 49	0.0550458716
64 24 49	0.0772833724
82 18 2	0.0634441088
51 7 66	0.0475504323
2 3 53	0.1855670103
20 54 66	0.0929705215
20 47 66	0.0985767001
56 61 51	0.1172680412
20 13 66	0.0846715328
20 60 49	0.0873655914
20 47 10	0.1888412017
77 21 10	0.2150537634
5 5 2	0.1016949153
75 18 49	0.0600600601
82 52 66	0.0913978495
5 50 71	0.1250000000
34 71	0.0454545455
68 9 56	0.1538461538
9 3	0.0588235294
34 4	0.0116279070
34 4 2	0.0275229358
54 68 56	0.3846153846
5 10 55	0.1600000000
54 48 8	0.0487804878
68 5 5	0.1428571429
51 9 56	0.1315789474
54 66 55	0.1486486486
5 50 80	0.1428571429
34 49 71	0.0588235294
54 66 56	0.0242214533
34 1 8	0.0588235294
54 65 55	0.0454545455
51 4 8	0.0714285714
54 6 8	0.1584158416
51 49 56	0.0666666667
34 49 4	0.0344827586
68 49 56	0.1000000000
54 50 2	0.0107526882
73 50 71	0.1481481481
3 57 53	0.2149122807
56 61 5	0.4361702128
79 20 10	0.3529411765
3 47 65	0.0957746479
3 4 49	0.0662393162
20 48 10	0.1428571429
3 60 61	0.2758620690
20 6 18	0.0725907384
20 78 65	0.1032258065
67 3 13	0.1090909091
50 20 13	0.1392405063
59 8 3	0.1169590643
59 57 13	0.1207729469
0 4 5	0.3030303030
63 89 17	0.1836734694
50 56 3	0.1454545455
50 15 3	0.1845238095
56 0 36	0.1212121212
64 9	0.1153846154
20 46 53	0.0860759494
20 42 66	0.1230769231
5 20 68	0.0501319261
5 22 65	0.2941176471
3 47 70	0.0252293578
20 10 5	0.2885375494
64 36 5	0.2092457421
5 24 49	0.1129943503
20 70 36	0.0945558739
64 4 70	0.0326086957
20 52 70	0.0418250951
3 2 66	0.0482758621
20 70 29	0.0913580247
75 36 2	0.0495049505
20 7 49	0.0732538330
77 4 10	0.1621621622
49 54 13	0.0843373494
49 47 3	0.0917266187
49 46 3	0.0867924528
73 6 3	0.1006564551
49 54 3	0.0783582090
59 48 13	0.0877192982
49 11 13	0.0928270042
49 2 13	0.0752688172
63 7 3	0.1176470588
49 10 17	0.0714285714
20 4 49	0.0721442886
20 69 31	0.0977917981
3 6 18	0.0835579515
5 3 61	0.3121951220
20 78 49	0.0678148547
3 8 10	0.0708955224
51 64 29	0.0865979381
3 65 2	0.0297029703
82 3 70	0.0181818182
20 68 51	0.0434782609
56 84 10	0.1621621622
63 1 3	0.0815138282
73 6 13	0.1017369727
20 47 13	0.0260000000
46 56 3	0.1538461538
49 0 3	0.1131221719
67 46 5	0.2857142857
20 3 48	0.0094517958
20 60 13	0.0062240664
59 7 13	0.1538461538
20 47 17	0.0299785867
46 1 3	0.1352941176
59 48 3	0.1031941032
20 47 65	0.0943396226
5 3 70	0.0671140940
20 13 53	0.1973929236
3 59 70	0.0439189189
75 4 65	0.0677966102
64 24 68	0.0394736842
3 13 65	0.1057692308
64 24 66	0.0661290323
51 15 10	0.0597609562
20 3 67	0.0942408377
48 7 61	0.2800000000
56 66 5	0.1983695652
56 52 66	0.0547045952
15 6 66	0.0566502463
56 52 53	0.1322160149
20 60 67	0.0945945946
82 4 10	0.1190476190
20 57 67	0.0857142857
56 49 10	0.1410788382
56 14 10	0.0731707317
56 53 5	0.4278846154
15 3 0	0.2127659574
20 3 50	0.0437017995
56 48 53	0.1171171171
56 57 53	0.1544715447
51 15 53	0.1612903226
56 17 61	0.3333333333
7 54 10	0.1222222222
3 54 67	0.1590909091
56 49 66	0.0428849903
75 18 5	0.2747524752
75 24 66	0.0765432099
20 59 53	0.1663366337
63 53 3	0.0732673267
59 78 13	0.1231617647
49 48 13	0.1133603239
51 63 3	0.0647058824
59 4 3	0.0625000000
59 42 13	0.0943396226
48 59 3	0.1412429379
59 32 13	0.1290322581
49 60 13	0.0873493976
49 48 3	0.1122448980
63 56 3	0.1034482759
3 8 53	0.2162162162
20 13 61	0.2027491409
20 10 51	0.0970873786
2 3 66	0.0736648250
20 17 50	0.3111111111
82 3 61	0.2203389831
20 50 66	0.1154855643
48 5 2	0.0582524272
2 20 49	0.0877192982
82 18 48	0.1196581197
3 50 66	0.1288515406
3 3 65	0.1089588378
3 6 65	0.1032745592
64 4 65	0.0864197531
77 23 10	0.2820512821
5 21 50	0.1011235955
51 22	0.0909090909
25 80	0.1052631579
54 50 5	0.1428571429
34 48 80	0.2244897959
9 20 8	0.1012658228
56 59 8	0.0125786164
54 13 8	0.1346153846
25 4 5	0.3500000000
9 48 55	0.1111111111
56 6 80	0.0188679245
51 10 55	0.1428571429
10 55 51	0.1818181818
54 6 80	0.3000000000
10 3 51	0.1666666667
9 56 5	0.3703703704
56 3 80	0.0666666667
59 3 51	0.0967153285
59 66	0.0050000000
59 49 66	0.0073529412
49 0 5	0.4090909091
63 53 66	0.0096618357
59 57 3	0.0933333333
49 13 66	0.0039682540
59 52 17	0.1265822785
59 32 3	0.0867052023
63 53 13	0.0925110132
59 14 3	0.0996168582
63 52 17	0.1185185185
49 2 3	0.0913140312
48 82 29	0.1363636364
20 11 65	0.0933333333
3 53 70	0.0740740741
20 10 61	0.1384615385
20 65 9	0.0259740260
48 20 53	0.1890547264
51 56 49	0.0177705977
7 52 66	0.0666273585
7 49 2	0.0348314607
2 2	0.0232558140
51 15 49	0.0240770465
15 10 2	0.0434782609
56 17 67	0.4444444444
20 78 10	0.1812080537
15 13 53	0.1877256318
7 46 61	0.2272727273
20 0 49	0.0903954802
56 47 66	0.0436005626
15 32 61	0.1843971631
56 14 49	0.0338983051
7 78 53	0.1880733945
56 17 0	0.1869565217
7 61 5	0.3859649123
20 60 53	0.2023121387
7 13 67	0.1358024691
7 42 53	0.2173913043
82 3 53	0.1702127660
3 1 65	0.0923076923
82 18 65	0.0555555556
20 53 2	0.0369230769
5 56 65	0.1188811189
20 32 66	0.0700389105
20 6 61	0.2451923077
82 24 10	0.1791044776
59 4 27	0.1410256410
59 88 13	0.1621621622
3 2 61	0.2450331126
2 3 61	0.2564102564
49 60 3	0.1014084507
48 49 13	0.1123595506
59 78 3	0.0934306569
59 3 2	0.0605536332
5 20 3	0.0035407183
59 6 66	0.0061391542
49 66	0.0031645570
46 60 3	0.1384615385
20 11 13	0.0152284264
20 1 13	0.0129078523
5 63 0	0.0086767896
63 60 3	0.0971659919
20 57 3	0.0155038760
59 7 3	0.1267605634
73 1 3	0.0964630225
5 20 13	0.0047694754
63 3 13	0.0985576923
49 17 5	0.3500000000
46 10 4	0.4736842105
49 0 13	0.0952380952
59 60 3	0.1216730038
63 0	0.0124610592
2 51 51	0.1003584229
75 9	0.0500000000
3 57 65	0.0825242718
48 7 70	0.1428571429
48 56 49	0.0555555556
48 3 70	0.1166666667
3 68	0.0136986301
3 50 10	0.1400000000
48 56 61	0.2702702703
3 52 70	0.0422832981
48 64 29	0.1919191919
20 14 53	0.1289398281
20 7 65	0.1067961165
64 29 51	0.0933333333
3 52 68	0.0173160173
20 70 5	0.1111111111
75 18 61	0.1751824818
20 50 49	0.0749574106
5 19 66	0.1260997067
5 19 68	0.1219512195
20 59 65	0.1428571429
59 11 3	0.0843672457
20 78 13	0.0224032587
46 17 51	0.1141304348
46 6 13	0.1341463415
63 61 4	0.1923076923
20 6 3	0.0076509512
46 3 51	0.0681818182
49 8 3	0.1004366812
56 47 49	0.0431654676
15 17 0	0.1219512195
51 20 67	0.0769230769
7 13 66	0.0453720508
15 2 49	0.0669291339
7 57 49	0.0493468795
56 14 53	0.1847826087
20 14 49	0.0988593156
46 59 67	0.1363636364
56 53 49	0.0853658537
20 6 36	0.0801186944
63 3 3	0.1235521236
59 1 66	0.0046728972
5 59 66	0.0084745763
20 48 13	0.0326530612
20 57 13	0.0162368672
20 2 13	0.0089485459
0 4	0.1666666667
59 53 4	0.0917431193
20 6 13	0.0111323155
59 1 3	0.0900900901
20 11 3	0.0128078818
5 46 3	0.1428571429
5 20 70	0.0595238095
5 24 66	0.1550387597
75 52 65	0.0571428571
48 3 10	0.1782945736
3 50 9	0.0270270270
3 10 61	0.1692307692
3 60 70	0.0363636364
20 54 53	0.1750000000
77 21 53	0.1805054152
51 75 18	0.0506512301
5 22 10	0.2307692308
51 2 5	0.1558441558
3 10 48	0.3500000000
3 13 67	0.1421319797
2 3 10	0.1836734694
56 50 29	0.0862068966
56 11 66	0.0400000000
56 1 53	0.1511627907
7 0 49	0.0551724138
56 0 61	0.2761194030
56 8 53	0.1785714286
56 50 31	0.0487804878
56 46 61	0.2297297297
56 1 66	0.0560344828
4 59 61	0.1481481481
15 59 53	0.1870748299
15 59 66	0.0606060606
56 69 31	0.0960000000
7 50 66	0.0724637681
54 3 10	0.0093457944
34 7 8	0.1764705882
54 47 8	0.0609756098
54 50 71	0.0909090909
54 13 10	0.0128205128
50 80 5	0.3846153846
24 66 55	0.1627906977
49 56	0.1000000000
49 55	0.1111111111
24 52 8	0.0967741935
28 37 80	0.1818181818
54 14 8	0.1428571429
9 19 8	0.0689655172
24 2 8	0.0869565217
24 65 56	0.1818181818
24 75 80	0.0909090909
50 71 5	0.3500000000
20 4 66	0.0849858357
3 50 29	0.0912052117
56 17 10	0.1142857143
20 47 31	0.1011764706
64 3 65	0.1126760563
20 59 66	0.0796992481
4 0 5	0.4000000000
7 59 49	0.0510592070
15 59 10	0.2154696133
15 6 53	0.1460674157
56 6 49	0.0443959243
7 60 49	0.0497512438
15 64 29	0.1073170732
48 20 10	0.1935483871
48 20 49	0.0853994490
75 4 66	0.1008645533
20 46 68	0.0198019802
64 36 51	0.0702479339
64 9 72	0.0750000000
49 14 17	0.1384615385
59 52 27	0.1414634146
56 52 49	0.0403329065
56 32 49	0.0409207161
56 11 49	0.0317002882
3 48 61	0.2636363636
56 53 2	0.0232558140
56 1 10	0.1595744681
15 60 10	0.1470588235
15 13 50	0.0704225352
56 49 49	0.0349127182
7 46 66	0.0462046205
56 3 0	0.2923076923
7 3 50	0.0296127563
15 49 10	0.1754385965
15 13 10	0.1839080460
3 13 50	0.0567465322
56 13 10	0.1684782609
56 66 48	0.1555555556
51 51 2	0.1147540984
56 3 66	0.0690376569
56 49 61	0.1884057971
51 19 53	0.1009174312
56 53 51	0.0590909091
51 7 61	0.1197183099
15 46 10	0.1333333333
7 49 36	0.1055555556
51 46 17	0.0921052632
2 49 13	0.0476190476
2 49 17	0.0952380952
3 54 49	0.0559254328
48 7 10	0.0568181818
56 48 67	0.1250000000
64 24 10	0.1372549020
56 54 49	0.0337837838
56 59 10	0.1141304348
56 13 67	0.2678571429
7 66 67	0.3333333333
56 60 66	0.1190476190
56 3 67	0.2068965517
46 49 10	0.2352941176
7 6 61	0.1798365123
59 14 17	0.1636363636
49 53 13	0.0850000000
20 3 13	0.0184246891
20 3 51	0.0110650069
20 46 3	0.0186219739
20 14 3	0.0163934426
49 78 13	0.1014198783
48 7 66	0.0929368030
48 5 48	0.1162790698
26 20 65	0.0476190476
26 20 53	0.0909090909
48 19 66	0.0786516854
48 56 68	0.0714285714
48 20 68	0.1269841270
2 20 70	0.0253164557
75 52 49	0.0607375271
20 8 10	0.0321361059
63 48 3	0.1323529412
46 3 13	0.1250000000
73 1 13	0.1016949153
49 77 27	0.0588235294
51 2 2	0.1171171171
20 67 31	0.1135857461
77 23 61	0.1777777778
20 52 68	0.0176678445
77 23 53	0.2214765101
20 0 68	0.0126582278
3 59 65	0.0892857143
3 52 67	0.0537634409
64 4 67	0.0454545455
51 3 70	0.0142857143
5 24 53	0.3278688525
5 55 36	0.1212121212
20 48 3	0.0243161094
20 32 3	0.0090556274
46 3 3	0.1283783784
20 13 3	0.0165033522
59 3 66	0.0047114252
59 10 4	0.1384615385
63 52 66	0.0062370062
20 42 13	0.0566037736
20 75 36	0.0693069307
20 13 10	0.1569086651
20 50 36	0.0779220779
51 3 65	0.0323529412
64 3 61	0.1809523810
56 0 9	0.0701754386
3 48 65	0.0579710145
64 24 53	0.1184834123
64 29 10	0.0909090909
3 8 70	0.0487804878
20 78 70	0.0240963855
5 19 53	0.2773722628
20 10 10	0.1555555556
26 20 10	0.1034482759
2 20 53	0.1090342679
77 1 10	0.1794871795
64 29 48	0.1300813008
48 22 49	0.0555555556
48 56 65	0.1250000000
48 15 10	0.0500000000
3 6 68	0.0239520958
3 78 61	0.2732919255
20 6 9	0.0476190476
48 15 53	0.2500000000
3 64 9	0.0594059406
51 20 3	0.0035794183
25 52 13	0.0309278351
63 14 3	0.1126760563
2 59 3	0.0531914894
25 6 3	0.0344827586
25 52 3	0.0388349515
51 20 13	0.0086782377
51 49 17	0.1153846154
7 4 49	0.0498338870
56 38 61	0.2400000000
82 52 31	0.0649350649
75 3 53	0.1912568306
7 46 53	0.0591715976
15 14 53	0.1818181818
7 60 53	0.1358024691
51 3 10	0.1363636364
7 47 10	0.1505376344
20 6 29	0.1128608924
3 11 53	0.1918103448
51 2 51	0.1166666667
5 22 66	0.2134831461
2 5 48	0.2222222222
20 53 70	0.0275229358
48 5 5	0.2416107383
3 6 36	0.0897009967
77 4 49	0.0458715596
48 7 49	0.0765957447
64 52 53	0.1221122112
48 15 49	0.0276243094
75 18 48	0.1239669421
48 64 9	0.1818181818
3 70 29	0.1250000000
48 24 53	0.1578947368
63 2 17	0.1654676259
73 31 3	0.1212121212
63 0 2	0.0120240481
20 59 70	0.0260869565
3 78 65	0.1176470588
20 0 70	0.0472440945
20 48 70	0.0377358491
20 3 70	0.0804597701
46 89 17	0.1875000000
50 20 17	0.1250000000
50 7 13	0.1646341463
67 20 3	0.1538461538
75 18 2	0.0536193029
56 13 49	0.0242865817
56 78 66	0.0441176471
56 59 53	0.1594202899
15 0 61	0.0937500000
46 59 53	0.2066115702
56 88 49	0.0344827586
56 65 5	0.2653061224
7 48 67	0.1333333333
2 2 51	0.2131147541
15 49 29	0.1340206186
56 1 49	0.0314049587
56 78 49	0.0318840580
15 49 36	0.0724637681
2 20 67	0.0370370370
4 70 22	0.1250000000
4 47 8	0.0434782609
4 8	0.0714285714
2 50 80	0.1428571429
34 71 5	0.2173913043
34 24 8	0.0789473684
54 70 80	0.1666666667
4 6 80	0.2727272727
34 3 80	0.1818181818
34 71 22	0.3333333333
10 48 55	0.1538461538
4 66 55	0.0500000000
34 83 28	0.4285714286
4 66 56	0.0405405405
4 78 8	0.0454545455
48 63 3	0.1818181818
15 59 61	0.2093023256
7 66 0	0.2500000000
15 48 61	0.2459016393
7 10 51	0.0544217687
19 7 49	0.0957446809
19 47 49	0.0566037736
15 53 51	0.0602409639
64 52 10	0.0909090909
49 52 66	0.0025037556
49 4 3	0.0714285714
49 11 66	0.0036764706
63 3 51	0.0674846626
20 54 10	0.2209944751
56 50 66	0.0952380952
56 78 10	0.1166666667
7 54 49	0.0341555977
56 57 10	0.0983606557
56 59 61	0.1632653061
15 75 18	0.0674157303
7 67 31	0.1058020478
49 57 13	0.0997442455
49 52 27	0.0875000000
49 4 13	0.0949367089
0 21 3	0.1294117647
0 56 17	0.2359550562
63 3 48	0.0588235294
46 6 3	0.0920000000
59 11 66	0.0043103448
20 88 3	0.0099009901
73 49 13	0.0694444444
51 24 66	0.0372670807
15 78 10	0.1800000000
15 0 66	0.0457018498
7 66 2	0.0439330544
15 52 10	0.1857142857
7 11 49	0.0443828017
7 32 10	0.1376811594
7 17 67	0.3000000000
15 32 53	0.2038834951
51 56 53	0.1287128713
51 7 10	0.1061946903
3 2 10	0.2408163265
2 5 5	0.3212669683
7 60 10	0.2000000000
63 53 4	0.1081081081
0 21	0.0476190476
49 88 3	0.0975609756
49 49 4	0.0182291667
49 66 21	0.0303030303
63 14 17	0.1298701299
49 66 4	0.1320754717
51 0 4	0.1000000000
63 6 0	0.0259740260
63 7 0	0.0259740260
49 61 4	0.0392156863
63 66 4	0.2325581395
2 63 0	0.0105820106
49 10 4	0.1470588235
63 63 0	0.0096153846
49 53 21	0.0243902439
20 48 53	0.1339712919
3 65 51	0.0569948187
49 13 48	0.0708215297
0 7 17	0.2826086957
49 17 2	0.1910112360
20 13 65	0.0956521739
20 2 66	0.0388059701
82 24 49	0.0771812081
79 85 61	0.1428571429
20 2 10	0.1823899371
20 64 36	0.0669456067
20 54 65	0.0606060606
82 29 66	0.0761904762
3 42 10	0.3157894737
50 49 10	0.0769230769
28 10 55	0.1818181818
10 20 8	0.0919540230
24 50 5	0.1250000000
24 50 80	0.1886792453
49 56 5	0.1666666667
5 25 80	0.0377358491
24 1 8	0.1320754717
25 80 5	0.2631578947
54 50 8	0.1428571429
56 47 8	0.0048309179
10 3 5	0.1428571429
56 64 80	0.0322580645
56 49 8	0.0062111801
10 22 8	0.0540540541
54 88 8	0.1250000000
51 24 8	0.0175438596
46 6 17	0.1666666667
46 60 17	0.1250000000
59 53 13	0.1240875912
59 2 13	0.1140684411
3 70 18	0.0927318296
5 4 67	0.2812500000
20 4 53	0.1342281879
63 0 51	0.0487804878
20 75 18	0.0645161290
77 23 66	0.0784982935
24 2 49	0.0217391304
7 52 61	0.1657142857
22 57 10	0.1111111111
55 52 49	0.0319148936
24 1 53	0.1237113402
55 3 53	0.1489361702
20 7 10	0.1234567901
19 1 61	0.2537313433
19 3 10	0.1818181818
19 64 36	0.0967741935
75 18 53	0.2185185185
19 52 61	0.2586206897
24 8 10	0.0681818182
22 3 61	0.2413793103
15 10 51	0.0326086957
24 49 53	0.1058823529
19 8 53	0.2602739726
20 4 10	0.1506849315
20 50 10	0.1351351351
24 6 66	0.0360360360
19 66 5	0.1908396947
24 57 66	0.0331125828
24 13 53	0.0724637681
19 10 5	0.2600000000
15 49 51	0.0377833753
3 54 70	0.0336134454
3 13 68	0.0320512821
75 18 68	0.0172413793
3 14 68	0.0352941176
3 3 70	0.0503597122
3 6 9	0.0566037736
49 42 3	0.1090909091
59 47 27	0.0869565217
59 54 13	0.1518987342
46 10 46	0.1481481481
59 57 66	0.0081135903
46 17 17	0.1492537313
20 7 0	0.0028571429
20 32 10	0.1798561151
15 3 50	0.0372670807
19 6 49	0.0630081301
5 21 70	0.0526315789
56 46 66	0.0535714286
51 19 66	0.0374531835
56 66 2	0.0511363636
15 6 61	0.2028985507
3 48 10	0.1877934272
7 47 31	0.0936329588
56 47 31	0.0538461538
20 57 65	0.0843881857
79 20 53	0.1555555556
3 57 70	0.0375586854
64 9 5	0.2631578947
48 56 53	0.2352941176
3 50 70	0.0606060606
64 29 70	0.0731707317
20 14 65	0.0689655172
3 50 65	0.0338983051
3 68 2	0.0090909091
20 68 5	0.1621621622
20 65 2	0.0326530612
3 75 36	0.0751445087
79 64 36	0.1578947368
59 6 71	0.2272727273
46 2 17	0.1951219512
20 59 3	0.0182106097
63 6 17	0.1532846715
20 4 3	0.0084388186
46 53 13	0.1384615385
5 75 36	0.1258503401
64 29 53	0.2054054054
7 42 10	0.2727272727
7 11 61	0.1818181818
7 75 18	0.0503597122
7 8 10	0.0515463918
24 59 49	0.0335195531
19 11 66	0.0645161290
19 1 53	0.1639344262
24 50 18	0.0437500000
24 54 53	0.1142857143
19 1 66	0.0597826087
51 19 49	0.0436137072
15 6 49	0.0434042553
20 67 2	0.0714285714
59 3 27	0.0465116279
20 7 17	0.0159292035
49 47 27	0.0640000000
49 7 17	0.1483870968
59 8 13	0.0638297872
75 18 51	0.0853658537
20 53 48	0.1562500000
20 59 67	0.0821917808
48 3 61	0.2452830189
3 70 51	0.0449438202
51 46 50	0.0158730159
7 70 29	0.1296296296
51 19 67	0.2000000000
7 1 67	0.1264367816
7 6 67	0.0802919708
46 53 3	0.0833333333
20 13 48	0.0050377834
0 21 13	0.0816326531
7 54 67	0.1562500000
15 60 61	0.1785714286
20 53 67	0.0847457627
7 54 53	0.1151515152
56 11 67	0.1052631579
46 59 61	0.2063492063
48 56 67	0.0714285714
56 52 61	0.1552795031
7 49 18	0.0576441103
20 49 65	0.0721649485
20 14 70	0.0144927536
50 20 3	0.1893939394
59 4 13	0.1000000000
3 50 31	0.1235955056
2 5 2	0.0357142857
3 66 0	0.2708333333
3 53 10	0.2391304348
3 11 61	0.2000000000
5 55 29	0.2800000000
82 4 70	0.0652173913
49 4 27	0.0776699029
59 53 3	0.0274963821
46 52 17	0.1282051282
82 18 10	0.1025641026
46 59 66	0.0576923077
7 6 29	0.1169590643
7 57 66	0.0731707317
20 17 67	0.2105263158
82 4 53	0.1418439716
64 76 18	0.0727272727
20 53 68	0.0138888889
3 60 66	0.1041666667
82 52 70	0.0357142857
77 1 65	0.0444444444
82 3 65	0.0588235294
5 49 66	0.0070140281
63 7 17	0.1532846715
3 7 10	0.1587301587
2 3 65	0.0967741935
3 4 53	0.1223021583
59 10 17	0.1521739130
20 2 65	0.1632653061
5 34 71	0.0689655172
5 34 4	0.0070422535
5 49 56	0.1000000000
51 9 3	0.1176470588
54 6 4	0.0068493151
68 10 55	0.1333333333
74 37 80	0.0588235294
54 78 8	0.0270270270
34 49 80	0.1538461538
49 60 66	0.0072992701
48 51 2	0.0421052632
56 53 10	0.1000000000
56 7 49	0.0443037975
46 49 66	0.0601092896
56 11 10	0.1212121212
82 46 61	0.1304347826
75 46 61	0.3500000000
20 10 48	0.2592592593
56 46 10	0.0769230769
20 1 67	0.0807174888
4 51 0	0.2500000000
56 1 61	0.1650485437
48 75 18	0.0827067669
64 52 31	0.1235955056
48 22 65	0.1250000000
46 48 3	0.1666666667
46 61 4	0.4444444444
46 61 21	0.1538461538
59 54 66	0.0080000000
46 53 4	0.1428571429
3 13 70	0.0450000000
20 3 65	0.0697674419
20 52 17	0.0119402985
20 8 3	0.0160427807
20 88 13	0.0225563910
20 53 46	0.0022727273
4 49 66	0.0575539568
56 60 49	0.0218579235
56 67 31	0.0990099010
19 7 66	0.0925925926
15 67 31	0.0993788820
19 49 10	0.2222222222
19 49 53	0.2476190476
19 57 53	0.2432432432
19 50 49	0.0769230769
2 64 36	0.1238938053
7 49 51	0.0347734457
5 22 49	0.0877192982
64 24 65	0.1406250000
20 13 68	0.0123456790
5 20 67	0.1094527363
20 13 67	0.1392405063
64 29 61	0.1132075472
59 2 3	0.0886075949
63 61 46	0.0227272727
63 38 17	0.2631578947
22 32 66	0.0810810811
24 32 10	0.0588235294
19 11 49	0.0793650794
19 48 66	0.1014492754
24 46 61	0.0933333333
55 52 66	0.0759493671
24 54 66	0.0454545455
3 2 65	0.1627906977
59 61 4	0.1363636364
5 49 0	0.0245901639
49 53 46	0.0116959064
20 6 68	0.0215053763
46 48 0	0.1333333333
7 1 66	0.0561357702
82 18 67	0.0232558140
7 60 66	0.0650684932
56 57 66	0.0541666667
26 20 70	0.0344827586
3 32 65	0.0549450549
3 48 70	0.0363636364
48 75 9	0.2000000000
48 20 70	0.0769230769
20 17 0	0.2786885246
3 70 5	0.1504424779
49 0 51	0.0666666667
59 54 3	0.0761904762
24 60 8	0.0625000000
22 9 56	0.1875000000
24 68 56	0.2857142857
50 2 80	0.2142857143
24 46 8	0.0625000000
54 0 8	0.1311475410
24 11 8	0.0816326531
50 52 8	0.1250000000
5 68 5	0.3636363636
24 6 80	0.1538461538
24 8 22	0.1428571429
49 50 3	0.0150602410
20 6 70	0.0356234097
56 47 53	0.0965732087
75 3 10	0.1307692308
4 59 10	0.2000000000
56 64 36	0.0495049505
15 17 61	0.1518987342
2 7 49	0.1142857143
15 47 67	0.1000000000
4 49 53	0.0967741935
5 3 67	0.0923076923
3 11 67	0.1267605634
51 64 36	0.0481586402
2 56 53	0.1111111111
3 70 36	0.0888888889
15 17 67	0.3809523810
4 59 49	0.0242130751
56 6 10	0.1483050847
56 57 49	0.0458452722
64 30 9	0.0125000000
56 0 65	0.0800000000
20 4 70	0.0298507463
56 49 48	0.0706713781
63 43 17	0.1219512195
46 49 53	0.1326530612
56 48 66	0.0496894410
15 69 31	0.0769230769
9 56 51	0.1785714286
4 70 5	0.0769230769
54 60 8	0.1111111111
4 52 8	0.0645161290
4 8 5	0.1428571429
4 1 8	0.0952380952
4 49 8	0.0444444444
50 49 80	0.1538461538
34 4 5	0.3125000000
34 76 80	0.1176470588
50 80 51	0.1333333333
67 56 13	0.1290322581
75 30 9	0.0606060606
3 54 65	0.0763888889
51 75 36	0.0364372470
75 3 61	0.1940298507
3 6 67	0.0604838710
5 46 50	0.3076923077
20 6 67	0.0550458716
20 14 68	0.0265486726
20 47 70	0.0270270270
5 19 70	0.0983606557
7 32 66	0.0524934383
46 63 61	0.1640625000
56 65 2	0.0363636364
3 54 10	0.1940298507
75 36 51	0.0573248408
3 68 9	0.0493827160
46 38 17	0.3333333333
51 7 67	0.1038961039
7 50 67	0.1600000000
15 49 18	0.0655737705
7 57 10	0.1842105263
56 49 18	0.0577617329
56 59 66	0.0434782609
46 46 53	0.0952380952
56 2 10	0.1785714286
3 11 65	0.0812182741
77 1 67	0.1111111111
56 61 2	0.0608365019
82 46 10	0.0344827586
56 84 61	0.1304347826
3 68 5	0.2666666667
46 14 3	0.1818181818
50 3 3	0.1400000000
3 59 67	0.0689655172
3 3 68	0.0288065844
3 7 65	0.0714285714
16 76 18	0.0357142857
3 66 72	0.1076923077
3 61 48	0.2000000000
5 21 65	0.0750000000
75 4 10	0.1400000000
49 49 46	0.0009794319
49 49 21	0.0222222222
63 60 0	0.0425531915
49 49 0	0.0054945055
0 4 51	0.1578947368
3 57 68	0.0074626866
3 47 68	0.0219512195
48 55 29	0.2000000000
48 7 68	0.1276595745
24 78 10	0.1600000000
24 42 49	0.0555555556
15 0 0	0.0250000000
24 53 5	0.1617647059
7 14 49	0.0524781341
15 2 10	0.1698113208
59 50 71	0.0769230769
64 9 51	0.0606060606
75 52 66	0.0797872340
2 4 67	0.1666666667
75 24 67	0.1333333333
56 49 36	0.0366972477
75 24 10	0.1617647059
64 30 62	0.0307167235
3 42 53	0.2127659574
48 3 68	0.0434782609
82 52 65	0.0454545455
5 21 53	0.2682926829
3 70 2	0.0312500000
7 6 18	0.0619718310
4 63 61	0.2000000000
15 3 66	0.0610236220
4 59 66	0.0679611650
7 6 36	0.0728476821
56 50 10	0.1666666667
56 8 66	0.0655737705
56 47 10	0.1100000000
15 57 53	0.1818181818
2 7 66	0.0540540541
7 50 53	0.2638888889
56 89 61	0.2941176471
15 60 53	0.1204819277
3 47 67	0.1088435374
5 56 67	0.0864197531
0 5 4	0.1538461538
49 7 0	0.0099009901
56 70 29	0.0563380282
56 13 66	0.0469208211
19 53 49	0.0617283951
24 6 53	0.1142857143
24 52 66	0.0318181818
24 66 48	0.0652173913
19 46 61	0.1951219512
59 42 3	0.0461538462
25 4 17	0.0200000000
63 60 13	0.0875912409
19 7 10	0.2352941176
15 0 10	0.1162790698
19 32 49	0.0576923077
15 47 10	0.1653543307
19 1 10	0.2394366197
19 69 31	0.1509433962
19 32 10	0.1304347826
64 30 29	0.2000000000
19 66 0	0.2307692308
19 78 49	0.0804597701
3 14 65	0.0967741935
20 11 67	0.0519480519
15 32 49	0.0266272189
56 49 29	0.0638297872
46 63 10	0.0291262136
56 47 67	0.1904761905
20 67 51	0.1359223301
7 57 67	0.1081081081
56 32 66	0.0754716981
46 46 66	0.0833333333
46 20 10	0.2500000000
7 66 48	0.1250000000
46 20 53	0.0555555556
7 0 66	0.0428571429
77 21 65	0.0327868852
2 20 10	0.1186440678
46 6 0	0.0434782609
49 50 13	0.0740740741
59 53 46	0.0232558140
20 49 4	0.0056497175
48 51 51	0.0463576159
48 19 10	0.0434782609
5 56 70	0.0406504065
20 2 53	0.1397849462
15 13 61	0.2015503876
24 52 53	0.0942028986
24 47 49	0.0428571429
7 0 10	0.1428571429
7 11 53	0.1643835616
19 70 29	0.1363636364
19 13 0	0.2380952381
19 49 66	0.0666666667
24 6 10	0.1785714286
24 57 53	0.1052631579
20 8 13	0.0074441687
20 13 2	0.0058939096
64 29 66	0.0857142857
20 42 53	0.1219512195
5 24 10	0.2000000000
3 8 67	0.0625000000
56 7 66	0.0436681223
56 48 49	0.0230547550
75 4 70	0.0847457627
46 53 66	0.0116959064
63 6 71	0.0434782609
46 84 0	0.0434782609
20 78 3	0.0192616372
20 7 13	0.0249221184
5 0 4	0.2500000000
3 32 70	0.0281690141
3 8 65	0.0649350649
3 78 68	0.0416666667
56 32 10	0.2142857143
7 2 10	0.1729323308
20 14 17	0.0210210210
10 55 2	0.0487804878
68 9 3	0.1111111111
75 9 5	0.4000000000
50 3 13	0.1428571429
46 17 2	0.0776699029
56 49 51	0.0234042553
56 50 18	0.0520231214
15 13 0	0.2197802198
46 5 50	0.1333333333
15 49 2	0.0406698565
49 17 48	0.2765957447
67 15 3	0.2068965517
79 20 49	0.1052631579
20 49 70	0.0155038760
5 64 9	0.1000000000
20 60 65	0.0869565217
15 89 61	0.0689655172
51 56 66	0.0243902439
3 48 67	0.0617283951
46 49 61	0.2068965517
75 24 65	0.0909090909
67 15 13	0.0800000000
5 82 9	0.0800000000
49 53 66	0.0046403712
5 46 17	0.1311475410
15 13 66	0.0380622837
56 61 48	0.3333333333
7 10 2	0.0536912752
15 53 2	0.0441176471
20 68 2	0.0287081340
49 7 13	0.1147540984
20 53 3	0.0020757654
15 2 61	0.1973684211
19 10 51	0.0652173913
19 47 66	0.0898437500
24 8 66	0.0305343511
24 59 53	0.0701754386
19 70 18	0.0697674419
56 4 53	0.1621621622
56 4 66	0.0512820513
59 47 0	0.0189873418
63 0 66	0.0040253019
46 6 71	0.2727272727
59 66 4	0.1290322581
56 49 80	0.0294117647
10 55 22	0.0869565217
56 52 80	0.0909090909
25 49 80	0.1176470588
51 49 55	0.0769230769
3 57 67	0.1265822785
54 1 10	0.0144927536
9 3 5	0.2727272727
54 53 8	0.1029411765
49 2 55	0.1428571429
24 78 8	0.0588235294
50 6 10	0.0909090909
34 19 8	0.0769230769
48 22 66	0.1153846154
20 13 70	0.0437956204
64 9 2	0.0555555556
49 59 66	0.0035335689
9 22 8	0.1578947368
24 3 10	0.1224489796
54 59 8	0.0508474576
50 3 80	0.2222222222
54 47 80	0.2222222222
2 9 56	0.0769230769
4 13 8	0.0666666667
4 75 80	0.1250000000
4 53 8	0.0714285714
34 4 22	0.3333333333
20 49 9	0.0451127820
3 53 48	0.1538461538
64 52 65	0.0747663551
24 14 53	0.1860465116
19 13 53	0.2000000000
24 47 10	0.1250000000
22 2 49	0.0555555556
24 14 66	0.0659340659
49 42 13	0.1333333333
3 59 68	0.0165745856
3 67 2	0.0156250000
56 56 53	0.1724137931
20 15 10	0.1231884058
82 18 61	0.2018348624
82 29 70	0.0500000000
56 75 18	0.0441176471
7 48 49	0.0642570281
15 78 61	0.2132352941
67 46 2	0.1818181818
51 48 51	0.0278884462
79 56 53	0.1395348837
82 9 5	0.1764705882
20 0 0	0.2051282051
0 56 66	0.0054644809
46 48 17	0.1842105263
51 50 71	0.0384615385
9 2 55	0.1818181818
73 50 80	0.0571428571
51 50 80	0.1176470588
5 10 3	0.0769230769
19 3 61	0.2530120482
19 52 10	0.2297297297
19 3 53	0.1965811966
24 46 66	0.0389610390
7 14 10	0.1212121212
19 49 36	0.0967741935
20 50 70	0.0958904110
48 48 5	0.2307692308
64 3 70	0.0454545455
82 9 2	0.0851063830
79 56 66	0.1186440678
2 51 2	0.0882352941
48 3 65	0.1428571429
20 60 70	0.0460526316
4 59 53	0.1121495327
56 13 0	0.2835820896
59 88 3	0.0689655172
59 59 66	0.0059382423
56 48 61	0.1698113208
22 34 71	0.0833333333
22 51 22	0.1666666667
49 55 5	0.3333333333
50 52 10	0.0555555556
25 1 10	0.0588235294
54 70 22	0.1666666667
50 3 71	0.0769230769
28 0 80	0.3000000000
24 8 51	0.0769230769
15 63 61	0.1866666667
19 3 66	0.0909090909
19 2 49	0.0735294118
15 48 53	0.2241379310
19 57 66	0.0783132530
22 57 49	0.0909090909
24 52 49	0.0258823529
22 6 49	0.0303030303
19 49 48	0.0763358779
19 48 49	0.0430107527
22 52 61	0.2413793103
46 50 5	0.5000000000
77 21 61	0.2136752137
19 53 66	0.0547945205
19 50 18	0.0793650794
63 3 2	0.0714285714
49 54 66	0.0064724919
75 18 70	0.0645161290
56 43 61	0.2400000000
49 60 17	0.0555555556
3 53 67	0.1698113208
48 19 49	0.0471698113
48 19 70	0.1578947368
59 61 46	0.0238095238
56 66 72	0.0666666667
56 49 2	0.0173913043
56 63 10	0.1269841270
20 65 51	0.0513833992
75 52 31	0.1384615385
79 82 29	0.1282051282
56 49 67	0.1666666667
56 6 61	0.1520467836
7 7 49	0.0512820513
50 71 22	0.3750000000
34 46 28	0.3333333333
2 49 55	0.1111111111
34 29 8	0.0666666667
64 52 70	0.0602409639
75 9 72	0.1000000000
5 46 67	0.6000000000
51 46 67	0.1538461538
20 57 68	0.0057803468
3 11 70	0.0280898876
63 60 66	0.0060060060
20 10 4	0.0689655172
59 52 66	0.0024169184
20 11 68	0.0112994350
77 4 53	0.1014492754
56 8 49	0.0785340314
15 64 36	0.0406504065
63 50 71	0.0888888889
20 70 9	0.0226244344
24 50 71	0.1111111111
54 70 5	0.1578947368
49 53 4	0.0892857143
0 51 4	0.2173913043
59 49 4	0.0158730159
63 61 21	0.0952380952
2 0 4	0.3750000000
3 1 67	0.0695652174
20 47 67	0.1067961165
5 75 9	0.1129032258
49 4 66	0.0045662100
49 2 66	0.0064516129
3 68 51	0.0800000000
3 4 65	0.0833333333
48 56 66	0.0602409639
15 0 67	0.1363636364
24 50 53	0.0571428571
75 46 10	0.0400000000
22 53 5	0.2800000000
22 8 53	0.0909090909
24 1 66	0.0322580645
20 32 65	0.0608695652
79 17 10	0.0434782609
51 24 53	0.0447761194
20 54 13	0.0046656299
20 6 71	0.0384615385
63 66 46	0.0259740260
49 47 66	0.0027081923
20 10 17	0.0133333333
20 60 3	0.0056980057
20 50 3	0.0030518820
25 4 22	0.3000000000
56 6 8	0.0089686099
9 56 22	0.3000000000
5 25 4	0.0065789474
51 10 3	0.1111111111
49 6 66	0.0039318480
59 47 66	0.0042016807
49 7 66	0.0020449898
79 20 65	0.1538461538
19 6 18	0.0684931507
19 59 66	0.0804597701
20 42 49	0.0240963855
3 10 10	0.1139240506
20 54 3	0.0055865922
7 64 36	0.0521739130
55 52 31	0.1176470588
55 52 53	0.1136363636
24 49 49	0.0143678161
19 14 66	0.1111111111
55 24 53	0.1052631579
24 49 66	0.0217391304
24 66 5	0.0610328638
20 54 70	0.0437500000
4 46 61	0.1269841270
34 3 8	0.0491803279
50 1 10	0.0833333333
7 52 67	0.1058823529
4 63 53	0.1000000000
4 46 66	0.0563380282
5 55 18	0.1403508772
15 14 61	0.1833333333
24 49 61	0.1020408163
19 49 49	0.0452586207
24 14 49	0.0833333333
3 50 36	0.0895522388
2 56 61	0.2352941176
59 49 46	0.0010695187
59 6 0	0.0265486726
63 53 0	0.0240963855
63 52 0	0.0240963855
24 57 10	0.1212121212
24 49 5	0.0854271357
75 3 65	0.0816326531
2 51 48	0.1818181818
3 78 70	0.0266666667
5 24 65	0.1818181818
20 78 67	0.1168831169
5 21 49	0.0631578947
56 11 53	0.1150442478
3 42 49	0.0416666667
56 11 61	0.1111111111
20 50 67	0.1224489796
77 6 29	0.1111111111
56 66 51	0.0243902439
51 19 10	0.0983606557
56 60 53	0.1481481481
48 24 49	0.0833333333
20 47 68	0.0201342282
3 53 9	0.0303030303
48 22 53	0.2666666667
3 67 51	0.1466666667
49 10 46	0.0147058824
59 50 13	0.0588235294
16 50 71	0.0273972603
75 18 65	0.0666666667
77 23 70	0.0289855072
20 54 67	0.0704225352
5 24 67	0.0588235294
20 32 70	0.0414201183
7 60 67	0.1290322581
20 48 67	0.1132075472
7 11 67	0.2187500000
49 2 17	0.0800000000
46 52 0	0.0434782609
22 10 55	0.1666666667
24 49 80	0.1578947368
49 55 51	0.1250000000
54 46 8	0.0689655172
24 3 8	0.0800000000
7 70 2	0.0329670330
7 61 2	0.0392156863
82 29 10	0.1142857143
48 7 67	0.0645161290
2 10 55	0.1176470588
4 57 8	0.0869565217
4 59 8	0.0270270270
15 14 10	0.0645161290
7 50 36	0.0170940171
56 6 18	0.0697674419
73 50 17	0.1600000000
56 89 10	0.0769230769
46 61 46	0.0227272727
19 6 61	0.2459016393
24 1 49	0.0174927114
59 32 66	0.0042735043
59 4 66	0.0129032258
19 66 48	0.1627906977
55 19 66	0.1538461538
24 2 10	0.1153846154
19 78 66	0.0895522388
24 46 10	0.0533333333
22 1 66	0.0937500000
24 7 66	0.0378787879
55 29 5	0.2727272727
7 68 5	0.3684210526
15 63 10	0.0333333333
20 88 53	0.1724137931
20 70 2	0.0187793427
63 56 13	0.0344827586
59 49 21	0.0243902439
51 63 0	0.0036297641
5 50 46	0.1052631579
55 3 10	0.1250000000
22 1 49	0.0560747664
19 13 50	0.0352941176
24 7 10	0.1538461538
55 3 61	0.1176470588
22 13 49	0.0149253731
20 4 65	0.0804597701
48 64 36	0.0819672131
48 82 9	0.1428571429
82 9 72	0.1142857143
20 88 49	0.0297029703
46 59 49	0.0291005291
24 13 61	0.1714285714
24 3 61	0.1136363636
77 1 70	0.0327868852
2 2 5	0.2500000000
73 6 66	0.0084269663
56 8 10	0.0329670330
56 14 66	0.0597014925
56 53 53	0.1071428571
20 7 68	0.0144230769
51 82 9	0.0169491525
48 7 65	0.1590909091
59 2 66	0.0125000000
46 66 4	0.2000000000
20 42 65	0.1304347826
20 42 3	0.0153846154
59 77 27	0.0563380282
46 63 53	0.0937500000
46 5 0	0.4000000000
82 4 67	0.0967741935
3 66 67	0.2666666667
15 84 61	0.1379310345
56 2 61	0.2115384615
56 38 10	0.1219512195
5 56 68	0.0348837209
15 89 10	0.1428571429
7 13 50	0.0365535248
24 13 49	0.0133037694
25 52 8	0.0500000000
24 48 8	0.0588235294
20 1 68	0.0223048327
26 55 18	0.0350877193
51 55 18	0.0322580645
46 59 10	0.1212121212
20 54 68	0.0096153846
20 3 68	0.0090090090
20 60 68	0.0114942529
51 22 5	0.1428571429
9 56 2	0.0250000000
20 50 13	0.0190476190
28 49 56	0.1000000000
24 59 8	0.0333333333
34 18 10	0.0172413793
3 7 68	0.0168067227
48 19 53	0.2631578947
20 6 17	0.0107066381
46 14 17	0.1818181818
49 14 0	0.0120481928
63 1 66	0.0044742729
49 1 66	0.0025873221
56 32 53	0.2115384615
48 49 17	0.0909090909
49 32 66	0.0037174721
49 66 46	0.0093896714
22 3 53	0.1000000000
22 49 10	0.1538461538
22 66 5	0.0821917808
22 47 49	0.0491803279
3 60 67	0.1290322581
2 3 70	0.0096153846
3 50 67	0.0961538462
46 20 49	0.0357142857
56 7 10	0.0800000000
24 69 31	0.0754716981
7 61 48	0.3333333333
7 70 5	0.2075471698
15 17 10	0.0724637681
7 78 67	0.1315789474
77 21 70	0.0754716981
2 64 9	0.0487804878
5 21 68	0.0384615385
56 46 53	0.0800000000
48 4 67	0.1250000000
22 0 49	0.0571428571
55 24 66	0.0600000000
19 10 2	0.0625000000
55 4 10	0.1250000000
48 55 36	0.0833333333
49 88 13	0.0754716981
20 4 13	0.0116731518
51 3 67	0.0647058824
56 78 67	0.1153846154
48 56 70	0.1176470588
4 67 51	0.1000000000
4 32 8	0.1250000000
63 10 4	0.1842105263
2 82 9	0.0714285714
48 24 66	0.0555555556
3 53 65	0.0652173913
82 24 65	0.0888888889
46 50 71	0.1538461538
77 6 36	0.0655737705
19 6 53	0.1854304636
64 46 10	0.0422535211
55 22 66	0.1020408163
19 66 51	0.0529100529
19 50 36	0.0434782609
22 59 61	0.1333333333
25 80 51	0.0454545455
5 2 2	0.0456852792
0 3 66	0.0037735849
59 10 46	0.0077519380
7 67 2	0.0612244898
49 49 66	0.0027198549
20 0 67	0.1818181818
7 15 10	0.0465116279
24 3 53	0.0681818182
19 48 10	0.2941176471
19 2 10	0.1785714286
49 53 17	0.1267605634
10 3 22	0.1666666667
34 22 8	0.0434782609
75 4 67	0.0263157895
20 53 4	0.0108695652
63 10 46	0.0847457627
64 30 18	0.0983606557
19 59 10	0.2600000000
19 64 29	0.1025641026
59 61 21	0.0344827586
49 6 0	0.0136986301
56 54 10	0.2068965517
26 55 29	0.0800000000
63 4 27	0.0800000000
24 66 51	0.0387096774
2 20 65	0.0281690141
24 57 49	0.0109890110
51 22 66	0.0212765957
7 65 2	0.0186915888
46 63 0	0.0031152648
46 52 66	0.0087719298
4 8 51	0.1000000000
4 2 8	0.0909090909
50 71 51	0.0263157895
4 64 80	0.0833333333
4 49 80	0.2222222222
4 65 56	0.1250000000
49 47 0	0.0054054054
59 10 21	0.0344827586
3 11 68	0.0188679245
20 78 68	0.0305343511
56 70 36	0.0307692308
46 7 0	0.0434782609
15 48 10	0.0888888889
15 0 36	0.0384615385
15 43 61	0.2000000000
3 42 67	0.2500000000
15 59 67	0.1395348837
59 7 66	0.0036231884
7 70 36	0.0943396226
20 48 68	0.0188679245
20 42 68	0.0588235294
3 1 70	0.0275862069
46 3 48	0.2000000000
24 6 18	0.0250000000
48 24 65	0.0833333333
34 3 71	0.0588235294
9 3 22	0.2500000000
49 56 51	0.1428571429
2 15 49	0.0789473684
22 49 48	0.0454545455
24 32 66	0.0140845070
24 50 10	0.0454545455
7 7 10	0.1162790698
55 24 10	0.0833333333
7 66 72	0.0857142857
50 46 2	0.1250000000
67 20 13	0.1379310345
54 3 8	0.0465116279
51 25 80	0.0588235294
56 13 8	0.0072463768
22 53 10	0.1538461538
24 53 53	0.0625000000
24 11 66	0.0562500000
22 52 49	0.0192307692
79 64 29	0.2000000000
2 3 67	0.0810810811
25 3 80	0.0769230769
77 6 9	0.0689655172
46 46 10	0.0357142857
24 6 36	0.0588235294
19 54 66	0.0731707317
19 14 53	0.0833333333
54 6 71	0.0370370370
7 10 61	0.1034482759
15 0 29	0.1000000000
20 88 70	0.0952380952
49 10 21	0.0344827586
51 0 21	0.0222222222
0 21 51	0.0769230769
3 46 68	0.0250000000
3 70 9	0.0180722892
7 2 66	0.0046511628
55 46 61	0.2272727273
15 2 53	0.1875000000
56 56 66	0.1428571429
56 4 49	0.0370370370
56 54 53	0.1086956522
46 60 13	0.1000000000
25 1 3	0.0196078431
19 67 31	0.1463414634
56 60 61	0.1600000000
2 15 10	0.0555555556
2 15 53	0.1428571429
20 49 68	0.0120481928
15 53 48	0.2500000000
3 42 65	0.1538461538
15 17 50	0.1000000000
7 67 51	0.1066666667
20 88 10	0.0769230769
24 11 49	0.0297029703
19 78 53	0.2564102564
19 50 29	0.0731707317
56 50 53	0.1333333333
55 3 66	0.0877192982
22 46 61	0.1851851852
22 67 51	0.0833333333
3 14 70	0.0192307692
48 55 18	0.0555555556
4 4 8	0.0909090909
4 11 8	0.0526315789
25 6 10	0.0714285714
54 7 8	0.0600000000
56 0 50	0.0082644628
75 52 70	0.0535714286
56 60 10	0.1951219512
56 70 18	0.0479452055
7 57 61	0.1818181818
54 6 10	0.0072992701
15 38 61	0.1428571429
49 55 22	0.1666666667
82 18 70	0.0384615385
7 0 67	0.2142857143
56 6 29	0.0681818182
51 64 9	0.0259740260
2 20 68	0.0229885057
24 47 53	0.0526315789
56 43 10	0.0588235294
20 8 65	0.0659340659
24 52 61	0.0800000000
19 49 18	0.0684931507
67 7 13	0.0943396226
10 48 56	0.0666666667
19 2 66	0.0250000000
22 52 66	0.0517241379
22 7 49	0.0500000000
4 6 8	0.0416666667
7 42 67	0.1250000000
3 65 9	0.0461538462
54 68 55	0.0285714286
56 0 68	0.0236686391
59 52 0	0.0121951220
0 51 46	0.0285714286
7 75 36	0.0120481928
55 18 49	0.0294117647
19 67 51	0.1923076923
56 88 53	0.0909090909
82 4 65	0.0652173913
15 56 49	0.1000000000
7 4 66	0.0657276995
20 88 66	0.0519480519
2 75 9	0.0384615385
59 78 66	0.0048192771
63 0 0	0.0066445183
24 3 66	0.0428571429
22 8 10	0.0666666667
24 7 49	0.0289855072
22 11 10	0.1111111111
7 47 67	0.1038961039
22 59 10	0.2000000000
55 36 5	0.1111111111
19 66 72	0.1500000000
3 88 66	0.0400000000
34 48 71	0.0526315789
56 1 67	0.0857142857
49 0 66	0.0045248869
56 4 10	0.0526315789
56 2 53	0.0750000000
19 47 10	0.2571428571
20 1 70	0.0405904059
46 67 51	0.1666666667
7 8 67	0.0454545455
56 48 10	0.0684931507
3 57 61	0.2000000000
56 6 67	0.1052631579
75 3 70	0.0172413793
59 66 46	0.0069444444
19 32 53	0.1428571429
15 0 50	0.0061983471
3 48 68	0.0102040816
20 64 9	0.0338983051
24 59 10	0.1052631579
51 24 10	0.0606060606
24 42 10	0.2857142857
24 1 10	0.1224489796
19 4 53	0.1764705882
19 4 49	0.0975609756
20 49 46	0.0009606148
0 20 0	0.0200000000
20 53 9	0.0188679245
3 88 70	0.0666666667
22 13 10	0.1538461538
56 67 51	0.0909090909
20 42 10	0.1176470588
20 14 10	0.0731707317
46 51 0	0.0769230769
34 4 62	0.0082644628
55 18 66	0.1538461538
2 56 49	0.0405405405
56 57 61	0.1111111111
56 50 49	0.0659340659
7 10 10	0.0833333333
46 84 17	0.1875000000
19 50 53	0.2424242424
19 49 29	0.1025641026
19 60 66	0.0714285714
19 2 53	0.0588235294
5 19 67	0.1034482759
22 1 53	0.1190476190
7 48 10	0.1250000000
22 6 53	0.1111111111
7 88 49	0.0307692308
56 67 2	0.0952380952
15 48 49	0.0118577075
24 50 29	0.0517241379
7 10 48	0.1333333333
3 7 70	0.0263157895
82 29 61	0.0400000000
2 25 80	0.1428571429
51 3 68	0.0085106383
56 13 50	0.0131578947
22 49 66	0.1250000000
24 67 31	0.0754716981
51 49 0	0.0200000000
51 22 67	0.1428571429
3 7 67	0.0333333333
15 6 67	0.0877192982
24 67 51	0.0833333333
55 4 66	0.1111111111
28 49 55	0.1111111111
48 75 36	0.0689655172
51 56 67	0.0909090909
63 6 66	0.0027397260
20 7 70	0.0162601626
20 14 0	0.0059880240
59 53 21	0.0204081633
56 66 67	0.1666666667
19 6 29	0.1025641026
19 88 49	0.0344827586
24 4 49	0.0277777778
19 70 5	0.1052631579
55 18 48	0.0588235294
19 54 53	0.0625000000
56 68 5	0.1111111111
19 3 0	0.1000000000
77 1 61	0.1081081081
75 9 2	0.0250000000
3 14 67	0.0454545455
7 42 66	0.0285714286
3 54 68	0.0298507463
54 47 71	0.0769230769
3 10 33	0.0140845070
24 32 53	0.0476190476
24 64 36	0.0333333333
22 52 53	0.0961538462
46 49 49	0.0251046025
46 56 13	0.0769230769
56 59 67	0.1500000000
19 60 49	0.0588235294
56 60 67	0.1111111111
24 49 18	0.0256410256
56 50 67	0.2000000000
56 57 67	0.1111111111
56 88 66	0.1304347826
46 66 46	0.0434782609
26 55 36	0.0303030303
15 47 31	0.0515463918
55 19 49	0.0303030303
22 47 53	0.1071428571
82 24 67	0.0588235294
75 36 33	0.0344827586
15 60 49	0.0255591054
24 4 66	0.0545454545
24 8 49	0.0256410256
55 18 10	0.1666666667
24 10 2	0.0434782609
19 54 49	0.0625000000
59 67 46	0.0769230769
7 68 2	0.0111111111
64 24 67	0.0526315789
24 49 36	0.0512820513
24 66 0	0.1000000000
3 42 68	0.0526315789
4 49 49	0.0205882353
24 59 61	0.0909090909
51 24 49	0.0193236715
19 48 53	0.2051282051
19 50 10	0.1578947368
24 59 66	0.0400000000
56 70 2	0.0227272727
25 52 10	0.0357142857
55 4 49	0.0312500000
20 70 51	0.0117647059
55 46 10	0.0869565217
24 11 10	0.1470588235
15 14 49	0.0243902439
48 24 10	0.1000000000
20 50 71	0.0170940171
49 48 66	0.0062111801
56 0 29	0.1600000000
46 43 17	0.1764705882
24 42 53	0.1818181818
5 22 67	0.1111111111
7 0 0	0.1875000000
56 6 36	0.0526315789
51 24 67	0.0666666667
46 53 0	0.0434782609
19 50 66	0.0769230769
24 4 10	0.1333333333
15 38 10	0.0508474576
49 0 2	0.0196078431
24 53 2	0.0200000000
22 49 5	0.1481481481
19 14 49	0.1500000000
75 76 18	0.0125000000
7 48 61	0.1250000000
22 53 2	0.0400000000
19 6 36	0.0967741935
55 22 53	0.0714285714
7 88 10	0.1000000000
7 17 50	0.1000000000
24 53 8	0.0689655172
4 49 10	0.0816326531
22 47 10	0.0714285714
55 4 53	0.1111111111
25 80 22	0.1428571429
22 60 66	0.0625000000
22 11 49	0.0555555556
24 53 49	0.0246913580
22 32 53	0.1000000000
56 53 67	0.3000000000
24 6 29	0.0491803279
19 10 48	0.1428571429
2 0 21	0.1111111111
24 78 66	0.0384615385
3 88 10	0.1000000000
56 70 5	0.0800000000
15 56 66	0.0666666667
20 6 0	0.0044642857
56 54 66	0.0483870968
24 50 49	0.0337078652
7 88 66	0.0400000000
24 50 66	0.0303030303
22 65 5	0.1818181818
22 66 51	0.0136986301
56 42 66	0.0666666667
22 47 66	0.0327868852
7 60 61	0.1851851852
24 53 51	0.0252100840
46 60 0	0.0588235294
79 85 10	0.1176470588
24 50 8	0.0400000000
24 3 0	0.1363636364
19 53 53	0.2000000000
24 65 5	0.0740740741
22 0 50	0.0454545455
4 67 2	0.0588235294
24 46 53	0.0222222222
20 59 68	0.0117647059
50 7 17	0.0689655172
51 46 3	0.0461538462
55 19 53	0.1176470588
46 17 0	0.0128205128
22 0 53	0.1538461538
24 54 10	0.1363636364
19 53 10	0.2105263158
22 59 66	0.0500000000
56 3 50	0.0037453184
75 18 67	0.0416666667
22 59 53	0.1428571429
75 24 68	0.0196078431
22 7 66	0.0769230769
55 29 2	0.0555555556
19 88 53	0.0909090909
22 6 66	0.0851063830
22 53 66	0.0444444444
48 19 68	0.1428571429
22 13 0	0.1000000000
24 50 36	0.0555555556
24 2 66	0.0400000000
55 22 10	0.1111111111
7 42 49	0.0454545455
3 53 68	0.0344827586
22 1 61	0.1875000000
22 1 10	0.1111111111
19 4 66	0.0714285714
22 2 10	0.1111111111
22 13 66	0.0500000000
24 2 53	0.0588235294
19 4 10	0.1111111111
22 32 49	0.0200000000
55 19 10	0.1111111111
24 75 18	0.0425531915
56 54 67	0.0909090909
26 20 67	0.0769230769
55 52 10	0.0625000000
24 4 53	0.0400000000
56 53 66	0.0405405405
15 11 53	0.1818181818
22 52 10	0.0769230769
7 14 67	0.0238095238
46 63 66	0.0701754386
22 60 49	0.0277777778
24 3 50	0.0465116279
0 7 66	0.0034602076
24 66 72	0.0666666667
55 22 49	0.0263157895
55 7 10	0.1111111111
51 20 70	0.0022779043
22 10 5	0.0769230769
46 50 48	0.0625000000
56 53 48	0.0769230769
24 60 53	0.0625000000
15 0 18	0.0454545455
15 11 61	0.1428571429
56 66 0	0.1111111111
24 49 29	0.0540540541
24 1 61	0.0200000000
54 49 10	0.0147058824
24 64 29	0.0217391304
22 2 66	0.0500000000
22 6 10	0.1666666667
22 46 10	0.0370370370
55 76 18	0.0243902439
56 88 10	0.1428571429
22 13 53	0.1000000000
2 56 66	0.0322580645
15 57 61	0.1428571429
2 49 0	0.0500000000
79 79 10	0.0434782609
55 29 48	0.0833333333
22 10 2	0.0833333333
56 8 67	0.0800000000
55 7 49	0.0555555556
56 42 53	0.0909090909
24 14 10	0.2727272727
22 3 50	0.0714285714
22 70 18	0.0555555556
22 8 49	0.0476190476
22 59 49	0.0333333333
24 13 66	0.0116279070
22 8 66	0.1250000000
24 47 31	0.0487804878
24 13 0	0.0476190476
48 20 67	0.0312500000
56 68 2	0.0344827586
22 3 0	0.0666666667
19 68 5	0.2222222222
22 88 53	0.1250000000
22 60 10	0.0909090909
19 66 2	0.0075757576
22 13 61	0.0833333333
22 7 10	0.1428571429
19 88 66	0.0434782609
19 54 10	0.1666666667
24 54 49	0.0095238095
55 76 29	0.0588235294
22 49