0	0.0000000000
1	0.0000000000
2	0.0000000000
3	0.0000000000
4	0.0000000000
5	0.0000000000
6	0.0000000000
7	0.0000000000
8	0.0000000000
9	0.0000000000
10	0.0000000000
11	0.0000000000
12	0.0000000000
13	0.0000000000
14	0.0000000000
15	0.0000000000
16	0.0000000000
17	0.0000000000
18	0.0000000000
19	0.0000000000
20	0.0000000000
21	0.0000000000
22	0.0000000000
23	0.0000000000
24	0.0000000000
25	0.0000000000
26	0.0000000000
27	0.0000000000
28	0.0000000000
29	0.0000000000
30	0.0000000000
31	0.0000000000
32	0.0000000000
33	0.0000000000
34	0.0000000000
35	0.0000000000
36	0.0000000000
37	0.0000000000
38	0.0000000000
39	0.0000000000
40	0.0000000000
41	0.0000000000
42	0.0000000000
43	0.0000000000
44	0.0000000000
45	0.0000000000
46	0.0000000000
47	0.0000000000
48	0.0000000000
49	0.0000000000
50	0.0000000000
51	0.0000000000
52	0.0000000000
53	0.0000000000
54	0.0000000000
55	0.0000000000
56	0.0000000000
57	0.0000000000
58	0.0000000000
59	0.0000000000
60	0.0000000000
61	0.0000000000
62	0.0000000000
63	0.0000000000
64	0.2800000000
65	0.0000000000
66	0.0000000000
67	0.0000000000
68	0.0000000000
69	0.0000000000
70	0.0000000000
71	0.0000000000
72	0.0000000000
73	0.0000000000
74	0.0000000000
75	0.2727272727
76	0.0000000000
77	0.0000000000
78	0.0000000000
79	0.0000000000
80	0.0000000000
81	0.0000000000
83	0.0000000000
84	0.0000000000
85	0.0000000000
86	0.0000000000
87	0.0000000000
88	0.0000000000
89	0.0000000000
90	0.0000000000
91	0.0000000000
92	0.0000000000
82 18 75	0.6528925620
3 64	0.3800000000
3 70	0.1951219512
5 56 49	0.0208023774
3 59 6	0.0238341969
48 82	0.3333333333
82 3 6	0.0505050505
20 6 49	0.0270384453
56 33 82	0.4117647059
3 3 70	0.1792452830
20 49	0.0348432056
20 49 82	0.5180722892
64 36 64	0.3653846154
3 50 70	0.1875000000
20 11 70	0.1829268293
20 6	0.0272727273
64 3 70	0.1896551724
20 57 49	0.0241691843
3 66 64	0.2473118280
64 29 49	0.0325203252
20 6 70	0.2588235294
20 64	0.2380952381
20 54 64	0.3333333333
5 3 70	0.1716417910
3 47 6	0.0497854077
3 48 70	0.1627906977
82 18 82	0.5980392157
64 29 6	0.0540540541
3 59 64	0.3548387097
3 10 82	0.5106382979
48 5 64	0.3142857143
75 18 50	0.0722891566
82 29 82	0.5600000000
3 61 82	0.3750000000
20 10 64	0.2549019608
20 50	0.0372340426
20 50 48	0.0694444444
3 6 6	0.0175189394
3 70 64	0.2592592593
5 56 70	0.2307692308
3 13 64	0.3571428571
48 3 64	0.4130434783
64 29 82	0.5416666667
56 63 64	0.2352941176
26 55	0.1428571429
3 6 49	0.0287187040
3 7 6	0.0391061453
3 48 49	0.0308880309
75 4 6	0.0429184549
64 30	0.1500000000
64 4 49	0.0343580470
20 52 70	0.1639344262
3 52 70	0.2010582011
20 53 75	0.5119047619
3 13 50	0.0523076923
20 52 49	0.0269448066
20 1 6	0.0234113712
82 52 50	0.0794979079
82 3 64	0.4095238095
3 61 64	0.2149532710
82 18 6	0.0398089172
75 18 49	0.0404624277
3 8 6	0.0294117647
3 6 70	0.2533936652
3 78 64	0.4657534247
3 1 49	0.0276243094
3 13 49	0.0188679245
20 54 70	0.1866666667
26 20 70	0.2173913043
3 14 64	0.3548387097
20 4 6	0.0441176471
82 24 6	0.0279503106
3 57 49	0.0282087447
5 20 6	0.0308250227
82 52 70	0.1384615385
75 36 64	0.3209876543
20 3 64	0.3986928105
3 59 70	0.2181818182
3 1 64	0.3925233645
3 67 6	0.4347826087
20 49 64	0.3118279570
2 51 75	0.2941176471
3 52 64	0.3431734317
3 10 64	0.2357142857
64 3 64	0.4111111111
2 51 64	0.2727272727
5 3 64	0.3470588235
3 57 6	0.0411449016
48 64 30	0.1111111111
20 67 6	0.5000000000
75 4 70	0.1714285714
3 70 75	0.3333333333
5 3 6	0.0264462810
75 52 49	0.0528634361
3 77 6	0.0882352941
3 6 64	0.3282828283
75 24 6	0.0406504065
75 4 49	0.0386473430
20 4 49	0.0297029703
3 54 70	0.1846153846
48 5 75	0.5909090909
20 50 34	0.1304347826
82 29 64	0.4463276836
3 54 6	0.0307167235
82 18 50	0.1000000000
48 5 82	0.4090909091
3 57 64	0.3809523810
3 11 6	0.0483193277
82 52 49	0.0482625483
3 48 50	0.0666666667
3 47 70	0.2376237624
3 10 75	0.3157894737
3 11 64	0.4489795918
20 1 49	0.0247678019
64 29 55	0.2413793103
3 8 49	0.0199335548
20 57 6	0.0434782609
56 63 0	0.0505050505
26 56 34	0.0681818182
3 3 64	0.3486238532
3 4 49	0.0284552846
20 50 30	0.1282051282
56 33 64	0.2352941176
3 59 49	0.0330434783
5 82	0.4375000000
51 75	0.4705882353
20 13 50	0.0439024390
2 75	0.3333333333
3 75	0.3333333333
51 64	0.1632653061
5 20 64	0.4000000000
2 82	0.3750000000
20 65 64	0.3243243243
82 18 49	0.0418287938
20 49 75	0.5378151261
3 6	0.0349854227
51 82	0.4117647059
20 1 75	0.5714285714
5 20 50	0.0535117057
5 64	0.2307692308
3 46 50	0.0479452055
3 66 75	0.4714285714
5 15 64	0.3333333333
56 0 50	0.0495356037
20 70	0.2622950820
20 13 64	0.4175824176
20 59 50	0.0727272727
20 59 49	0.0262773723
3 50	0.0650406504
20 8 75	0.5000000000
5 2 75	0.4390243902
20 6 75	0.5609756098
51 3 75	0.3513513514
20 59 64	0.4137931034
3 8 50	0.0655737705
20 7 70	0.2203389831
3 48 64	0.3461538462
20 54 6	0.0515463918
5 7 64	0.4166666667
3 14 50	0.0823529412
5 75	0.3333333333
75 3 64	0.3333333333
3 47 64	0.3186813187
20 32 6	0.0436363636
20 52 75	0.5476190476
5 48 64	0.3134328358
3 47 49	0.0286241921
20 11 49	0.0362438221
3 8 70	0.1842105263
3 1 75	0.4687500000
2 5 82	0.4000000000
3 13 70	0.2386363636
3 11 70	0.1758241758
3 52 49	0.0234312947
51 79 82	0.4000000000
79 82	0.2222222222
79 64	0.2222222222
20 47 6	0.0614617940
20 3 70	0.1025641026
51 3 6	0.0308219178
5 5 75	0.4153846154
5 5 64	0.2298136646
20 14 6	0.0240549828
20 6 6	0.0162829871
20 11 64	0.4400000000
20 48 70	0.1212121212
20 32 70	0.2253521127
3 61 75	0.5200000000
3 6 50	0.0463768116
56 56 50	0.1538461538
64 30 62	0.0225563910
20 1 70	0.1891891892
56 78 6	0.0337078652
7 64	0.3000000000
4 49 50	0.0625000000
56 64	0.3529411765
15 49 49	0.0279069767
7 57 64	0.1818181818
64 3 6	0.0412621359
56 57 64	0.4444444444
15 10 82	0.3333333333
56 6	0.0300000000
3 13 75	0.5098039216
56 75	0.2857142857
7 70	0.1818181818
7 13 75	0.2000000000
56 57 75	0.4545454545
56 70	0.2222222222
56 52 49	0.0314389359
3 60 64	0.3043478261
7 6	0.0410958904
7 6 6	0.0198511166
20 75	0.2000000000
56 49	0.0328947368
20 13 49	0.0237933379
56 65 76	0.1666666667
7 32 75	0.1111111111
56 49 64	0.3910614525
15 52 75	0.3333333333
15 6 6	0.0176991150
20 49 50	0.0307692308
20 7 50	0.0482315113
15 64	0.2000000000
7 6 64	0.3111111111
7 3 75	0.1428571429
3 14 49	0.0248962656
3 3 75	0.5227272727
20 48 50	0.0970873786
5 20 75	0.3478260870
7 75	0.1428571429
56 32 64	0.3000000000
7 49 6	0.0174418605
56 52 64	0.4736842105
15 48 64	0.2500000000
5 7 49	0.0253766852
5 7 50	0.0653594771
77 23 70	0.1555555556
3 50 64	0.2727272727
20 1 64	0.4431137725
77 21 75	0.4000000000
20 68 76	0.4210526316
48 20 70	0.1800000000
64 36 75	0.5909090909
5 7 75	0.4333333333
75 3 70	0.1935483871
20 53 50	0.0614334471
75 18 75	0.4426229508
20 32 49	0.0338983051
48 64	0.1666666667
20 53 64	0.2828282828
3 6 76	0.1025641026
5 20 70	0.2341772152
75 4 64	0.2352941176
3 6 75	0.3703703704
20 65 76	0.3636363636
48 20 49	0.0300429185
77 21 6	0.0243902439
3 57 75	0.4583333333
64 24 75	0.4000000000
64 52 64	0.4339622642
56 47 6	0.0505415162
33 75	0.1666666667
56 53 82	0.3333333333
56 61 82	0.4545454545
56 78 50	0.1111111111
33 5 75	0.5000000000
85 0 70	0.3200000000
17 0 70	0.1818181818
33 82	0.2857142857
33 3 50	0.1111111111
85 61 64	0.2857142857
56 8 34	0.0857142857
43 0 75	0.3750000000
85 0	0.0263157895
56 47 75	0.4444444444
56 49 75	0.7017543860
56 66 82	0.6176470588
79 0 70	0.1818181818
56 6 49	0.0313837375
56 0 6	0.0327635328
43 0 64	0.5000000000
20 11 6	0.0609480813
56 50	0.0277777778
79 0 6	0.0563380282
85 0 50	0.0967741935
82 4 49	0.0298913043
3 52 50	0.0497787611
20 52 64	0.3837209302
20 60 50	0.0762331839
51 51 64	0.1700000000
51 3 64	0.3642857143
51 48 82	0.3333333333
3 11 50	0.0572519084
20 7 6	0.0353982301
3 8 34	0.0659898477
82 3 70	0.2343750000
20 48 6	0.0381355932
51 20 50	0.0380549683
3 59 75	0.3939393939
51 20 49	0.0296735905
82 52 75	0.4000000000
3 48 75	0.2000000000
51 20 70	0.2340425532
3 59 50	0.0534591195
20 49 76	0.1538461538
3 78 75	0.4166666667
20 32 50	0.0568720379
64 24 49	0.0384615385
20 2 49	0.0248138958
20 47 70	0.2659574468
56 49 82	0.6486486486
33 5 64	0.4230769231
20 78 49	0.0170940171
56 6 50	0.0659898477
56 53 75	0.5384615385
79 10 64	0.3157894737
85 0 49	0.0396039604
20 0 70	0.2333333333
56 3 64	0.4415584416
20 10 82	0.5384615385
20 53 49	0.0295275591
46 39 64	0.1428571429
56 8 6	0.0500000000
56 11 6	0.0751879699
56 52 75	0.7272727273
56 49 49	0.0380165289
20 46 70	0.2857142857
20 54 75	0.3333333333
56 0 49	0.0314465409
85 89 82	0.2857142857
56 6 64	0.4339622642
85 0 64	0.6538461538
56 66 75	0.6400000000
64 29 64	0.3965517241
51 56 64	0.2083333333
51 7 6	0.0313390313
3 48 6	0.0385852090
3 32 6	0.0358056266
51 2 82	0.3913043478
20 52 50	0.0606060606
5 48 82	0.5333333333
51 7 70	0.2564102564
3 66 82	0.5180722892
20 49 49	0.0320219579
7 32 6	0.0465116279
7 49	0.0131578947
20 50 64	0.2727272727
2 64	0.1333333333
7 49 70	0.1851851852
7 11 64	0.2500000000
15 49	0.0158730159
7 50	0.0294117647
15 0	0.0357142857
5 7 6	0.0257847534
15 0 49	0.0192307692
15 10 75	0.2727272727
7 8 6	0.0333333333
77 6	0.2000000000
3 53 64	0.2324561404
75 18 82	0.5098039216
75 3 50	0.0533333333
7 8 49	0.0540540541
7 66 55	0.1025641026
56 2 49	0.0181818182
7 49 64	0.2558139535
7 88 6	0.0666666667
7 6 49	0.0234657040
79 56 6	0.0229885057
20 3 6	0.0221962617
20 8 70	0.2000000000
77 21 64	0.3555555556
20 7 64	0.4000000000
20 11 50	0.0600000000
20 50 50	0.0775193798
20 65 55	0.1071428571
3 53 75	0.5243902439
3 60 49	0.0277777778
77 21 70	0.0571428571
75 52 64	0.3103448276
3 3 50	0.0581113801
3 46 6	0.0119521912
64 3 50	0.0705128205
3 50 34	0.1311475410
64 52 49	0.0368763557
3 32 75	0.4814814815
3 32 70	0.2105263158
51 51 82	0.3823529412
51 19 6	0.0258620690
51 20 6	0.0329268293
51 2 64	0.2592592593
51 7 50	0.0157480315
51 3 70	0.1600000000
51 56 70	0.1333333333
5 64 30	0.1403508772
20 78 50	0.0961538462
3 1 6	0.0289855072
2 51 82	0.4444444444
20 59 70	0.1750000000
64 29 50	0.0898876404
15 47 70	0.2121212121
3 14 70	0.2222222222
46 59 49	0.0222222222
51 64 30	0.2439024390
3 66 55	0.0888888889
7 57 49	0.0381679389
77 21 49	0.0146341463
15 52 49	0.0230769231
7 52 70	0.1111111111
56 66 64	0.3456790123
7 32 64	0.1111111111
51 2 75	0.5000000000
56 59 6	0.0205479452
3 13 6	0.0076997113
15 52 70	0.1250000000
56 7 64	0.1818181818
7 49 49	0.0277777778
75 3 6	0.0414507772
3 65 75	0.4347826087
15 10 64	0.1707317073
20 64 30	0.1111111111
82 3 50	0.0591397849
20 78 6	0.0429687500
20 14 70	0.2903225806
20 54 49	0.0315581854
20 49 6	0.0115163148
5 48 75	0.4814814815
3 53 49	0.0072727273
5 20 49	0.0239390642
3 1 50	0.0570342205
20 0 75	0.4166666667
5 2 82	0.4736842105
3 68 75	0.2727272727
20 53 70	0.2150537634
64 4 75	0.5238095238
3 60 50	0.0752688172
5 15 75	0.0909090909
20 54 50	0.0619047619
5 19 50	0.0447761194
3 32 64	0.3888888889
20 57 50	0.0659340659
82 29 6	0.0523560209
20 8 50	0.0569105691
51 51 75	0.3333333333
5 3 75	0.4146341463
82 4 75	0.4444444444
3 57 50	0.0649350649
20 50 6	0.0593607306
56 0 64	0.3793103448
3 4 70	0.1282051282
5 56 64	0.3428571429
20 47 64	0.3863636364
82 52 64	0.4385964912
82 9 64	0.4736842105
64 4 6	0.0397553517
20 0 49	0.0195121951
20 47 49	0.0204778157
3 7 50	0.0568181818
2 3 70	0.1764705882
82 29 50	0.1038961039
56 0 70	0.2857142857
20 6 64	0.3225806452
33 20 6	0.0531914894
64 9 75	0.4666666667
64 24 50	0.0379146919
56 49 6	0.0249307479
56 50 49	0.0263157895
82 4 70	0.0740740741
56 8 64	0.4545454545
56 65 64	0.3478260870
56 6 70	0.2698412698
56 3 6	0.0273348519
56 59 64	0.4545454545
20 13 6	0.0140350877
2 20 6	0.0340909091
3 78 70	0.1666666667
82 4 64	0.4838709677
82 3 75	0.2307692308
75 18 6	0.0320699708
5 7 70	0.1500000000
2 20 50	0.0873015873
75 52 75	0.2307692308
20 3 75	0.5555555556
20 53 82	0.3928571429
3 57 70	0.1926605505
3 32 49	0.0337837838
3 69 6	0.4444444444
3 78 49	0.0272108844
3 7 64	0.3333333333
56 49 70	0.2857142857
56 60 75	0.2500000000
20 57 70	0.1956521739
7 66 82	0.3666666667
7 13 64	0.1500000000
51 3 50	0.0590163934
15 49 70	0.2000000000
7 57 50	0.0447761194
56 13 64	0.4400000000
56 11 64	0.5000000000
56 3 50	0.1007751938
20 70 55	0.2352941176
33 3 64	0.4285714286
17 10 82	0.5833333333
56 59 75	0.6428571429
56 11 49	0.0425531915
20 2 70	0.2432432432
48 3 50	0.0714285714
3 11 49	0.0274390244
82 24 49	0.0429799427
3 52 75	0.4800000000
75 52 50	0.0824742268
82 29 70	0.0869565217
20 50 70	0.2222222222
56 77 64	0.2727272727
20 50 75	0.4000000000
33 20 64	0.3333333333
20 6 76	0.1428571429
56 49 50	0.0671140940
20 46 6	0.0207612457
56 78 75	0.5000000000
56 7 70	0.1333333333
56 59 49	0.0260869565
56 52 70	0.2131147541
56 50 34	0.1538461538
56 50 70	0.1428571429
33 20 70	0.3333333333
17 0 64	0.4666666667
20 6 50	0.0473484848
20 14 49	0.0384615385
20 69 6	0.4375000000
51 19 64	0.2142857143
20 47 50	0.0569800570
77 21 50	0.0814814815
3 68 76	0.3571428571
77 1 49	0.0222222222
77 4 70	0.1666666667
2 3 75	0.2222222222
3 53 50	0.0654205607
3 53 82	0.3461538462
5 2 64	0.2372881356
77 1 64	0.4333333333
3 4 64	0.2127659574
48 3 75	0.5625000000
48 51 82	0.5000000000
3 8 64	0.4347826087
3 2 49	0.0223880597
5 3 50	0.0751295337
5 77 6	0.3571428571
20 13 70	0.2711864407
20 68 64	0.4117647059
3 2 70	0.2162162162
20 78 70	0.1515151515
51 48 64	0.1562500000
20 53 6	0.0246478873
3 1 70	0.1666666667
56 61 64	0.3092783505
51 20 64	0.3555555556
20 3 50	0.0843373494
20 46 50	0.0614525140
5 24 50	0.0937500000
64 52 75	0.5454545455
48 5 55	0.1111111111
75 24 50	0.0194174757
75 3 75	0.2727272727
2 3 64	0.3809523810
79 56 70	0.1176470588
3 53 70	0.1951219512
5 48 55	0.3076923077
79 61 64	0.4000000000
56 7 6	0.0347826087
56 78 64	0.5625000000
56 6 6	0.0167785235
43 0 49	0.0485436893
20 11 75	0.4090909091
56 1 49	0.0311614731
33 51 82	0.1666666667
20 57 75	0.5000000000
56 59 50	0.0956521739
15 47 50	0.0303030303
7 49 75	0.4210526316
15 39 82	0.1428571429
7 54 64	0.2352941176
7 6 75	0.4000000000
7 52 64	0.3243243243
20 14 50	0.0559440559
56 57 6	0.0428571429
46 59 6	0.0340909091
7 13 70	0.1764705882
7 70 64	0.1428571429
2 5 75	0.3750000000
7 49 82	0.3461538462
7 6 70	0.1698113208
51 79 64	0.2000000000
3 78 6	0.0333333333
15 78 49	0.0379746835
75 9 64	0.3333333333
7 59 49	0.0192307692
7 1 6	0.0244897959
7 8 50	0.0222222222
51 56 0	0.0138408304
33 3 6	0.0666666667
85 0 6	0.0493273543
56 6 75	0.6666666667
56 48 49	0.0260869565
43 0 70	0.1250000000
56 50 50	0.1428571429
56 13 70	0.2812500000
56 32 6	0.0222222222
17 33 64	0.1428571429
20 14 75	0.2222222222
20 8 64	0.4827586207
56 13 75	0.6842105263
56 78 49	0.0214285714
33 5 82	0.5454545455
51 56 49	0.0180180180
51 19 70	0.1851851852
20 7 49	0.0205761317
51 7 49	0.0348623853
3 32 50	0.0495495495
3 47 50	0.0358680057
5 15 49	0.0229681979
77 1 50	0.0476190476
48 51 75	0.4666666667
3 65 64	0.2857142857
20 1 50	0.0631578947
77 1 75	0.4500000000
77 23 75	0.3000000000
20 13 75	0.5641025641
3 50 50	0.0761904762
77 23 64	0.2000000000
2 5 64	0.2285714286
64 52 50	0.0940594059
5 5 82	0.3823529412
3 65 55	0.0892857143
2 5 55	0.1818181818
3 8 75	0.3750000000
20 57 64	0.4250000000
7 66 64	0.1744186047
20 48 64	0.3461538462
15 3 75	0.3000000000
56 48 50	0.1224489796
20 7 75	0.4000000000
15 53 75	0.1818181818
56 32 49	0.0285714286
48 7 75	0.1666666667
20 14 64	0.3846153846
82 4 6	0.0481012658
56 3 70	0.1750000000
33 20 50	0.0727272727
56 47 64	0.4166666667
56 59 70	0.2000000000
56 53 64	0.3157894737
79 0 64	0.4666666667
17 10 64	0.3157894737
75 18 55	0.2941176471
3 60 75	0.4000000000
20 8 6	0.0380047506
20 88 75	0.2857142857
3 3 6	0.0246268657
51 15 64	0.1612903226
7 14 6	0.0192307692
51 48 75	0.3076923077
56 4 64	0.2307692308
7 54 49	0.0219780220
15 47 6	0.0236686391
7 47 70	0.2571428571
64 4 70	0.1578947368
7 67 6	0.2222222222
2 20 49	0.0307692308
7 1 64	0.3125000000
48 79 82	0.1428571429
48 20 64	0.2777777778
75 36 75	0.4782608696
5 56 6	0.0136239782
5 15 0	0.0071770335
82 9 75	0.4736842105
3 7 49	0.0308370044
5 19 49	0.0184049080
85 10 64	0.2941176471
56 1 75	0.5384615385
20 53 76	0.4166666667
56 61 75	0.5476190476
56 1 64	0.4500000000
56 47 70	0.2954545455
17 0 6	0.0563380282
20 60 70	0.2400000000
56 13 49	0.0226364847
56 13 50	0.0630630631
56 13 6	0.0109090909
56 48 6	0.0277777778
2 20 64	0.3529411765
20 70 64	0.3500000000
7 57 70	0.1923076923
56 70 55	0.2222222222
56 56 49	0.0571428571
15 59 64	0.2173913043
7 1 49	0.0246575342
64 24 6	0.0265151515
7 70 75	0.1428571429
7 67 64	0.2857142857
15 49 6	0.0216216216
64 4 64	0.3513513514
20 8 49	0.0204603581
64 52 70	0.1250000000
2 3 6	0.0368421053
77 23 6	0.0333333333
48 56 50	0.0666666667
15 13 75	0.3750000000
56 32 50	0.0754716981
7 6 50	0.0500000000
56 0 76	0.1818181818
15 77 64	0.1111111111
15 49 64	0.2238805970
46 49 49	0.0215053763
82 29 55	0.2903225806
82 18 55	0.2903225806
2 20 70	0.1666666667
5 21 50	0.0566037736
3 77 64	0.3157894737
20 65 75	0.4827586207
3 50 76	0.0952380952
20 60 6	0.0218446602
56 70 75	0.3333333333
17 0 49	0.0537634409
56 49 55	0.1333333333
56 52 50	0.0800000000
17 10 75	0.3750000000
85 0 75	0.5454545455
3 4 6	0.0330033003
3 11 75	0.5000000000
20 8 34	0.0544959128
3 47 75	0.4230769231
79 10 75	0.3750000000
56 69 6	0.2222222222
85 61 75	0.2857142857
17 61 64	0.4000000000
79 0 50	0.0857142857
85 3 64	0.2500000000
79 63 64	0.1428571429
85 3 75	0.1666666667
56 57 70	0.2222222222
2 20 75	0.2500000000
20 68 55	0.0253164557
20 50 49	0.0224719101
5 19 70	0.1481481481
56 63 82	0.4117647059
5 19 64	0.2142857143
48 20 6	0.0328467153
48 20 50	0.0481927711
3 54 49	0.0221130221
46 46 50	0.0833333333
7 54 75	0.1428571429
15 6 50	0.0476190476
20 0 50	0.0722891566
56 78 70	0.0909090909
43 0 6	0.0600000000
56 0 75	0.3437500000
15 49 82	0.3333333333
56 60 70	0.0909090909
51 7 64	0.2666666667
15 6 49	0.0115830116
7 50 48	0.0454545455
2 26 55	0.1764705882
79 20 70	0.2857142857
46 39 82	0.2857142857
56 57 49	0.0362694301
3 50 6	0.0378378378
56 61 55	0.2857142857
20 4 64	0.3414634146
51 20 75	0.3684210526
20 4 75	0.2500000000
20 70 75	0.4117647059
51 77 6	0.3076923077
3 60 6	0.0176211454
5 56 75	0.3333333333
20 60 49	0.0252808989
20 53 55	0.1935483871
56 1 6	0.0145631068
15 32 64	0.2000000000
56 46 70	0.2307692308
3 50 75	0.3636363636
48 56 49	0.0140845070
56 50 75	0.3750000000
2 3 50	0.0512820513
56 56 64	0.2222222222
7 88 49	0.0588235294
7 57 6	0.0476190476
7 60 49	0.0250000000
7 7 50	0.0666666667
7 32 49	0.0442477876
3 65 76	0.2857142857
20 48 49	0.0127795527
3 14 75	0.2727272727
48 77 6	0.1111111111
20 32 75	0.5217391304
20 59 6	0.0145631068
3 2 64	0.1750000000
56 11 75	0.4545454545
15 53 82	0.1666666667
15 6 75	0.5000000000
15 78 64	0.3571428571
7 60 50	0.0806451613
7 1 75	0.1818181818
15 52 64	0.2916666667
51 7 75	0.0625000000
7 47 50	0.0263157895
7 1 70	0.1562500000
3 88 75	0.1250000000
77 23 50	0.0500000000
48 79 64	0.1428571429
3 78 50	0.0625000000
77 1 70	0.1750000000
3 60 70	0.2121212121
7 7 49	0.0566037736
7 54 6	0.0444444444
20 49 55	0.1428571429
7 47 6	0.0470588235
7 65 75	0.1428571429
56 50 6	0.0615384615
43 39 64	0.1428571429
56 14 64	0.3333333333
56 3 75	0.7368421053
20 10 75	0.3750000000
85 10 75	0.4444444444
64 3 75	0.6000000000
56 48 64	0.3571428571
79 0 49	0.0537634409
79 10 82	0.5833333333
5 26 55	0.2352941176
3 54 50	0.0400000000
48 51 64	0.2727272727
7 13 50	0.0250000000
7 4 6	0.0338983051
46 49 50	0.0465116279
7 78 64	0.2500000000
20 47 75	0.3333333333
4 49 64	0.3000000000
46 20 49	0.0555555556
7 57 75	0.1111111111
4 59 64	0.2727272727
48 15 64	0.2000000000
15 49 75	0.3600000000
56 14 70	0.2000000000
79 0 75	0.3750000000
3 64 30	0.0750000000
77 23 49	0.0268656716
56 4 49	0.0344827586
7 66 75	0.3913043478
56 70 64	0.3333333333
51 15 49	0.0218340611
56 66 55	0.1315789474
15 11 64	0.1111111111
48 3 70	0.1538461538
3 46 70	0.2333333333
2 64 30	0.2142857143
56 8 50	0.0781250000
43 39 82	0.2857142857
56 65 75	0.4545454545
20 78 64	0.4838709677
64 9 64	0.4666666667
7 14 49	0.0344827586
51 24 6	0.0576923077
46 49 70	0.1764705882
7 14 64	0.2222222222
7 49 50	0.0533333333
3 68 64	0.2727272727
77 1 6	0.0175438596
15 60 64	0.1538461538
20 50 76	0.1666666667
56 14 49	0.0461538462
56 65 55	0.1052631579
20 32 64	0.3076923077
5 24 75	0.1428571429
79 63 82	0.2857142857
20 0 64	0.4285714286
20 4 70	0.0384615385
51 56 6	0.0153846154
5 56 0	0.0030959752
56 56 6	0.0689655172
20 60 64	0.2307692308
56 11 50	0.0724637681
56 8 70	0.1875000000
7 1 50	0.0543478261
15 47 75	0.1666666667
15 53 64	0.1935483871
3 50 49	0.0141509434
20 68 75	0.4117647059
3 53 55	0.2000000000
82 29 49	0.0189274448
20 78 75	0.3846153846
56 39 82	0.3333333333
75 24 49	0.0300751880
5 79 82	0.1428571429
48 3 6	0.0225806452
7 3 70	0.1111111111
15 14 64	0.2500000000
15 3 70	0.1333333333
7 88 70	0.1428571429
15 3 64	0.3243243243
7 65 64	0.0769230769
82 24 50	0.0163934426
56 1 70	0.2105263158
15 78 75	0.2857142857
48 7 64	0.2222222222
26 55 76	0.0714285714
20 88 50	0.0952380952
7 13 49	0.0114503817
15 13 64	0.2500000000
56 77 6	0.0571428571
43 61 75	0.1666666667
3 54 64	0.2592592593
3 7 70	0.1388888889
15 48 49	0.0434782609
3 67 64	0.3000000000
15 0 6	0.0254237288
7 7 64	0.1818181818
56 54 49	0.0326086957
75 4 75	0.1818181818
56 11 70	0.1666666667
7 3 64	0.2580645161
7 32 70	0.1923076923
64 46 37	0.1600000000
7 54 70	0.1333333333
7 8 70	0.1250000000
15 57 64	0.1111111111
3 2 75	0.2857142857
4 59 75	0.1666666667
3 88 49	0.0487804878
64 29 70	0.1538461538
3 14 6	0.0247349823
17 0 50	0.0857142857
33 51 64	0.1428571429
17 61 75	0.3750000000
56 2 64	0.2142857143
79 61 75	0.3750000000
56 53 50	0.1250000000
17 33 82	0.2857142857
51 19 49	0.0184049080
46 59 64	0.3529411765
15 47 49	0.0303030303
75 9 75	0.3333333333
79 56 49	0.0148148148
3 70 55	0.1333333333
15 59 70	0.1904761905
7 0 70	0.1764705882
7 2 49	0.0176991150
7 52 49	0.0170454545
20 49 70	0.2340425532
20 0 6	0.0224719101
79 85 0	0.0281690141
3 50 48	0.0731707317
15 14 49	0.0465116279
15 6 64	0.2916666667
56 54 64	0.1000000000
56 1 50	0.0735294118
7 10 82	0.3000000000
56 7 50	0.0634920635
7 70 55	0.1428571429
15 67 6	0.1250000000
5 21 70	0.0769230769
7 68 64	0.1428571429
15 57 49	0.0434782609
3 50 30	0.0400000000
3 53 6	0.0049261084
7 52 50	0.0406504065
15 60 49	0.0357142857
15 49 76	0.1111111111
7 8 34	0.0422535211
7 60 70	0.1500000000
46 49 6	0.0136986301
3 88 70	0.1818181818
5 24 6	0.0384615385
56 46 6	0.0256410256
56 47 50	0.0555555556
56 47 49	0.0285714286
56 60 50	0.0800000000
7 68 76	0.2222222222
56 54 6	0.0447761194
46 59 50	0.0322580645
7 46 6	0.0142857143
56 67 6	0.2222222222
56 14 50	0.0344827586
5 24 49	0.0166666667
5 24 64	0.1428571429
33 20 49	0.0519480519
56 8 49	0.0285714286
82 24 75	0.1666666667
7 50 50	0.0588235294
15 3 6	0.0112359551
7 47 49	0.0285714286
56 53 76	0.2857142857
15 11 49	0.0434782609
56 32 70	0.1904761905
75 52 70	0.1034482759
7 10 75	0.2500000000
3 42 64	0.3333333333
7 47 64	0.1111111111
5 56 50	0.0370370370
48 20 75	0.1250000000
56 53 70	0.1818181818
85 0 82	0.2857142857
85 10 82	0.3750000000
15 59 75	0.2500000000
3 54 75	0.1428571429
56 50 64	0.2857142857
56 39 64	0.2222222222
3 7 75	0.2000000000
15 52 50	0.0555555556
15 0 70	0.1666666667
15 59 49	0.0160000000
51 15 0	0.0074074074
33 2 75	0.1666666667
79 63 0	0.0714285714
56 53 55	0.1538461538
56 57 50	0.0810810811
15 53 55	0.1111111111
5 19 6	0.0258620690
15 13 49	0.0094043887
51 24 50	0.0625000000
33 51 75	0.1666666667
3 4 75	0.1428571429
7 2 70	0.1538461538
56 14 6	0.0112359551
15 6 70	0.0740740741
7 46 70	0.0909090909
7 59 64	0.1176470588
77 4 49	0.0428571429
85 0 0	0.0263157895
56 0 0	0.0065789474
33 77 6	0.1666666667
2 77 6	0.1428571429
3 53 76	0.2500000000
56 89 0	0.0370370370
85 77 64	0.1428571429
7 61 64	0.1000000000
7 54 50	0.0379746835
51 55 76	0.1250000000
48 15 49	0.0588235294
56 53 6	0.0222222222
51 26 55	0.1250000000
56 2 70	0.2307692308
20 59 75	0.3846153846
48 7 49	0.0140845070
15 47 64	0.1333333333
3 61 55	0.1111111111
7 11 49	0.0185185185
15 59 50	0.0392156863
51 48 55	0.1428571429
56 32 75	0.5000000000
7 4 64	0.2000000000
7 50 34	0.0769230769
15 32 49	0.0126582278
56 53 49	0.0178571429
7 7 6	0.0454545455
7 3 6	0.0068493151
56 50 30	0.0833333333
15 49 50	0.0373831776
48 56 6	0.0227272727
46 63 0	0.0107526882
7 4 49	0.0375000000
3 88 6	0.0571428571
51 24 49	0.0333333333
56 8 75	0.3333333333
7 11 70	0.2173913043
46 49 75	0.3000000000
56 60 49	0.0217391304
48 56 64	0.2307692308
4 59 6	0.0243902439
7 61 82	0.1666666667
56 54 70	0.1578947368
33 3 75	0.2857142857
7 60 75	0.1250000000
48 56 75	0.1666666667
4 63 70	0.1666666667
5 21 64	0.1111111111
15 59 6	0.0073529412
20 42 64	0.1666666667
5 55 76	0.1250000000
33 2 82	0.1666666667
46 73 64	0.1666666667
56 60 64	0.2000000000
7 59 75	0.1666666667
56 68 76	0.2857142857
17 0 75	0.3750000000
7 68 55	0.0370370370
7 32 50	0.0312500000
3 68 55	0.0289855072
46 49 64	0.1428571429
15 3 50	0.0363636364
20 60 75	0.3333333333
7 50 70	0.1111111111
7 0 50	0.0344827586
56 7 49	0.0312500000
56 4 6	0.0447761194
20 67 64	0.2000000000
56 6 76	0.0909090909
51 24 64	0.1428571429
7 52 75	0.2222222222
26 20 49	0.0120481928
7 60 6	0.0176991150
7 59 6	0.0128205128
4 49 75	0.3750000000
26 20 50	0.0243902439
51 19 50	0.0149253731
79 61 55	0.1428571429
56 48 75	0.3750000000
33 20 75	0.1666666667
7 59 70	0.0909090909
56 46 50	0.0588235294
56 54 50	0.0217391304
15 77 6	0.0588235294
5 5 55	0.0909090909
17 61 55	0.1428571429
15 0 50	0.0579710145
15 13 70	0.0909090909
85 89 64	0.1428571429
15 13 50	0.0238095238
46 59 75	0.2500000000
56 60 6	0.0161290323
56 48 70	0.0555555556
43 0 50	0.0909090909
56 2 75	0.1666666667
7 14 50	0.0500000000
3 88 50	0.0344827586
7 78 75	0.1666666667
26 55 34	0.0344827586
75 24 75	0.1428571429
56 49 0	0.0208333333
56 64 30	0.0666666667
56 67 64	0.1666666667
46 77 64	0.1428571429
15 49 55	0.0909090909
48 7 70	0.1111111