0	0.0769230769
1	0.0000000000
2	0.0000000000
3	0.0000000000
4	0.0000000000
5	0.0000000000
6	0.0000000000
7	0.0000000000
8	0.0000000000
9	0.0000000000
10	0.0000000000
11	0.0000000000
12	0.0000000000
13	0.0000000000
14	0.0000000000
15	0.0000000000
16	0.0000000000
17	0.0000000000
18	0.0000000000
19	0.0000000000
20	0.0000000000
21	0.0000000000
22	0.0000000000
23	0.0000000000
24	0.0000000000
25	0.0000000000
26	0.0000000000
27	0.0000000000
28	0.0000000000
29	0.0000000000
30	0.0000000000
31	0.0000000000
32	0.0000000000
33	0.0000000000
34	0.0000000000
35	0.0000000000
36	0.0000000000
37	0.0000000000
38	0.0000000000
39	0.0000000000
40	0.0000000000
41	0.0000000000
42	0.0000000000
43	0.0000000000
44	0.0000000000
45	0.0000000000
46	0.0000000000
47	0.1000000000
48	0.0000000000
49	0.0088495575
50	0.0256410256
51	0.0000000000
52	0.0000000000
53	0.0000000000
54	0.0000000000
55	0.0000000000
56	0.0000000000
57	0.0000000000
58	0.0000000000
59	0.0000000000
60	0.0000000000
61	0.0000000000
62	0.0000000000
63	0.0000000000
64	0.0000000000
65	0.0000000000
66	0.0144927536
68	0.0000000000
69	0.1818181818
70	0.0000000000
71	0.0000000000
72	0.0000000000
73	0.0000000000
74	0.0000000000
75	0.0000000000
76	0.0000000000
77	0.2222222222
78	0.0000000000
79	0.0000000000
80	0.0000000000
81	0.0000000000
82	0.0000000000
83	0.0000000000
84	0.0000000000
85	0.0000000000
86	0.0000000000
87	0.0000000000
88	0.0000000000
89	0.0000000000
90	0.0000000000
91	0.0000000000
92	0.0000000000
49 77	0.4545454545
66 59 77	0.0833333333
1 77	0.3333333333
60 67	0.3333333333
3 47	0.0990990991
47 6 47	0.1013645224
54 47	0.0975609756
49 69	0.2173913043
47 57 67	0.4857142857
57 67	0.2222222222
53 67	0.3846153846
49 6 69	0.2443438914
49 51 77	0.8305084746
52 67	0.6333333333
66 77	0.6666666667
1 13 67	0.5238095238
4 69	0.2500000000
52 77	0.2857142857
8 67	0.4166666667
52 59 47	0.0688836105
32 69	0.2380952381
53 20 69	0.2241379310
78 6 67	0.5789473684
47 69	0.1785714286
50 47	0.1363636364
2 47	0.1428571429
6 6 50	0.0406976744
54 53 47	0.0980392157
49 57 67	0.4883720930
2 6 69	0.3888888889
54 50	0.0327868852
13 0 77	0.3846153846
54 69	0.3529411765
32 6 77	0.2162162162
1 69	0.2083333333
53 47	0.1063829787
6 18 77	0.5714285714
3 32 77	0.3103448276
32 14 47	0.0833333333
10 77	0.4545454545
3 77	0.2916666667
8 47	0.1612903226
6 50	0.0359281437
57 69	0.3333333333
3 67	0.4615384615
53 53 69	0.2000000000
49 6 67	0.5754716981
57 50	0.0333333333
64 29 77	0.7179487179
49 6 50	0.0242510699
6 69 48	0.6190476190
59 69	0.1851851852
64 52	0.0714285714
6 69	0.3333333333
49 8 47	0.1441441441
3 59 69	0.3573883162
6 49 77	0.6083333333
4 67	0.3750000000
53 3 69	0.2910447761
13 69	0.2307692308
6 24 69	0.3157894737
57 49 50	0.0500000000
11 47	0.0697674419
49 13 47	0.0760869565
66 56 69	0.3589743590
6 50 48	0.1692307692
49 20 67	0.6936936937
75 18 77	0.5185185185
64 3 67	0.4285714286
11 69	0.2222222222
78 49 77	0.6296296296
2 59 67	0.5172413793
3 14 67	0.4705882353
57 6 69	0.3269230769
78 3 67	0.4375000000
60 11 47	0.1139240506
52 1 67	0.6666666667
1 67	0.5000000000
3 1 69	0.3142857143
59 52 47	0.0652557319
11 47 69	0.3823529412
47 23 67	0.7200000000
7 54 67	0.4615384615
70 54 67	0.3636363636
47 31 47	0.0978260870
11 3 67	0.6176470588
64 4 47	0.0930232558
13 77	0.2631578947
57 47	0.0500000000
69 48	0.3750000000
78 3 69	0.3488372093
57 2 47	0.1600000000
1 13 47	0.0875912409
57 3 77	0.4062500000
3 32 69	0.3000000000
1 2 47	0.1785714286
66 15 77	0.3783783784
1 11 67	0.5000000000
53 20 47	0.1058394161
53 15 69	0.2500000000
66 19 69	0.2727272727
3 47 69	0.3030303030
60 3 77	0.3333333333
3 59 67	0.6893939394
2 49 77	0.5322580645
47 59 69	0.2127659574
49 49 47	0.0623145401
66 19 50	0.0227272727
60 78 67	0.4545454545
49 52	0.0072639225
6 53 47	0.1296296296
78 3 77	0.3157894737
53 13 47	0.1031746032
13 78 47	0.1111111111
2 69	0.2666666667
57 8 47	0.1515151515
53 47 67	0.5000000000
47 21 47	0.1280000000
6 6 69	0.3687315634
49 47	0.0514285714
13 20 69	0.3157894737
78 53 77	0.7058823529
6 6 77	0.4117647059
54 6 47	0.1302325581
50 67	0.3000000000
6 59 69	0.3571428571
49 20 47	0.1295546559
49 59 47	0.0426179604
46 50	0.0476190476
54 7 50	0.0510204082
8 66 77	0.6250000000
32 3 47	0.0990990991
57 3 69	0.2162162162
60 69	0.1666666667
1 49 77	0.5454545455
50 52	0.0149253731
59 47	0.0288461538
53 52 67	0.6363636364
57 78 47	0.1136363636
49 13 77	0.2935779817
32 49 50	0.0275229358
32 52 67	0.6382978723
1 52 67	0.7183098592
6 29 77	0.6956521739
13 6 69	0.3047619048
49 49 67	0.5227272727
6 47	0.0931372549
3 10 77	0.6666666667
52 32 67	0.6470588235
3 3 50	0.0178041543
6 49 69	0.3201754386
54 49 47	0.1176470588
53 3 47	0.1027522936
1 3 67	0.5735294118
3 32 47	0.0522388060
47 60 67	0.5263157895
52 1 77	0.3972602740
1 49 69	0.2891566265
32 48 67	0.4615384615
11 52 67	0.6666666667
6 11 69	0.2923076923
47 6 77	0.3292682927
53 56 69	0.3707865169
32 52 47	0.0920000000
11 88 69	0.2222222222
60 60 69	0.2941176471
49 49 69	0.1945945946
3 13 67	0.5156250000
3 52 47	0.0747028862
11 59 67	0.6363636364
7 47	0.0869565217
47 0 67	0.5483870968
49 50	0.0327868852
49 52 67	0.6074766355
6 6 47	0.1258741259
52 47	0.0642857143
53 77	0.5294117647
11 50	0.0363636364
47 53 47	0.1230769231
47 52 69	0.2828282828
60 6 77	0.4285714286
13 13 77	0.3437500000
60 8 47	0.1428571429
52 3 47	0.1028225806
6 57 47	0.1209302326
47 3 47	0.0729483283
1 52 47	0.0718085106
4 31 69	0.2222222222
1 59 67	0.6666666667
53 13 67	0.4117647059
32 6 67	0.4375000000
6 7 50	0.0590163934
57 6 77	0.2972972973
50 70 52	0.1333333333
57 49 47	0.0789473684
11 3 77	0.3488372093
49 67	0.4615384615
54 6 77	0.3750000000
3 53 50	0.0500000000
46 67	0.2500000000
49 56 47	0.1060606061
13 7 67	0.6000000000
6 57 50	0.0200000000
1 6 50	0.0314465409
2 52 47	0.1327913279
50 7 47	0.0267857143
2 49 67	0.6571428571
46 10 77	0.6818181818
3 69	0.2068965517
78 69	0.0909090909
13 49 77	0.4822335025
6 78 67	0.6250000000
2 67	0.1666666667
13 49 67	0.6500000000
61 3 47	0.1333333333
2 52 67	0.7260273973
32 3 67	0.4871794872
47 13 77	0.3333333333
47 67	0.4285714286
52 53 69	0.3111111111
47 47	0.0898876404
3 50	0.0196078431
52 52 69	0.3423913043
47 48	0.1500000000
3 59 77	0.3939393939
13 49 47	0.0812757202
49 5 77	0.7878787879
64 24 69	0.2857142857
52 50	0.0169491525
32 32 47	0.0166666667
52 66 77	0.9041095890
59 32 47	0.0521739130
3 1 67	0.6296296296
52 52 47	0.0956130484
49 1 67	0.5285714286
49 66 77	0.6101694915
3 6 47	0.1003787879
59 77	0.0869565217
49 7 47	0.0843621399
52 14 67	0.7368421053
52 52 50	0.0288770053
52 49 77	0.6645161290
59 8 67	0.4800000000
59 32 77	0.2592592593
49 19 47	0.0894308943
59 3 69	0.2018348624
77 21 69	0.2666666667
47 50	0.0342465753
52 53 67	0.5882352941
49 64 52	0.0946502058
61 77	0.4444444444
3 3 47	0.0902777778
6 67	0.6129032258
49 52 77	0.2413793103
6 54 67	0.5625000000
48 59 50	0.0487804878
13 52 67	0.6818181818
48 52 77	0.2307692308
78 77	0.2500000000
3 52 50	0.0252996005
48 10 77	0.2857142857
59 59 77	0.2258064516
61 20 69	0.2352941176
13 11 69	0.2692307692
49 20 69	0.3440000000
3 8 67	0.5882352941
48 77	0.2222222222
47 46 50	0.0680272109
67 31 67	0.7619047619
52 49 50	0.0509977827
3 59 47	0.0756457565
3 6 67	0.6769230769
59 49 67	0.5238095238
3 13 77	0.3166666667
52 13 47	0.1004184100
52 13 67	0.5000000000
61 3 69	0.3333333333
60 52 67	0.7435897436
6 47 47	0.1179487179
78 3 47	0.1127819549
59 88 69	0.1428571429
13 1 69	0.1481481481
77 1 69	0.2000000000
78 78 67	0.5454545455
46 56 47	0.1428571429
13 49 50	0.0312075984
47 11 69	0.2727272727
59 78 47	0.0653594771
6 8 67	0.6304347826
47 6 69	0.3169014085
48 67	0.1666666667
52 78 50	0.0336134454
48 14 69	0.1666666667
48 52 67	0.5882352941
6 2 47	0.1879699248
52 69	0.3448275862
47 49 69	0.2289156627
49 50 48	0.1372549020
47 66 77	0.7647058824
52 3 77	0.3804347826
61 7 67	0.7358490566
49 13 69	0.2058823529
53 56 47	0.0868167203
52 8 47	0.2014925373
6 53 77	0.8088235294
78 47	0.0270270270
49 52 69	0.2521008403
13 47	0.0731707317
3 53 77	0.6571428571
49 2 47	0.1192660550
49 52 47	0.0700757576
60 47 69	0.2916666667
49 0 47	0.0803571429
53 19 50	0.0373831776
32 6 47	0.0751173709
13 6 50	0.0309597523
3 57 67	0.4375000000
53 75 52	0.0746268657
14 3 47	0.0793650794
52 0 50	0.0329670330
10 7 47	0.0876288660
3 52 77	0.2833333333
13 69 48	0.5833333333
47 32 69	0.3658536585
3 52 67	0.6495726496
59 52 50	0.0221238938
52 49 47	0.0936936937
6 46 50	0.0714285714
47 47 69	0.2888888889
14 77	0.1428571429
49 6 77	0.2396694215
11 7 49	0.0090909091
14 66	0.0144927536
50 3 50	0.0295358650
32 1 53	0.0258620690
54 67	0.4166666667
66 5	0.0257731959
13 61	0.0512820513
47 23 10	0.0235294118
10 5	0.0540540541
4 10 77	0.3750000000
46 53 69	0.2727272727
14 67	0.4444444444
14 49 50	0.0312500000
4 52 47	0.0862068966
1 52 49	0.0119142176
49 61	0.0250000000
54 49	0.0072463768
49 53	0.0177514793
59 49	0.0163934426
66 51 77	0.7837837838
66 3 50	0.0233918129
11 53 5	0.0597014925
49 56 67	0.5625000000
2 59 69	0.2340425532
14 47	0.1428571429
57 57 67	0.4782608696
8 57 67	0.4000000000
7 49 10	0.0731707317
46 56 67	0.4545454545
70 52	0.1000000000
3 0	0.2222222222
1 6 47	0.1136363636
7 69	0.1250000000
49 10 5	0.0810810811
1 7 67	0.5555555556
6 60 53	0.0100502513
11 13 0	0.1351351351
14 6 47	0.1216216216
32 47	0.0576923077
4 6 69	0.3409090909
13 67	0.1764705882
2 50	0.0689655172
49 52 61	0.0227272727
6 1 53	0.0093984962
57 3 67	0.6071428571
52 66	0.0073529412
6 3 77	0.3840579710
52 53	0.0181818182
14 50	0.0312500000
53 46 67	0.4375000000
4 66	0.0250000000
1 6 53	0.0199004975
6 66 5	0.0134649910
66 48	0.0169491525
7 60 67	0.5714285714
6 53	0.0094786730
49 5	0.0267379679
1 49 5	0.0321931590
54 32 47	0.0600000000
53 57 69	0.2857142857
54 2 47	0.2222222222
7 50	0.0327868852
6 77	0.3214285714
7 67	0.4545454545
52 52 67	0.7823529412
6 78 47	0.1124031008
6 1 67	0.6458333333
47 49 77	0.5086206897
54 66 77	0.8571428571
60 47	0.0652173913
7 14 67	0.3750000000
6 48 47	0.0972568579
52 49 69	0.3522012579
6 48 77	0.3513513514
54 49 77	0.6557377049
6 66 77	0.8437500000
66 3 67	0.7000000000
6 60 50	0.0478468900
6 4 47	0.1050420168
60 4 69	0.3333333333
66 5 77	0.7968750000
53 49 77	0.5762711864
54 4 47	0.1052631579
60 50	0.0232558140
6 3 67	0.6161137441
54 54 47	0.0882352941
52 7 67	0.7931034483
6 13 47	0.1035971223
6 59 47	0.0672645740
53 60 47	0.0810810811
0 50	0.0416666667
47 23 77	0.3333333333
1 3 69	0.2804878049
60 6 47	0.1212121212
17 59 67	0.7222222222
6 48 67	0.7162162162
0 1 67	0.5882352941
1 53 77	0.7142857143
6 13 67	0.5675675676
0 67	0.2222222222
14 54 69	0.2666666667
6 59 77	0.3396226415
1 59 69	0.3437500000
0 47	0.1153846154
6 6 67	0.8209876543
3 61 77	0.5217391304
0 20 47	0.0476190476
6 60 67	0.6470588235
7 52 67	0.6842105263
53 15 67	0.8125000000
52 11 47	0.1314285714
53 1 67	0.5757575758
1 1 67	0.4827586207
0 69	0.1000000000
53 46 50	0.0520833333
0 2 47	0.2105263158
6 53 67	0.6341463415
0 13 50	0.0500000000
53 52 69	0.2978723404
6 3 47	0.0939476061
67 31 47	0.1134751773
50 48	0.0666666667
0 59 69	0.2173913043
66 48 77	0.6842105263
53 69	0.1875000000
52 11 67	0.6451612903
0 13 77	0.3684210526
6 3 69	0.3462897527
53 13 69	0.2250000000
0 52 67	0.5789473684
10 20 47	0.1136363636
13 47 50	0.0408805031
8 52 67	0.6206896552
52 2 67	0.4444444444
49 6 47	0.0750307503
78 47 67	0.5000000000
8 49 67	0.2222222222
11 49 77	0.6170212766
78 10 77	0.5000000000
6 0 50	0.0200000000
8 4 67	0.4545454545
64 4 67	0.6296296296
50 6 69	0.3500000000
49 32 69	0.2459016393
50 49 77	0.5588235294
1 59 77	0.2272727273
2 11 47	0.0769230769
66 49 77	0.2500000000
6 48 69	0.2906976744
14 66 77	0.7727272727
6 70 52	0.1442307692
6 49 67	0.6846846847
47 14 67	0.6071428571
68 52 69	0.1818181818
49 59 69	0.2101910828
6 47 48	0.2093023256
53 6 67	0.6969696970
2 3 47	0.0769230769
11 47 47	0.0842105263
49 49 77	0.4419889503
53 20 50	0.0257611241
6 0 47	0.1111111111
64 3 50	0.0425531915
6 10 77	0.8000000000
8 69 48	0.3333333333
8 6 47	0.1061452514
65 7 77	0.1785714286
53 2 47	0.2424242424
7 60 47	0.0847457627
47 0 0	0.1764705882
13 8 67	0.4736842105
57 14 66	0.0150375940
57 49	0.0088495575
49 32 10	0.0458715596
8 50 66	0.0400000000
3 53	0.0326086957
53 5	0.0697674419
3 61	0.0175438596
6 10	0.0183486239
59 3 53	0.0223880597
6 66	0.0056338028
6 49	0.0044977511
13 49	0.0069124424
59 52 66	0.0211081794
53 3 53	0.0153846154
49 59 49	0.0102851800
3 10	0.0317460317
66 5 48	0.0352112676
32 66	0.0117647059
47 57 49	0.0063694268
52 17 0	0.0952380952
8 49 10	0.0196078431
53 1 49	0.0018518519
47 66	0.0073529412
57 53 5	0.0933333333
46 60 49	0.0377358491
59 47 67	0.4489795918
1 53	0.0129870130
49 49	0.0076190476
49 53 5	0.0733695652
2 57 67	0.4705882353
59 49 5	0.0389429764
57 49 49	0.0028011204
53 13 0	0.0370370370
49 54 67	0.3684210526
47 17 67	0.3000000000
49 49 53	0.0265339967
47 49	0.0086580087
53 57 66	0.0053191489
59 53	0.0454545455
6 6 53	0.0092592593
3 13 53	0.0108303249
59 61	0.0491803279
2 57 66	0.0204081633
52 10	0.0147058824
13 52 49	0.0093147039
46 61	0.0294117647
57 66	0.0105263158
1 48 49	0.0098522167
49 50 67	0.3333333333
46 17 0	0.1033057851
3 32 61	0.0119047619
11 2 49	0.0160000000
3 66	0.0240963855
52 53 66	0.0070754717
59 48 67	0.5000000000
53 4 67	0.3703703704
59 48 53	0.0322580645
50 5	0.1363636364
51 0	0.1250000000
59 47 66	0.0105263158
59 66	0.0206185567
59 49 61	0.0245901639
46 1 53	0.0519480519
0 5	0.0625000000
63 3 53	0.1250000000
49 6 49	0.0094804702
59 10 5	0.1111111111
51 49 66	0.0169491525
59 61 5	0.0903225806
49 13 0	0.1641791045
51 46 61	0.0833333333
49 54 66	0.0209424084
46 17 67	0.4230769231
50 15 49	0.0218579235
59 10	0.0454545455
5 49 61	0.0705882353
49 47 66	0.0127388535
63 46 61	0.1034482759
67 46 67	0.4444444444
63 53 5	0.1578947368
49 32 53	0.0744680851
63 61 66	0.0816326531
59 6 66	0.0178384050
0 7 10	0.0731707317
59 49 49	0.0100286533
50 56 61	0.0714285714
59 59 10	0.0184331797
49 57 49	0.0117647059
49 2 49	0.0214843750
0 7 67	0.4117647059
49 60 53	0.0307692308
0 3 67	0.4545454545
59 66 5	0.0395683453
49 66 5	0.0238726790
49 49 5	0.0388349515
6 6 49	0.0026855469
11 53 77	0.6875000000
54 52 66	0.0126984127
1 46 61	0.0344827586
3 48 69	0.2708333333
14 3 67	0.4117647059
4 49	0.0169491525
6 61	0.0133333333
54 49 69	0.2800000000
14 6 67	0.7272727273
60 6 10	0.0144927536
32 11 49	0.0114503817
52 49	0.0022271715
8 78 69	0.1666666667
8 13 77	0.3000000000
11 48 66	0.0396039604
3 20 69	0.3684210526
7 60 66	0.0116279070
2 49 69	0.3018867925
11 70 52	0.1111111111
1 32 67	0.6250000000
8 66	0.0126582278
1 66	0.0085470085
32 50	0.0357142857
2 3 67	0.5428571429
59 50 67	0.3636363636
47 3 10	0.0270270270
11 6 69	0.3469387755
2 10	0.0416666667
8 69	0.1000000000
32 6 53	0.0241545894
1 32 69	0.2777777778
11 8 67	0.5714285714
3 52 49	0.0065075922
2 47 66	0.0127388535
4 54 49	0.0204081633
47 23 49	0.0042283298
49 52 49	0.0122341975
4 47	0.0714285714
7 66	0.0082644628
13 3 10	0.0285714286
46 14 47	0.1538461538
7 1 53	0.0147783251
52 54 67	0.6363636364
54 3 47	0.1158536585
67 15 49	0.0975609756
49 11 66	0.0099009901
46 3 0	0.2608695652
49 59 53	0.0373001776
49 66	0.0041152263
5 49 67	0.1666666667
49 13 49	0.0066690067
49 47 67	0.5200000000
49 47 49	0.0147874307
49 52 10	0.0211132438
59 59 67	0.5714285714
67 20 49	0.0620155039
49 6 18	0.0216216216
49 59 67	0.5000000000
49 13 53	0.0221674877
63 61 5	0.1600000000
49 52 53	0.0180859081
49 7 66	0.0108374384
59 3 10	0.0472103004
20 53 67	0.2500000000
20 57 49	0.0208333333
59 2 10	0.0447761194
73 6 49	0.0184049080
49 6 66	0.0141442716
5 59 67	0.1428571429
63 60 49	0.0555555556
63 0 49	0.0133928571
46 53 66	0.0347222222
59 60 77	0.1428571429
61 20 67	0.5945945946
48 3 69	0.3043478261
6 60 47	0.0833333333
6 14 77	0.3333333333
77 21 47	0.1230769231
3 2 67	0.4545454545
13 3 69	0.2765957447
48 6 69	0.3333333333
6 59 67	0.7142857143
60 52 69	0.4081632653
59 54 69	0.2500000000
48 14 67	0.2857142857
47 49 47	0.0889679715
59 6 47	0.0742753623
13 20 47	0.1304347826
48 47	0.0526315789
52 54 50	0.0206896552
3 6 69	0.3211678832
13 46 67	0.5000000000
77 6 47	0.1250000000
6 13 69	0.2694610778
77 1 50	0.0444444444
3 6 49	0.0048367594
46 53 47	0.0972222222
14 53 47	0.1481481481
46 6 67	0.4444444444
54 78 67	0.5000000000
53 15 77	0.3893805310
11 46 50	0.0735294118
4 13 10	0.0476190476
10 15 47	0.0238095238
54 52 53	0.0142857143
1 7 47	0.0652173913
4 1 49	0.0115384615
32 1 10	0.0175438596
46 10 5	0.0462724936
49 48 67	0.5000000000
57 59 67	0.5238095238
49 22 66	0.0089686099
67 56 69	0.1176470588
14 53 66	0.0182926829
49 13 61	0.0307017544
53 56 67	0.6222222222
32 47 69	0.2647058824
14 1 69	0.2500000000
4 66 77	0.7368421053
70 3 67	0.5833333333
11 2 69	0.3333333333
50 29 77	0.7142857143
7 47 47	0.0500000000
7 6 67	0.6896551724
6 48 53	0.0129870130
7 49 5	0.0731707317
70 20 49	0.0322580645
54 3 53	0.0283687943
59 2 47	0.1445783133
69 31 47	0.1025641026
47 52 77	0.3098591549
52 31 69	0.2666666667
6 7 67	0.6829268293
47 8 67	0.5405405405
78 67	0.2222222222
10 20 67	0.6046511628
52 14 47	0.1029411765
32 77	0.2727272727
61 3 67	0.6829268293
13 13 47	0.0924092409
32 67	0.2222222222
60 49 77	0.5961538462
47 47 48	0.3750000000
78 13 69	0.2500000000
47 59 47	0.0670391061
2 13 67	0.5000000000
10 51 77	0.6896551724
53 56 50	0.0512820513
6 32 67	0.7692307692
32 59 77	0.1923076923
53 20 67	0.6447368421
3 8 47	0.1698113208
52 48 67	0.6400000000
49 61 77	0.5588235294
60 6 69	0.3623188406
53 19 69	0.2857142857
47 2 47	0.1967213115
10 3 47	0.0987654321
49 6 53	0.0212514758
63 1 53	0.0638297872
59 53 5	0.0531400966
59 3 67	0.5000000000
50 7 66	0.0268199234
50 5 48	0.0714285714
59 78 53	0.0472972973
59 52 49	0.0134770889
63 0 53	0.0402684564
50 56 53	0.0722891566
59 49 18	0.0189873418
49 49 18	0.0248756219
51 63 61	0.0769230769
49 46 61	0.0407766990
59 3 0	0.1969696970
69 4 47	0.1063829787
3 32 67	0.5555555556
50 46 67	0.4444444444
57 48 67	0.3076923077
47 53 77	0.7000000000
10 3 67	0.5625000000
49 48 77	0.4042553191
59 52 67	0.5575221239
47 52 50	0.0191897655
60 13 47	0.0948905109
66 59 69	0.2500000000
13 52 77	0.2456140351
57 52 69	0.2682926829
47 13 47	0.0931174089
60 6 67	0.7567567568
6 7 69	0.2592592593
1 11 47	0.1052631579
32 11 47	0.0779220779
32 6 69	0.2833333333
11 13 47	0.0979020979
54 32 69	0.4000000000
54 13 47	0.1304347826
13 47 47	0.1165644172
47 23 50	0.0275862069
53 5 77	0.7045454545
54 47 67	0.5789473684
53 49 52	0.0080645161
53 47 48	0.2941176471
68 19 69	0.2380952381
1 52 69	0.3250000000
7 6 69	0.3114754098
0 32 67	0.2857142857
0 4 47	0.0714285714
0 13 69	0.2380952381
53 49 47	0.1037037037
50 18 67	0.7391304348
53 48 67	0.3076923077
53 51 77	0.7692307692
7 60 69	0.1764705882
53 1 69	0.2250000000
66 3 69	0.3169398907
0 59 67	0.4615384615
67 4 47	0.1509433962
53 6 69	0.3333333333
0 49 50	0.0526315789
53 54 47	0.1034482759
52 47 47	0.1373134328
1 66 77	0.6129032258
6 49 10	0.0094517958
59 1 67	0.5185185185
49 32 67	0.5185185185
52 66 48	0.0203045685
4 52 53	0.0208333333
59 60 69	0.2307692308
14 50 52	0.0192307692
54 66	0.0090090090
14 17 67	0.1428571429
47 0 47	0.1181818182
10 15 77	0.3181818182
52 60 67	0.5714285714
11 49 67	0.5384615385
59 50 47	0.0571428571
11 53 50	0.0714285714
7 66 77	0.7272727273
1 49 67	0.6410256410
57 57 69	0.1785714286
4 47 69	0.1000000000
1 6 67	0.7666666667
47 21 50	0.0366972477
8 59 49	0.0067567568
54 6 69	0.3818181818
8 52 49	0.0126849894
11 59 53	0.0325203252
11 3 66	0.0141843972
66 85 61	0.0344827586
49 10	0.0202020202
15 0 67	0.5185185185
54 2 50	0.1111111111
53 8 67	0.5238095238
6 32 69	0.3692307692
47 13 69	0.2133333333
47 7 47	0.0760869565
60 54 47	0.1000000000
53 11 50	0.0360360360
54 59 77	0.3000000000
67 1 67	0.7333333333
6 57 69	0.2537313433
6 47 69	0.3211009174
15 0 69	0.2941176471
6 46 67	0.6111111111
54 13 77	0.4000000000
52 2 69	0.4137931034
49 4 67	0.4634146341
57 13 47	0.1029411765
57 69 48	0.3000000000
32 49 77	0.4117647059
50 46 50	0.0638297872
50 52 47	0.1090047393
6 54 69	0.2954545455
7 6 77	0.4193548387
53 11 47	0.0952380952
65 22 50	0.0173913043
13 3 47	0.0861111111
11 67	0.2500000000
53 59 67	0.5294117647
6 49 47	0.0867526377
13 6 77	0.3432835821
50 3 66	0.0113636364
53 3 0	0.0263157895
57 13 0	0.1333333333
32 2 49	0.0167597765
52 13 0	0.0638297872
6 49 49	0.0037608123
13 78 66	0.0104712042
47 6 10	0.0298013245
52 49 5	0.0164473684
32 52 49	0.0074074074
66 19 66	0.0232558140
57 49 53	0.0337078652
59 78 49	0.0046189376
47 3 66	0.0091324201
53 19 66	0.0045454545
2 2 49	0.0454545455
46 1 49	0.0183486239
68 24 66	0.0740740741
3 59 61	0.0149892934
66 3 53	0.0128755365
52 31 10	0.0175438596
32 13 67	0.4642857143
6 53 5	0.0403587444
1 10	0.0217391304
32 1 49	0.0078947368
61 51 77	0.8333333333
59 6 50	0.0236559140
78 2 77	0.3333333333
13 49 69	0.2727272727
78 49 67	0.5555555556
59 67	0.1764705882
59 3 77	0.1754385965
3 66 77	0.7407407407
78 6 50	0.0377358491
52 57 69	0.3518518519
47 50 69	0.1086956522
13 52 69	0.2912621359
75 52 67	0.4444444444
59 52 77	0.2191780822
47 53 67	0.5675675676
2 47 47	0.0714285714
49 1 77	0.2500000000
32 13 77	0.3255813953
59 6 69	0.2222222222
13 63 67	0.7222222222
47 23 47	0.1148648649
13 48 50	0.0097087379
47 6 67	0.6571428571
59 32 53	0.0581395349
49 13 67	0.5357142857
49 13 10	0.0233333333
5 63 61	0.0813953488
49 1 66	0.0123022847
63 0 18	0.0555555556
59 14 49	0.0150753769
5 49 10	0.0618556701
0 20 67	0.0769230769
49 11 67	0.5312500000
63 60 67	0.1250000000
49 52 66	0.0172795747
5 59 49	0.0130434783
49 54 49	0.0173160173
73 6 53	0.0517241379
20 2 10	0.1250000000
46 53 67	0.4782608696
63 6 10	0.0800000000
49 14 53	0.0126582278
20 11 67	0.1666666667
73 6 66	0.0344827586
46 52 66	0.0400000000
59 54 67	0.3000000000
53 6 50	0.0440251572
0 32 69	0.3529411765
0 1 50	0.0200000000
0 49 77	0.6000000000
14 6 77	0.3750000000
52 3 67	0.5648148148
7 50 48	0.1666666667
6 53 50	0.0609756098
66 56 67	0.6500000000
6 2 50	0.1014492754
53 6 47	0.1250000000
6 59 50	0.0321931590
53 10 77	0.5000000000
53 50	0.0172413793
6 78 50	0.0232558140
0 6 67	0.5384615385
3 6 50	0.0390946502
0 49 67	0.5000000000
6 47 67	0.6455696203
66 82 52	0.1341463415
6 1 69	0.2656250000
53 57 67	0.4500000000
60 52 50	0.0416666667
60 59 77	0.3200000000
17 59 50	0.0120481928
0 49 47	0.1304347826
53 53 77	0.7500000000
0 48 69	0.1250000000
6 49 52	0.0092233010
14 52 50	0.0240000000
7 52 77	0.3529411765
14 6 69	0.3333333333
0 52 77	0.2857142857
17 59 77	0.4285714286
52 53 50	0.0372093023
60 1 77	0.3750000000
53 52 47	0.0737327189
60 7 67	0.6428571429
66 3 77	0.3440860215
54 59 69	0.2500000000
66 7 47	0.0790067720
7 1 69	0.2586206897
6 54 50	0.0216216216
52 59 77	0.3000000000
6 1 77	0.3678160920
47 10 77	0.5789473684
52 52 77	0.3255813953
47 7 67	0.5937500000
66 3 47	0.0905459387
7 6 47	0.1105990783
60 10 77	0.5833333333
54 52 77	0.3225806452
50 60 69	0.2500000000
52 59 69	0.3854166667
10 0 47	0.0975609756
11 3 69	0.2173913043
13 6 47	0.1060606061
52 50 67	0.5384615385
6 50 47	0.1052631579
46 6 69	0.1951219512
13 57 67	0.5600000000
49 24 69	0.3666666667
4 52 67	0.6428571429
13 6 67	0.6491228070
1 78 69	0.2121212121
57 49 69	0.1794871795
47 54 67	0.4117647059
13 78 67	0.6000000000
49 52 50	0.0200153965
57 59 47	0.0917431193
49 24 47	0.0952380952
4 52 77	0.2307692308
49 14 47	0.0538461538
49 59 50	0.0220440882
78 53 50	0.0952380952
47 70 52	0.1190476190
8 52 77	0.2692307692
52 47 67	0.6865671642
50 1 67	0.6250000000
8 7 67	0.5384615385
1 57 47	0.0943396226
49 7 50	0.0270270270
65 7 47	0.0472972973
13 50 77	0.6153846154
70 54 47	0.1212121212
11 78 47	0.1038961039
3 59 50	0.0274656679
50 47 48	0.2857142857
1 50	0.0161290323
1 70 52	0.1176470588
49 2 69	0.2391304348
3 3 69	0.2589285714
53 19 67	0.3809523810
49 10 77	0.6410256410
14 13 67	0.2500000000
47 59 50	0.0260869565
32 52 77	0.2750000000
69 21 47	0.1230769231
60 49 47	0.1034482759
13 3 67	0.5063291139
10 7 67	0.6222222222
13 61 77	0.5882352941
6 60 69	0.3600000000
69 21 69	0.2666666667
13 3 50	0.0170648464
2 52 50	0.0292553191
52 32 69	0.3863636364
13 48 69	0.1714285714
8 49 77	0.4324324324
4 2 49	0.0238095238
8 6 53	0.0228571429
54 11 66	0.0137614679
1 32 47	0.0450450450
1 49	0.0040160643
52 2 47	0.2454545455
7 50 66	0.0652173913
47 6 18	0.0193798450
1 3 77	0.3272727273
1 2 10	0.0434782609
70 18	0.0555555556
46 6 10	0.0821917808
13 52 53	0.0108108108
52 1 69	0.2700000000
60 70 52	0.1714285714
60 59 67	0.7222222222
13 49 5	0.0185185185
4 6 77	0.2500000000
63 38 61	0.1333333333
49 49 49	0.0087293889
59 59 66	0.0120967742
5 59 10	0.0540540541
49 2 10	0.0777777778
46 1 66	0.0414507772
20 52 61	0.0714285714
63 2 61	0.2222222222
59 57 49	0.0110701107
5 49 53	0.0304568528
59 54 66	0.0163934426
63 0 0	0.0833333333
63 10 5	0.1081081081
49 17 0	0.0317460317
59 53 66	0.0344827586
50 20 49	0.0296296296
50 2 5	0.0666666667
49 49 10	0.0213270142
50 3 67	0.4750000000
50 15 10	0.0259740260
0 5 5	0.0800000000
67 3 66	0.0860215054
59 59 49	0.0076394194
63 1 67	0.2500000000
50 15 53	0.1836734694
49 6 10	0.0336842105
50 48 5	0.1111111111
57 49 5	0.0364372470
3 59 49	0.0041470832
47 10 5	0.0329670330
13 0	0.0333333333
3 78 53	0.0315789474
47 59 49	0.0062794349
32 49	0.0067567568
52 31 53	0.0166666667
47 52 66	0.0144404332
1 66 5	0.0319767442
1 3 0	0.1076923077
32 3 53	0.0190476190
8 13 53	0.0555555556
3 59 53	0.0130861505
1 52 66	0.0160349854
32 50 66	0.0370370370
6 3 66	0.0082587749
3 3 53	0.0072639225
66 3 66	0.0110552764
2 13 0	0.1304347826
8 1 49	0.0105263158
13 2 49	0.0061349693
6 0 67	0.3939393939
53 1 53	0.0125786164
6 2 49	0.0074404762
32 6 61	0.0206185567
47 8 49	0.0101010101
7 11 67	0.3750000000
2 52 49	0.0085836910
32 14 67	0.3571428571
1 6 18	0.0101010101
47 52 67	0.6666666667
52 0 67	0.3478260870
59 66 77	0.5000000000
78 47 47	0.1250000000
47 6 50	0.0343915344
78 14 67	0.2857142857
64 36 77	0.6956521739
59 14 69	0.1764705882
47 48 47	0.0526315789
13 13 69	0.2083333333
78 61 77	0.6153846154
3 52 69	0.2803030303
3 46 50	0.0625000000
59 50	0.0172413793
61 56 67	0.5238095238
2 77	0.1428571429
78 52 67	0.7142857143
3 46 67	0.5000000000
78 52 50	0.0503144654
32 13 69	0.1764705882
59 2 69	0.2571428571
52 53 47	0.1324503311
47 46 67	0.5882352941
52 50 47	0.1328671329
61 20 47	0.1156462585
59 47 69	0.1594202899
13 53 50	0.0769230769
59 11 47	0.0957446809
3 2 50	0.0888888889
59 69 48	0.3636363636
52 32 50	0.0211267606
61 56 69	0.3777777778
47 59 77	0.2820512821
49 60 47	0.0400000000
53 56 66	0.0128534704
3 13 10	0.0165745856
11 13 67	0.5294117647
54 3 69	0.2750000000
54 6 67	0.7837837838
52 3 0	0.1010101010
14 6 49	0.0121212121
67 1 69	0.2318840580
46 14 50	0.0217391304
52 59 10	0.0129310345
14 53 67	0.6666666667
7 49	0.0188679245
52 32 47	0.0720000000
60 3 53	0.0188679245
47 0 69	0.2121212121
1 57 49	0.0096463023
1 49 49	0.0055493896
3 8 66	0.0229007634
70 19 69	0.3076923077
4 52 61	0.0714285714
52 13 49	0.0020824656
47 52 49	0.0072847682
4 49 5	0.0393700787
14 49 5	0.0540540541
1 49 10	0.0268817204
49 21 47	0.0789473684
59 2 49	0.0235602094
2 59 77	0.3333333333
2 13 47	0.1049382716
70 18 77	0.3333333333
6 32 49	0.0017825312
67 23 10	0.0170940171
6 60 66	0.0085227273
11 6 47	0.1075949367
2 53 77	0.2857142857
47 60 66	0.0086206897
57 7 67	0.3750000000
52 46 61	0.0219780220
52 57 67	0.6129032258
1 54 67	0.5000000000
59 3 66	0.0204081633
11 4 69	0.3000000000
59 48 66	0.0195121951
46 52 67	0.5000000000
11 53 47	0.1153846154
4 7 67	0.3750000000
59 59 53	0.0295857988
46 61 5	0.0670391061
0 3 61	0.0196078431
20 50 67	0.1428571429
49 1 10	0.0142857143
49 6 61	0.0194174757
63 1 49	0.0150375940
59 52 53	0.0137614679
59 52 10	0.0142857143
49 61 5	0.0849056604
63 0 67	0.3548387097
20 7 66	0.0625000000
52 47 48	0.1315789474
47 3 77	0.3283582090
32 3 69	0.2622950820
3 31 67	0.1666666667
6 47 50	0.0362622036
77 50 47	0.0800000000
49 22 47	0.0545454545
77 6 69	0.2777777778
47 13 67	0.4827586207
49 7 77	0.3396226415
49 46 50	0.0615384615
49 56 69	0.3793103448
47 48 67	0.3809523810
53 64 52	0.0833333333
10 15 69	0.1578947368
52 54 47	0.1304347826
78 52 77	0.2727272727
61 7 50	0.0219298246
64 3 69	0.2631578947
53 3 67	0.6315789474
69 1 50	0.0579710145
59 10 77	0.4444444444
49 7 69	0.2685185185
75 18 67	0.6153846154
64 4 69	0.3793103448
59 59 47	0.0350000000
59 59 50	0.0213523132
52 10 77	0.7931034483
32 69 48	0.4166666667
47 54 69	0.3714285714
3 48 67	0.6388888889
32 2 67	0.3750000000
53 19 47	0.0843373494
1 6 69	0.3177570093
14 49 67	0.1428571429
49 19 67	0.4482758621
57 7 49	0.0169491525
46 6 18	0.0645161290
67 23 50	0.0423280423
67 20 47	0.0444444444
11 78 66	0.0172413793
10 5 48	0.0869565217
14 54 50	0.0188679245
57 47 67	0.5555555556
50 3 53	0.0156250000
11 3 53	0.0400000000
32 8 47	0.1000000000
14 6 61	0.0188679245
67 7 77	0.0588235294
8 14 66	0.0172413793
57 6 66	0.0183486239
1 61	0.0232558140
59 6 67	0.5000000000
11 52 47	0.0913978495
54 10 77	0.6153846154
6 50 67	0.4500000000
15 0 47	0.1031746032
54 1 77	0.4074074074
54 60 67	0.1428571429
60 32 50	0.1034482759
54 3 67	0.6666666667
7 6 50	0.0500000000
47 2 69	0.3243243243
6 2 69	0.3684210526
54 52 47	0.1134020619
60 11 50	0.0326086957
52 3 69	0.3217391304
54 52 69	0.3000000000
3 6 77	0.3000000000
48 59 47	0.0535714286
3 48 47	0.0796460177
52 2 77	0.3684210526
48 13 47	0.0754716981
78 13 67	0.4761904762
77 21 50	0.0350877193
47 7 50	0.0330188679
47 11 47	0.0797546012
1 2 49	0.0207612457
7 7 66	0.0168067227
47 49 5	0.0184757506
88 8 49	0.0555555556
8 66 5	0.0221238938
8 1 66	0.0112359551
7 1 61	0.0303030303
13 6 66	0.0076335878
49 7 67	0.6593406593
32 60 67	0.3333333333
6 10 5	0.0377358491
2 52 66	0.0147928994
47 11 67	0.4137931034
13 48 53	0.0198675497
57 6 61	0.0200000000
47 8 66	0.0168350168
7 6 49	0.0093708166
53 24 49	0.0194174757
49 56 53	0.0277777778
47 52 61	0.0112994350
59 8 66	0.0370370370
3 7 49	0.0087719298
13 49 61	0.0070754717
3 6 53	0.0114285714
6 3 0	0.0666666667
65 3 47	0.0759493671
52 60 77	0.1764705882
13 53 77	0.7692307692
32 3 77	0.3333333333
2 46 50	0.0487804878
50 10 77	0.3750000000
49 11 47	0.0833333333
69 1 77	0.5000000000
52 49 52	0.0090909091
6 64 52	0.0952380952
50 52 69	0.3559322034
10 82 52	0.0952380952
52 47 69	0.3191489362
13 52 47	0.0858369099
2 52 77	0.4117647059
47 52 47	0.0863930886
52 48 77	0.3928571429
1 59 47	0.0609318996
32 7 69	0.2000000000
54 1 69	0.3111111111
6 4 67	0.6666666667
4 7 50	0.0606060606
10 61 77	0.2857142857
54 11 47	0.1136363636
11 3 47	0.0850000000
68 52 67	0.3076923077
75 4 67	0.4615384615
47 47 47	0.0503597122
1 13 69	0.2361111111
13 78 69	0.2571428571
66 7 69	0.2647058824
53 2 69	0.3809523810
53 53 47	0.1190476190
67 23 47	0.1134751773
0 49 69	0.3235294118
60 4 67	0.5454545455
1 1 77	0.1923076923
50 21 47	0.1142857143
8 24 69	0.3076923077
6 14 69	0.2000000000
52 13 69	0.3040000000
66 7 67	0.6282051282
7 60 50	0.0618556701
6 13 77	0.4160000000
17 49 67	0.5714285714
17 20 67	0.1428571429
6 53 69	0.3043478261
0 53 47	0.0952380952
60 53 77	0.7368421053
7 7 50	0.0500000000
5 59 61	0.0338983051
51 59 61	0.0500000000
46 66 5	0.0580912863
63 53 49	0.0447761194
49 42 67	0.2222222222
5 49 49	0.0212765957
59 66 48	0.0476190476
59 49 10	0.0267558528
50 56 67	0.2000000000
5 59 53	0.0384615385
50 56 49	0.0109890110
46 1 67	0.5666666667
67 56 53	0.1212121212
49 78 66	0.0068965517
0 7 49	0.0097087379
50 7 49	0.0165745856
49 8 67	0.5294117647
49 60 66	0.0163934426
59 46 61	0.0309734513
49 78 53	0.0309734513
51 2 0	0.1000000000
61 3 50	0.0320512821
60 52 47	0.0918918919
47 4 67	0.6818181818
48 3 67	0.2500000000
3 70 52	0.0909090909
59 8 47	0.1052631579
3 47 47	0.1017699115
61 7 77	0.3500000000
3 13 47	0.0788732394
52 8 67	0.6904761905
48 49 50	0.0425531915
59 4 67	0.2857142857
48 13 69	0.2142857143
46 61 77	0.6410256410
48 57 47	0.1250000000
59 47 50	0.0236966825
59 59 69	0.2258064516
60 66 77	0.7058823529
52 59 67	0.6491228070
0 59 47	0.0975609756
0 70 52	0.1176470588
14 52 69	0.2692307692
66 7 77	0.3103448276
1 49 47	0.0902777778
6 54 47	0.0992366412
1 11 50	0.0260869565
3 13 69	0.2168674699
1 32 50	0.0109890110
46 52 61	0.0476190476
51 49 67	0.2222222222
0 56 53	0.1600000000
63 0 10	0.0540540541
59 49 53	0.0280373832
50 7 67	0.3333333333
50 5 5	0.1428571429
59 6 61	0.0238095238
63 0 66	0.0183150183
49 0 49	0.0091185410
49 14 66	0.0120967742
63 52 49	0.0384615385
67 20 67	0.3333333333
54 50 67	0.5000000000
66 19 67	0.4444444444
54 53 77	0.6666666667
6 32 47	0.0597014925
53 11 69	0.3000000000
54 59 67	0.5625000000
6 49 50	0.0476973684
52 13 77	0.3627450980
6 32 77	0.3888888889
13 49 66	0.0020746888
52 52 49	0.0038194444
8 6 49	0.0126782884
32 59 49	0.0040241449
88 6 66	0.0740740741
57 59 66	0.0116959064
32 7 66	0.0149253731
47 6 66	0.0067658999
47 13 10	0.0204081633
13 47 67	0.6666666667
2 8 49	0.0217391304
13 8 49	0.0152671756
59 14 61	0.0263157895
49 49 61	0.0254957507
3 3 0	0.0952380952
65 15 10	0.0400000000
2 3 61	0.0344827586
32 8 66	0.0416666667
49 13 66	0.0059760956
49 56 61	0.0308219178
53 8 49	0.0067114094
52 52 53	0.0091836735
57 54 49	0.0229007634
66 56 61	0.0132978723
47 54 66	0.0082304527
88 6 61	0.0454545455
66 56 49	0.0042016807
4 27 0	0.2666666667
3 3 67	0.4646464646
59 59 61	0.0116279070
47 47 67	0.4516129032
59 1 61	0.0161290323
53 5 48	0.0379746835
52 52 10	0.0086956522
53 47 47	0.0769230769
13 11 47	0.1136363636
53 54 50	0.0340909091
32 59 69	0.2857142857
49 20 50	0.0295250321
49 78 67	0.4750000000
68 7 50	0.0571428571
53 59 77	0.2272727273
1 78 67	0.5200000000
3 3 77	0.3018867925
53 49 67	0.4375000000
3 47 67	0.5208333333
8 60 67	0.5000000000
57 50 48	0.2083333333
73 49 53	0.1428571429
59 11 67	0.3500000000
49 70 18	0.0187969925
59 6 53	0.0262664165
20 6 49	0.0210526316
20 10 5	0.1428571429
20 53 49	0.0322580645
49 1 49	0.0065627564
49 0 67	0.4482758621
49 59 10	0.0241286863
5 48 0	0.2222222222
20 54 49	0.0204081633
63 3 61	0.0526315789
49 53 66	0.0119760479
59 52 61	0.0350877193
20 50 49	0.0555555556
73 50 67	0.2222222222
46 52 49	0.0293040293
53 3 50	0.0207100592
46 61 47	0.3255813953
47 14 47	0.1282051282
6 3 50	0.0217917676
47 49 67	0.5862068966
49 15 77	0.3676470588
69 4 69	0.3809523810
3 20 47	0.1304347826
75 52 47	0.1052631579
6 49 5	0.0148148148
52 3 53	0.0171673820
4 6 61	0.0181818182
6 6 18	0.0072992701
3 51 0	0.0628571429
49 48 53	0.0232558140
4 6 18	0.0186915888
52 49 49	0.0033039648
11 11 50	0.0315789474
4 6 67	0.7000000000
54 57 50	0.0320000000
59 3 47	0.0527577938
1 1 69	0.2051282051
54 78 49	0.0116279070
54 49 52	0.0112359551
11 6 77	0.3200000000
1 13 0	0.1343283582
66 2 5	0.0093457944
57 59 69	0.2812500000
66 75 52	0.0952380952
8 52 53	0.0300751880
1 54 69	0.2105263158
14 11 50	0.0625000000
6 4 69	0.3529411765
13 57 47	0.0919540230
11 49 5	0.0436681223
66 56 77	0.3035714286
46 38 61	0.0545454545
54 3 77	0.4516129032
1 14 61	0.0303030303
3 66 48	0.0487804878
47 6 53	0.0151515152
49 1 53	0.0155440415
2 13 10	0.0273972603
8 47 69	0.1578947368
1 49 50	0.0515021459
14 13 0	0.1052631579
1 52 53	0.0158013544
4 6 53	0.0240963855
57 8 49	0.0069444444
8 11 67	0.4166666667
1 13 10	0.0194805195
49 2 50	0.0819672131
6 13 50	0.0194647202
78 6 69	0.2972972973
14 52 67	0.7096774194
14 78 67	0.3750000000
53 56 77	0.2291666667
6 14 47	0.0797101449
77 6 50	0.0238095238
60 49 67	0.4705882353
59 2 77	0.2962962963
14 32 77	0.1250000000
69 1 69	0.2564102564
50 50 47	0.0909090909
65 3 69	0.1794871795
11 54 69	0.1818181818
49 32 50	0.0124223602
6 22 67	0.3636363636
2 1 67	0.4705882353
49 78 77	0.2820512821
78 59 77	0.2272727273
78 52 69	0.3461538462
2 52 69	0.2558139535
50 3 47	0.0533807829
49 24 67	0.4117647059
4 1 69	0.2307692308
49 47 48	0.0952380952
66 19 47	0.0508474576
49 46 67	0.5000000000
57 8 67	0.4782608696
50 11 69	0.2777777778
3 47 50	0.0366972477
1 8 67	0.4782608696
54 57 47	0.1122448980
2 6 77	0.2500000000
13 32 77	0.2631578947
78 59 69	0.3846153846
57 47 69	0.3076923077
1 48 47	0.0476190476
3 47 48	0.0943396226
57 6 67	0.6451612903
49 32 47	0.0426540284
14 78 47	0.0869565217
78 78 69	0.2142857143
3 53 47	0.1111111111
3 48 77	0.2413793103
32 59 50	0.0277777778
49 47 50	0.0247813411
13 13 67	0.5833333333
6 11 67	0.6666666667
52 48 47	0.0985915493
61 24 69	0.3076923077
61 19 47	0.0985915493
14 32 67	0.2857142857
61 19 69	0.3333333333
47 60 47	0.0864197531
3 69 48	0.4166666667
78 6 77	0.4000000000
32 47 48	0.1923076923
32 61 77	0.5833333333
10 5 77	0.5555555556
46 53 49	0.0322580645
49 14 49	0.0164473684
49 66 48	0.0270270270
73 1 53	0.1250000000
0 3 66	0.0224719101
59 6 49	0.0095636581
20 52 53	0.0555555556
59 6 10	0.0370370370
49 59 66	0.0109170306
20 1 49	0.0363636364
78 13 47	0.1034482759
13 52 50	0.0348837209
47 11 50	0.0322580645
48 64 52	0.0952380952
49 2 77	0.4146341463
78 59 67	0.6153846154
48 6 77	0.2727272727
59 6 77	0.2500000000
59 52 69	0.1923076923
52 78 77	0.3333333333
54 54 67	0.4000000000
6 2 67	0.6250000000
54 46 50	0.0819672131
15 3 77	0.2222222222
7 52 50	0.0312500000
47 4 47	0.1111111111
7 52 69	0.2258064516
15 0 77	0.3157894737
52 78 67	0.4827586207
6 7 47	0.0683760684
60 54 69	0.4090909091
67 3 61	0.1379310345
6 46 61	0.0118043845
66 7 66	0.0105421687
1 1 49	0.0062111801
47 57 66	0.0080862534
13 6 53	0.0251256281
11 1 53	0.0357142857
2 6 53	0.0253807107
47 2 10	0.0327868852
32 4 49	0.0151515152
47 53 5	0.0491071429
32 49 53	0.0312500000
47 49 49	0.0031545741
1 48 67	0.4000000000
13 6 49	0.0033195021
2 49 5	0.0204918033
11 3 0	0.1904761905
53 56 61	0.0262295082
32 11 66	0.0153846154
68 75 18	0.0256410256
53 20 49	0.0117130307
6 2 10	0.0277777778
32 1 67	0.4782608696
3 1 49	0.0021551724
6 1 61	0.0131004367
49 53 77	0.5084745763
54 6 50	0.0496894410
8 6 77	0.3666666667
46 70 18	0.0273972603
32 46 50	0.0444444444
59 48 47	0.0552147239
57 3 0	0.1276595745
4 6 47	0.1187500000
53 15 53	0.0532786885
49 49 50	0.0343511450
8 6 67	0.7241379310
1 61 77	0.6111111111
8 13 47	0.0800000000
32 50 69	0.1250000000
49 57 66	0.0182291667
63 53 66	0.0515463918
59 6 18	0.0303030303
51 59 53	0.0344827586
63 3 67	0.1000000000
0 4 67	0.4444444444
50 18 47	0.0852713178
53 14 50	0.0508474576
0 11 50	0.0555555556
7 3 69	0.3157894737
0 6 69	0.3600000000
0 32 47	0.0882352941
50 29 69	0.1500000000
7 1 77	0.2916666667
1 52 77	0.2307692308
0 47 50	0.0232558140
53 52 77	0.2571428571
0 52 69	0.2631578947
11 47 67	0.5909090909
8 6 18	0.0232558140
54 47 48	0.2666666667
7 8 67	0.4545454545
3 13 66	0.0086455331
8 47 66	0.0108695652
1 13 49	0.0035087719
6 49 53	0.0119521912
2 70 18	0.0186915888
8 47 67	0.5000000000
69 4 67	0.5000000000
49 22 49	0.0122699387
11 47 50	0.0233918129
7 54 69	0.1875000000
54 6 10	0.0438596491
13 1 10	0.0338983051
59 49 77	0.3801652893
11 52 69	0.2500000000
59 60 53	0.0666666667
6 78 53	0.0115830116
54 6 66	0.0125000000
54 48 67	0.4615384615
7 52 53	0.0112359551
47 3 69	0.2739726027
52 46 50	0.0804597701
47 3 67	0.5606060606
3 2 47	0.1486486486
59 2 67	0.4166666667
52 60 50	0.0500000000
59 46 67	0.3333333333
53 78 47	0.0740740741
52 49 67	0.6666666667
13 63 50	0.0695187166
78 66 77	0.5454545455
6 0 69	0.2352941176
70 20 67	0.3333333333
47 54 50	0.0354609929
1 13 77	0.3389830508
57 59 77	0.1904761905
13 10 77	0.5294117647
53 66 77	0.7647058824
57 6 47	0.0888888889
57 52 67	0.6857142857
65 7 67	0.4444444444
47 66 48	0.0314465409
49 48 66	0.0112359551
6 48 10	0.0104712042
52 54 69	0.3428571429
4 11 47	0.0909090909
11 10 77	0.4545454545
14 59 47	0.1000000000
50 3 69	0.2597402597
54 52 67	0.7837837838
57 4 47	0.1034482759
8 78 50	0.0303030303
11 52 10	0.0377358491
13 20 50	0.0634920635
59 49 50	0.0228571429
6 29 67	0.4444444444
64 3 47	0.0793650794
68 19 47	0.0526315789
63 1 10	0.0645161290
46 60 66	0.0281690141
50 3 10	0.0259740260
63 1 66	0.0327868852
14 13 77	0.2222222222
60 13 77	0.3953488372
49 47 47	0.0748663102
49 57 47	0.0932642487
61 56 50	0.0631578947
32 49 67	0.4117647059
14 53 77	0.7058823529
77 6 77	0.2500000000
59 49 69	0.1916666667
13 7 69	0.3076923077
59 49 47	0.0570175439
53 54 69	0.3913043478
54 11 50	0.0258620690
52 3 50	0.0037174721
66 22 47	0.0769230769
47 60 69	0.3666666667
60 0 47	0.1111111111
54 7 67	0.6470588235
52 11 69	0.3214285714
7 0 47	0.1485148515
53 3 77	0.3559322034
6 61 77	0.8000000000
0 47 69	0.2941176471
0 59 50	0.0392156863
60 11 69	0.2857142857
1 3 47	0.1015384615
60 0 67	0.2500000000
1 14 50	0.0222222222
0 57 67	0.3846153846
11 48 67	0.4705882353
13 50	0.0138888889
66 48 48	0.0120481928
1 52 61	0.0275862069
7 32 69	0.2000000000
7 49 18	0.0681818182
4 3 67	0.4444444444
49 57 77	0.1333333333
11 47 48	0.1818181818
59 60 10	0.0200000000
7 3 67	0.5217391304
46 1 10	0.0434782609
54 7 49	0.0103092784
10 3 66	0.0079681275
52 57 49	0.0061475410
49 1 69	0.2127659574
14 54 49	0.0212765957
78 13 77	0.4166666667
7 1 67	0.5675675676
11 78 69	0.1818181818
14 7 67	0.4444444444
8 53 77	0.6190476190
70 54 69	0.1818181818
8 52 69	0.2916666667
47 78 67	0.4074074074
61 5 77	0.7619047619
64 52 67	0.6315789474
13 48 47	0.0573248408
3 11 69	0.2413793103
32 13 47	0.0904255319
0 21 49	0.0222222222
20 6 53	0.0434782609
5 49 66	0.0237154150
46 53 5	0.1200000000
20 60 66	0.0416666667
49 8 66	0.0162601626
63 52 66	0.0416666667
49 53 49	0.0112781955
57 1 66	0.0109890110
52 27 0	0.0714285714
88 8 67	0.1428571429
47 14 66	0.0095846645
11 59 49	0.0097560976
8 60 49	0.0188679245
1 60 67	0.4545454545
68 19 49	0.0136363636
2 1 53	0.0519480519
47 6 61	0.0133928571
32 8 67	0.4090909091
53 49 10	0.0116279070
6 1 49	0.0040091638
66 4 67	0.1764705882
47 57 69	0.2352941176
52 4 69	0.3888888889
64 52 47	0.0909090909
47 49 50	0.0309278351
60 59 69	0.4242424242
59 14 67	0.5416666667
59 47 47	0.0622406639
11 49 49	0.0027700831
2 59 50	0.0152671756
10 75 52	0.1111111111
3 63 50	0.0557491289
70 3 69	0.3500000000
57 13 77	0.3250000000
49 15 53	0.0571428571
65 24 69	0.2000000000
7 57 69	0.2631578947
2 1 69	0.2000000000
57 53 67	0.3000000000
49 78 10	0.0396825397
52 50 49	0.0051413882
3 13 0	0.0864197531
1 50 66	0.0185185185
32 52 53	0.0142348754
6 49 18	0.0070921986
11 52 66	0.0214285714
47 48 49	0.0110497238
52 49 66	0.0035545024
47 52 53	0.0105448155
3 59 10	0.0141592920
52 1 53	0.0105540897
47 53 49	0.0183486239
49 7 49	0.0055134390
6 78 10	0.0142857143
57 3 66	0.0147058824
3 10 5	0.0655737705
3 48 53	0.0144230769
46 3 61	0.0476190476
3 53 5	0.0482456140
65 24 49	0.0194174757
46 14 67	0.3000000000
54 52 50	0.0147783251
54 1 67	0.6896551724
57 52 50	0.0331491713
68 7 47	0.0526315789
49 18 77	0.5294117647
13 11 67	0.5000000000
53 49 69	0.2325581395
2 6 67	0.7272727273
49 48 69	0.1739130435
52 59 50	0.0392857143
47 21 69	0.3200000000
54 4 67	0.3750000000
52 46 67	0.5833333333
78 2 47	0.1111111111
49 4 69	0.2291666667
2 49 50	0.0747663551
13 3 77	0.3000000000
52 60 47	0.0833333333
46 3 10	0.0677966102
46 3 53	0.0952380952
20 53 5	0.2000000000
63 6 53	0.0425531915
20 47 67	0.1666666667
73 50 66	0.0181818182
47 50 47	0.0714285714
48 59 77	0.2142857143
49 0 69	0.1562500000
6 11 77	0.3076923077
52 69 48	0.6153846154
48 49 67	0.4545454545
10 20 69	0.3125000000
48 6 47	0.1568627451
3 14 77	0.1904761905
49 14 67	0.4411764706
59 53 67	0.3333333333
50 57 47	0.0416666667
52 11 77	0.2500000000
50 14 67	0.5454545455
50 2 47	0.2380952381
8 1 77	0.2352941176
13 2 47	0.2083333333
1 2 67	0.4444444444
8 49 69	0.2000000000
8 2 69	0.2666666667
49 18 67	0.4285714286
10 7 77	0.2500000000
6 14 50	0.0469798658
32 59 67	0.6000000000
52 78 69	0.1914893617
78 59 47	0.0540540541
60 2 69	0.3793103448
69 31 67	0.4444444444
60 2 67	0.2857142857
77 6 67	0.5000000000
0 48 67	0.2222222222
66 2 77	0.5000000000
50 52 50	0.0241691843
50 18 77	0.5925925926
17 49 47	0.0939597315
53 50 47	0.1000000000
14 47 47	0.0857142857
10 7 66	0.0161725067
11 70 18	0.0225563910
60 78 47	0.1190476190
67 3 77	0.0769230769
7 49 67	0.3333333333
14 53 5	0.0800000000
47 66 5	0.0211019930
49 32 66	0.0080971660
49 88 69	0.2307692308
3 8 49	0.0083333333
49 2 61	0.1093750000
59 78 66	0.0122699387
49 17 67	0.1000000000
20 46 61	0.0555555556
73 1 49	0.0125000000
49 14 10	0.0338983051
0 21 0	0.1428571429
11 1 69	0.2777777778
6 11 47	0.1200000000
50 13 47	0.1081081081
54 47 47	0.0843373494
10 0 69	0.2307692308
8 47 47	0.0833333333
47 32 47	0.0786516854
50 8 47	0.1578947368
3 2 77	0.3333333333
60 57 67	0.4545454545
47 60 50	0.0354609929
52 31 47	0.0588235294
54 46 67	0.5000000000
6 8 47	0.1854304636
47 21 49	0.0091185410
59 50 66	0.0307692308
50 18 5	0.0150943396
69 1 67	0.6666666667
50 29 47	0.1525423729
11 52 50	0.0355029586
57 14 67	0.4117647059
32 50 48	0.1739130435
54 1 50	0.0320000000
7 49 77	0.3793103448
66 15 49	0.0064205457
50 52 49	0.0075872534
14 1 67	0.5555555556
11 52 77	0.2258064516
49 15 67	0.8000000000
49 59 77	0.1976744186
11 2 47	0.2380952381
57 52 77	0.2500000000
65 24 47	0.0303030303
1 57 67	0.5000000000
78 57 47	0.1666666667
2 6 47	0.1082474227
14 6 50	0.0465116279
11 13 77	0.3658536585
66 22 67	0.4285714286
8 53 67	0.4285714286
47 69 48	0.4615384615
61 56 47	0.1151079137
60 49 50	0.0588235294
3 50 69	0.1176470588
3 57 69	0.2222222222
14 69 48	0.2857142857
13 49 52	0.0034877927
32 3 50	0.0184049080
47 8 47	0.1360000000
49 11 69	0.2264150943
78 52 47	0.0810810811
49 53 50	0.0402298851
49 4 66	0.0077669903
8 53 5	0.0847457627
53 6 10	0.0161290323
66 7 49	0.0037397158
13 1 49	0.0054200542
65 3 10	0.0240963855
53 52 49	0.0040705563
88 47 49	0.0196078431
6 1 66	0.0066401062
49 15 49	0.0072727273
6 59 49	0.0040558810
8 66 0	0.1250000000
48 6 67	0.4444444444
48 13 67	0.3846153846
49 78 47	0.0717488789
77 1 67	0.6111111111
49 53 67	0.4285714286
48 52 47	0.0909090909
49 11 50	0.0247524752
48 78 69	0.2222222222
52 50 48	0.1379310345
61 7 47	0.0915492958
49 22 67	0.4000000000
49 56 50	0.0521739130
49 55 52	0.0740740741
63 66 5	0.0563380282
63 48 61	0.1428571429
5 59 66	0.0242424242
67 4 69	0.3809523810
66 15 47	0.0267857143
60 53 67	0.3750000000
53 59 69	0.2692307692
60 2 47	0.2600000000
54 64 52	0.0869565217
53 69 48	0.4444444444
59 48 69	0.2162162162
7 50 47	0.1071428571
6 70 18	0.0080428954
52 54 49	0.0080862534
1 64 52	0.0943396226
65 5 5	0.1063829787
11 6 49	0.0075614367
70 51 77	0.4444444444
60 78 66	0.0099009901
46 66 77	0.4285714286
65 3 67	0.4642857143
60 3 47	0.0853658537
6 49 48	0.0048859935
7 66 5	0.0253807107
0 3 69	0.2000000000
0 1 77	0.3157894737
0 3 47	0.0693069307
60 6 50	0.0338983051
53 53 67	0.3333333333
0 59 77	0.3500000000
53 2 50	0.1081081081
46 3 67	0.5909090909
6 78 77	0.4000000000
10 3 77	0.1250000000
13 64 52	0.0833333333
13 14 77	0.2142857143
14 59 67	0.2857142857
52 48 69	0.2000000000
52 57 77	0.2500000000
50 30 52	0.0833333333
7 3 77	0.2608695652
66 64 52	0.1238095238
53 4 69	0.3333333333
47 0 66	0.0174672489
57 78 69	0.2307692308
14 54 67	0.6000000000
70 19 67	0.3333333333
1 78 77	0.2800000000
8 3 69	0.1428571429
57 52 53	0.0184331797
46 6 53	0.0270270270
6 53 66	0.0085106383
1 1 10	0.0253164557
3 6 61	0.0176470588
11 11 47	0.1250000000
6 3 10	0.0147540984
57 3 47	0.1052631579
7 1 10	0.0083333333
7 3 0	0.0500000000
46 6 50	0.0217391304
54 13 10	0.0375000000
7 10 77	0.2500000000
8 8 47	0.1428571429
50 49 69	0.2380952381
2 13 77	0.3076923077
65 22 67	0.4444444444
8 32 47	0.0714285714
2 11 67	0.3636363636
78 11 69	0.2000000000
50 13 77	0.3333333333
64 24 50	0.0476190476
57 4 69	0.2142857143
50 2 69	0.3333333333
50 54 47	0.0980392157
8 57 69	0.2631578947
20 49 5	0.0930232558
59 3 61	0.0211267606
59 57 66	0.0158730159
73 49 10	0.0909090909
17 59 47	0.1090909091
0 54 50	0.0434782609
53 53 50	0.0588235294
14 52 77	0.3548387097
0 47 48	0.2000000000
0 57 47	0.1063829787
0 20 69	0.2000000000
60 3 67	0.4687500000
53 8 47	0.1538461538
68 19 67	0.4444444444
68 20 69	0.2500000000
3 1 66	0.0057803468
47 2 49	0.0061538462
32 54 67	0.3076923077
53 3 66	0.0058823529
6 60 49	0.0053859964
59 7 67	0.4375000000
6 54 49	0.0090293454
13 3 53	0.0111111111
1 13 53	0.0240384615
3 11 67	0.3636363636
3 3 66	0.0116279070
65 3 66	0.0218579235
88 13 0	0.2222222222
8 50 67	0.2222222222
32 3 0	0.1000000000
6 49 61	0.0114942529
6 0 49	0.0063492063
52 14 49	0.0109090909
88 14 67	0.1250000000
49 4 49	0.0075901328
52 0 0	0.0625000000
6 7 66	0.0033557047
32 32 67	0.5454545455
49 75 52	0.0733944954
32 52 50	0.0332103321
53 1 77	0.3333333333
60 49 69	0.2857142857
10 15 67	0.6111111111
54 13 50	0.0196078431
78 1 69	0.3076923077
11 1 67	0.6296296296
46 53 50	0.0344827586
59 53 69	0.1538461538
54 6 61	0.0224719101
66 82 18	0.0052770449
11 59 47	0.0814814815
7 57 47	0.0555555556
13 48 66	0.0243902439
60 8 67	0.5000000000
13 48 67	0.5172413793
14 49 77	0.5333333333
52 3 66	0.0050377834
8 53 47	0.0952380952
59 49 66	0.0084745763
50 20 67	0.1578947368
51 49 10	0.0555555556
59 47 49	0.0119047619
78 60 69	0.2500000000
64 29 67	0.6153846154
61 21 47	0.0625000000
48 3 47	0.1346153846
48 59 69	0.3333333333
48 57 77	0.1428571429
3 63 67	0.6666666667
2 3 69	0.2857142857
6 57 67	0.5581395349
3 50 48	0.0666666667
64 3 77	0.2608695652
59 57 77	0.2307692308
77 4 67	0.2857142857
57 50 47	0.0666666667
32 57 67	0.4782608696
66 15 67	0.6666666667
4 52 69	0.1666666667
59 49 52	0.0053380783
3 57 77	0.1818181818
59 53 77	0.6153846154
32 57 47	0.0740740741
75 3 47	0.0645161290
4 8 47	0.2121212121
50 6 67	0.5000000000
53 47 69	0.2692307692
11 1 77	0.2307692308
46 3 77	0.2432432432
1 2 50	0.1081081081
46 60 67	0.4000000000
59 7 47	0.0512820513
48 32 67	0.4444444444
48 47 47	0.1388888889
59 32 69	0.2121212121
47 48 69	0.1764705882
1 14 67	0.5882352941
0 3 77	0.3000000000
0 88 69	0.1428571429
0 54 69	0.3571428571
14 50 48	0.1000000000
0 53 77	0.6428571429
3 1 77	0.2903225806
61 75 52	0.0952380952
60 57 47	0.1025641026
10 7 69	0.2083333333
60 32 77	0.2857142857
10 3 69	0.2888888889
50 3 77	0.2812500000
11 59 50	0.0500000000
8 6 50	0.0318471338
65 75 52	0.0526315789
6 24 47	0.1224489796
65 15 69	0.2307692308
11 49 47	0.1284403670
78 59 50	0.0579710145
53 50 48	0.0909090909
49 13 50	0.0241691843
4 60 67	0.2857142857
2 11 66	0.0270270270
8 14 67	0.5454545455
1 3 53	0.0170648464
6 13 0	0.0769230769
11 6 53	0.0387096774
14 46 61	0.0508474576
13 32 69	0.3181818182
7 13 47	0.0606060606
54 13 66	0.0071942446
14 0 47	0.1276595745
6 61 5	0.0341463415
67 1 66	0.0052493438
7 49 53	0.0625000000
32 53 67	0.3000000000
3 66 5	0.0246913580
53 59 66	0.0081967213
1 7 66	0.0050761421
47 53 66	0.0216867470
32 53 5	0.0515463918
66 63 61	0.0333333333
11 11 66	0.0205128205
57 6 53	0.0284090909
10 5 5	0.0666666667
11 66 0	0.1052631579
68 19 66	0.0184049080
3 78 10	0.0161290323
32 6 10	0.0373134328
52 49 53	0.0073394495
13 49 48	0.0089820359
11 66 5	0.0297029703
32 14 66	0.0099009901
47 46 61	0.0253968254
52 2 10	0.0291262136
66 15 10	0.0132450331
32 13 0	0.1063829787
47 3 0	0.1309523810
52 53 5	0.0331325301
66 46 61	0.0666666667
47 13 50	0.0340136054
66 56 47	0.0853242321
15 0 50	0.0338983051
50 7 10	0.0666666667
0 7 66	0.0151515152
59 8 49	0.0229885057
51 49 49	0.0153846154
51 59 49	0.0097087379
1 59 53	0.0284552846
1 3 10	0.0327868852
2 66 5	0.0379746835
32 52 66	0.0116550117
1 2 61	0.0666666667
54 57 69	0.3235294118
60 11 49	0.0088105727
2 53 5	0.0740740741
14 1 10	0.0200000000
7 52 47	0.1052631579
11 14 66	0.0125000000
49 49 66	0.0070000000
73 1 61	0.0333333333
8 52 66	0.0157068063
13 57 66	0.0122699387
3 32 53	0.0169491525
32 49 66	0.0050000000
32 57 49	0.0161290323
13 49 10	0.0124481328
2 78 49	0.0200000000
32 14 49	0.0100000000
32 6 49	0.0117647059
4 1 53	0.0579710145
3 52 66	0.0108780109
53 6 53	0.0096153846
48 32 77	0.2500000000
52 14 69	0.1578947368
3 78 69	0.1250000000
13 1 50	0.0149253731
48 49 77	0.4166666667
59 14 47	0.0421052632
59 78 67	0.4814814815
59 57 47	0.0918367347
59 1 50	0.0204081633
48 47 67	0.3636363636
78 13 50	0.0540540541
3 50 67	0.3636363636
78 6 47	0.1532258065
13 2 69	0.3750000000
6 11 49	0.0015649452
8 66 48	0.0204081633
59 7 50	0.0224719101
6 48 50	0.0147601476
7 6 18	0.0251572327
52 47 66	0.0037002775
11 8 47	0.1451612903
67 31 5	0.0180505415
2 10 77	0.4545454545
54 49 10	0.0210526316
6 78 66	0.0031847134
11 64 52	0.1363636364
1 6 77	0.4000000000
0 6 47	0.1125000000
52 70 52	0.1632653061
6 57 77	0.3076923077
0 21 66	0.0400000000
59 11 49	0.0100000000
20 13 0	0.1538461538
20 49 18	0.0555555556
63 60 66	0.0277777778
49 1 61	0.0127388535
20 8 66	0.0625000000
46 2 61	0.1739130435
20 2 49	0.0312500000
49 11 49	0.0067681895
47 21 77	0.3809523810
54 13 67	0.5454545455
52 53 77	0.8775510204
54 14 67	0.5454545455
60 1 67	0.6071428571
0 15 53	0.1538461538
3 2 69	0.2903225806
67 1 77	0.5517241379
8 6 69	0.3148148148
52 47 50	0.0440917108
47 78 69	0.0740740741
53 6 77	0.3823529412
13 47 69	0.3265306122
54 53 50	0.0178571429
65 4 69	0.1111111111
60 13 67	0.5909090909
46 52 69	0.1851851852
57 49 77	0.4038461538
4 13 47	0.1081081081
49 78 50	0.0158730159
70 7 47	0.0784313725
57 10 77	0.3000000000
57 47 48	0.2500000000
64 30 52	0.0454545455
8 1 67	0.4666666667
52 32 66	0.0047846890
7 10 5	0.2307692308
52 3 10	0.0105633803
10 15 53	0.0561797753
70 52 66	0.0212765957
46 61 67	0.5833333333
4 6 49	0.0148148148
14 6 66	0.0114942529
11 52 53	0.0265486726
14 10 77	0.1666666667
20 54 66	0.0238095238
63 66 48	0.0714285714
20 6 66	0.0243902439
59 70 18	0.0178571429
54 57 66	0.0132158590
11 32 67	0.4444444444
59 48 50	0.0194174757
4 49 66	0.0149253731
7 8 47	0.1818181818
7 13 53	0.0689655172
67 3 67	0.3333333333
50 56 66	0.0178571429
51 51 0	0.1000000000
47 59 67	0.4482758621
78 49 52	0.0070921986
52 4 47	0.1463414634
14 3 69	0.3157894737
49 60 50	0.0180180180
50 52 66	0.0114566285
53 52 10	0.0087719298
8 53 66	0.0128205128
1 6 10	0.0318181818
13 52 66	0.0154185022
13 51 67	0.1428571429
52 61 5	0.0324675325
57 70 18	0.0160000000
88 57 67	0.1250000000
47 70 18	0.0124610592
13 49 53	0.0073917635
47 3 53	0.0299003322
1 10 5	0.0842105263
50 11 50	0.0555555556
46 52 77	0.2000000000
6 18 67	0.6315789474
13 57 69	0.1818181818
68 20 67	0.4736842105
1 50 67	0.3000000000
6 18 47	0.0990099010
60 11 67	0.4375000000
57 52 47	0.1036269430
60 49 5	0.0142857143
6 6 61	0.0062240664
46 61 66	0.0373831776
50 24 47	0.1351351351
1 6 66	0.0121580547
47 31 53	0.0178571429
52 8 49	0.0064935065
7 3 53	0.0352941176
52 88 69	0.2727272727
57 59 50	0.0361445783
4 2 50	0.0952380952
50 6 47	0.1060606061
50 59 67	0.2857142857
52 31 67	0.5000000000
8 60 50	0.0428571429
65 22 47	0.0779220779
6 22 47	0.0625000000
50 53 77	0.6428571429
66 49 47	0.0769230769
49 54 69	0.1851851852
49 49 52	0.0048721072
32 59 47	0.0714285714
3 11 47	0.0963855422
54 49 67	0.5555555556
60 53 69	0.3000000000
15 10 77	0.6153846154
10 3 50	0.0333333333
78 3 50	0.0280373832
61 7 69	0.3650793651
49 53 69	0.2424242424
78 78 77	0.3333333333
17 59 69	0.3235294118
6 2 77	0.4000000000
6 14 67	0.7073170732
17 49 50	0.0272727273
0 60 69	0.2000000000
0 11 47	0.0975609756
1 14 77	0.2000000000
53 57 47	0.0833333333
32 60 49	0.0151515152
13 10 5	0.0697674419
3 2 61	0.0232558140
1 60 49	0.0114942529
32 6 66	0.0166112957
6 59 10	0.0106382979
8 59 66	0.0181818182
4 66 5	0.0535714286
11 32 47	0.0625000000
66 24 66	0.0444444444
54 52 10	0.0210526316
6 59 53	0.0103448276
11 66 77	0.6666666667
67 3 47	0.0188679245
52 54 66	0.0104895105
0 64 52	0.0909090909
70 23 50	0.0625000000
50 23 77	0.2222222222
53 0 47	0.0666666667
6 1 50	0.0192307692
0 14 67	0.3750000000
1 8 69	0.0588235294
0 11 69	0.2941176471
1 78 47	0.0763358779
70 3 66	0.0327868852
7 49 49	0.0117647059
54 49 5	0.0207612457
4 2 47	0.1764705882
49 47 69	0.2222222222
52 59 53	0.0137741047
6 4 66	0.0050000000
4 13 69	0.2777777778
60 57 69	0.2941176471
1 14 10	0.0333333333
4 64 52	0.0500000000
57 78 67	0.5454545455
57 66 77	0.5000000000
52 78 47	0.0952380952
32 49 69	0.1777777778
2 47 69	0.2000000000
49 53 47	0.0925925926
77 23 67	0.4444444444
60 53 47	0.1363636364
54 11 67	0.6111111111
53 50 52	0.0086206897
60 0 69	0.1538461538
67 7 10	0.0975609756
49 0 52	0.0058139535
78 49 47	0.0982142857
49 60 67	0.3684210526
49 70 52	0.0933333333
3 11 50	0.0430107527
32 47 67	0.5416666667
49 60 49	0.0074257426
20 4 66	0.0588235294
59 54 49	0.0135135135
47 64 52	0.1142857143
59 7 69	0.1666666667
3 50 77	0.4444444444
77 1 77	0.4000000000
6 11 50	0.0242914980
3 32 50	0.0219780220
64 29 69	0.1600000000
49 0 50	0.0289855072
14 47 48	0.2857142857
13 54 47	0.1176470588
10 20 50	0.0346320346
8 2 50	0.0625000000
53 13 50	0.0394736842
49 29 77	0.5454545455
8 32 50	0.0444444444
13 4 67	0.2857142857
2 7 50	0.0454545455
57 32 69	0.1764705882
4 11 67	0.3750000000
68 20 47	0.0566037736
78 64 52	0.1212121212
53 32 67	0.2857142857
50 66 77	0.6153846154
75 36 77	0.5454545455
46 46 61	0.0483870968
49 14 61	0.0517241379
49 78 49	0.0030534351
59 11 66	0.0145631068
20 1 61	0.0625000000
75 24 50	0.0645161290
49 50 52	0.0042372881
59 48 77	0.0869565217
49 82 52	0.1149425287
52 13 50	0.0263157895
52 60 69	0.2307692308
59 32 67	0.5263157895
52 7 50	0.0472103004
13 2 77	0.3333333333
78 49 69	0.2580645161
59 1 69	0.1621621622
64 29 47	0.1558441558
47 7 69	0.1904761905
13 11 50	0.0202020202
60 59 47	0.0608695652
54 2 69	0.3809523810
60 47 48	0.2592592593
7 0 67	0.3928571429
46 7 50	0.0232558140
14 0 66	0.0105263158
60 52 53	0.0086956522
1 59 66	0.0058997050
70 5 77	0.4444444444
13 1 53	0.0341880342
11 46 67	0.4545454545
49 56 49	0.0032154341
57 50 49	0.0131578947
3 3 10	0.0161290323
59 57 67	0.4090909091
3 3 61	0.0080000000
64 29 5	0.0119047619
3 2 49	0.0062111801
8 49 53	0.0363636364
47 13 49	0.0034934498
52 53 49	0.0051020408
53 57 49	0.0042016807
66 5 67	0.1666666667
1 48 66	0.0289855072
11 54 47	0.1034482759
8 1 69	0.1176470588
11 50 47	0.0434782609
52 57 47	0.1288343558
49 4 47	0.0750000000
11 4 47	0.1176470588
49 1 50	0.0189393939
13 14 47	0.1081081081
59 14 77	0.1851851852
13 54 67	0.3333333333
61 64 52	0.0930232558
8 24 47	0.1379310345
0 50 69	0.0909090909
1 11 69	0.2580645161
50 31 67	0.2857142857
0 13 67	0.3333333333
14 53 50	0.0506329114
0 13 47	0.1147540984
60 3 69	0.3200000000
0 63 67	0.1666666667
0 47 67	0.3333333333
49 8 49	0.0075187970
59 11 69	0.1875000000
8 11 69	0.2105263158
4 1 67	0.4666666667
54 4 69	0.3000000000
60 6 49	0.0038610039
14 7 47	0.0833333333
4 53 49	0.0246913580
3 57 50	0.0229885057
8 57 66	0.0277777778
59 2 50	0.0810810811
13 66 77	0.5000000000
54 57 67	0.6000000000
57 13 49	0.0041265475
32 49 5	0.0290697674
53 48 66	0.0289855072
88 6 67	0.1000000000
3 13 49	0.0022857143
53 82 18	0.0232558140
57 7 66	0.0179640719
32 59 66	0.0093457944
66 5 5	0.0302375810
88 49 18	0.0555555556
53 47 66	0.0033670034
8 7 66	0.0151515152
1 59 61	0.0172413793
46 60 69	0.1428571429
53 56 49	0.0053475936
14 2 49	0.0243902439
57 6 18	0.0178571429
1 32 77	0.3043478261
7 13 69	0.1875000000
65 15 67	0.4375000000
46 6 77	0.2307692308
49 59 61	0.0244897959
63 6 67	0.1111111111
0 20 49	0.0196078431
50 1 69	0.2222222222
47 4 69	0.4146341463
60 32 69	0.2307692308
1 13 50	0.0308641975
0 57 50	0.0181818182
50 52 67	0.6923076923
48 52 50	0.0394736842
54 13 69	0.2978723404
49 5 5	0.0231092437
4 49 47	0.0821917808
32 11 67	0.5217391304
49 48 47	0.0567685590
53 75 18	0.0147058824
60 6 66	0.0058651026
4 78 67	0.2500000000
70 7 10	0.0270270270
49 22 69	0.2000000000
53 5 5	0.0615384615
14 46 67	0.1666666667
1 78 53	0.0229007634
57 78 49	0.0037878788
3 7 50	0.0270270270
13 48 77	0.1428571429
75 24 47	0.1333333333
32 6 50	0.0193548387
47 57 47	0.0858895706
78 2 69	0.2500000000
49 19 69	0.2777777778
52 0 69	0.1538461538
75 4 69	0.3076923077
65 3 50	0.0222222222
8 60 47	0.0800000000
53 14 47	0.1538461538
50 52 77	0.1428571429
65 22 69	0.1818181818
50 1 77	0.4285714286
50 54 69	0.3809523810
57 14 47	0.1153846154
4 3 47	0.1136363636
54 88 69	0.1428571429
47 54 47	0.0705882353
54 60 69	0.2000000000
7 47 48	0.3750000000
60 13 69	0.2857142857
69 21 77	0.3076923077
67 1 50	0.0484848485
53 2 77	0.2500000000
32 2 47	0.0666666667
50 32 69	0.3076923077
6 19 67	0.3636363636
67 1 10	0.0085470085
7 46 67	0.1428571429
1 54 47	0.0943396226
4 49 77	0.5555555556
2 8 47	0.1052631579
54 49 48	0.0067114094
6 57 66	0.0042105263
4 49 52	0.0157068063
60 60 47	0.1052631579
32 49 52	0.0075000000
60 52 77	0.2400000000
60 46 50	0.0535714286
13 14 67	0.6190476190
60 49 52	0.0103896104
20 4 49	0.0416666667
11 78 67	0.5238095238
47 49 18	0.0119760479
10 75 18	0.0256410256
8 13 0	0.1600000000
13 0 5	0.0526315789
57 54 67	0.3571428571
49 60 10	0.0250000000
3 52 53	0.0055401662
53 24 67	0.2727272727
59 14 53	0.0333333333
52 10 5	0.0410958904
3 2 0	0.1000000000
6 13 61	0.0038167939
32 53 49	0.0357142857
88 13 53	0.0588235294
1 4 49	0.0113636364
57 54 66	0.0277777778
78 78 47	0.1020408163
49 57 69	0.1568627451
6 78 69	0.1967213115
53 11 67	0.3529411765
7 1 50	0.0326797386
54 48 49	0.0215053763
1 3 66	0.0123456790
8 3 0	0.2105263158
7 11 69	0.1428571429
11 13 49	0.0054719562
6 6 10	0.0136798906
7 1 49	0.0077279753
54 13 49	0.0043668122
13 1 77	0.2000000000
13 3 0	0.0800000000
70 3 47	0.1093750000
1 7 50	0.0309278351
57 1 67	0.4444444444
11 11 69	0.2916666667
78 7 67	0.2857142857
65 55 52	0.0416666667
2 8 67	0.4285714286
1 50 69	0.0588235294
53 47 50	0.0273972603
75 3 69	0.1818181818
13 47 48	0.1428571429
32 70 52	0.1176470588
4 32 69	0.3076923077
11 11 67	0.5500000000
50 54 50	0.0344827586
59 2 61	0.0588235294
46 66 48	0.0666666667
49 0 66	0.0128755365
52 14 77	0.2592592593
48 59 67	0.4444444444
59 57 69	0.1290322581
13 53 47	0.1000000000
47 47 66	0.0035149385
32 50 67	0.2000000000
32 2 10	0.0833333333
3 61 5	0.0463576159
1 53 66	0.0117647059
57 6 49	0.0113636364
13 46 61	0.0078125000
1 49 18	0.0166666667
57 49 18	0.0178571429
57 60 67	0.1428571429
7 54 49	0.0143884892
47 49 48	0.0038910506
66 59 53	0.0238095238
47 7 49	0.0078431373
1 11 49	0.0032679739
20 57 66	0.0243902439
73 31 61	0.0555555556
59 14 66	0.0081300813
20 6 18	0.0256410256
0 6 77	0.2500000000
53 15 47	0.0329341317
0 66 77	0.7058823529
60 1 69	0.0869565217
50 24 69	0.3125000000
7 7 67	0.4000000000
11 32 69	0.3478260870
47 6 49	0.0055157198
11 47 49	0.0152905199
6 13 66	0.0032310178
4 8 67	0.5714285714
7 2 49	0.0352941176
7 57 67	0.1428571429
60 59 66	0.0060606061
60 50 48	0.1578947368
60 46 67	0.3750000000
52 11 50	0.0287081340
60 7 69	0.3846153846
7 0 50	0.0555555556
59 61 77	0.4000000000
61 19 50	0.0449438202
60 11 77	0.2222222222
2 6 50	0.0365853659
60 32 47	0.1562500000
50 32 50	0.0810810811
11 78 50	0.0263157895
66 49 67	0.3846153846
50 6 77	0.2857142857
1 59 50	0.0451977401
8 47 48	0.2000000000
50 69 48	0.3750000000
8 59 69	0.3125000000
49 54 50	0.0194174757
61 56 77	0.2380952381
67 64 52	0.0400000000
54 53 67	0.3571428571
2 50 69	0.1176470588
4 54 50	0.0434782609
54 6 53	0.0198019802
54 14 49	0.0208333333
46 52 10	0.0666666667
63 3 10	0.0689655172
6 60 77	0.1818181818
15 3 47	0.0833333333
53 48 77	0.2857142857
32 52 10	0.0153846154
88 3 0	0.2500000000
88 8 66	0.0666666667
3 13 61	0.0074074074
1 1 53	0.0275862069
32 57 66	0.0207253886
1 1 61	0.0266666667
57 66 5	0.0144927536
1 53 5	0.0470588235
6 47 49	0.0044964029
53 8 66	0.0066225166
32 49 18	0.0179640719
52 14 50	0.0252100840
53 59 47	0.0652173913
0 2 69	0.3076923077
0 1 69	0.3000000000
53 56 53	0.0310344828
65 15 53	0.0769230769
4 6 10	0.0322580645
1 2 77	0.3333333333
11 13 69	0.2093023256
59 48 10	0.0126582278
6 6 66	0.0047415837
1 53 69	0.2000000000
2 59 47	0.0597826087
1 50 48	0.1200000000
11 60 67	0.1428571429
50 32 47	0.1250000000
20 52 66	0.0384615385
63 6 49	0.0070422535
20 1 66	0.0384615385
78 60 47	0.0500000000
14 61 77	0.2857142857
53 24 69	0.2666666667
32 64 52	0.0400000000
8 78 49	0.0111111111
8 6 66	0.0160256410
46 60 50	0.0285714286
4 49 69	0.2916666667
54 59 53	0.0238095238
53 3 10	0.0239726027
54 66 5	0.0213414634
59 14 50	0.0208333333
13 2 67	0.4444444444
66 33 77	0.3750000000
60 7 49	0.0071428571
4 54 69	0.2222222222
65 3 77	0.2400000000
60 57 49	0.0168067227
70 52 69	0.2222222222
14 7 66	0.0114942529
1 52 50	0.0304449649
46 6 49	0.0087719298
51 20 67	0.1666666667
1 4 69	0.2500000000
50 23 50	0.0227272727
13 32 67	0.6153846154
50 24 50	0.0597014925
32 66 77	0.3000000000
1 78 50	0.0281690141
54 11 69	0.3225806452
66 7 50	0.0126582278
3 20 50	0.0571428571
8 47 50	0.0224719101
66 22 69	0.0952380952
50 50 67	0.1428571429
52 78 66	0.0035971223
11 49 50	0.0666666667
57 52 10	0.0095238095
14 14 47	0.1250000000
6 54 66	0.0113314448
4 57 67	0.1666666667
1 2 69	0.3461538462
2 47 67	0.4285714286
2 78 66	0.0294117647
4 53 77	0.3750000000
49 50 69	0.1071428571
78 49 50	0.0259740260
61 19 67	0.3684210526
49 61 67	0.1666666667
1 4 66	0.0142857143
6 3 53	0.0076335878
3 60 53	0.0350877193
49 7 10	0.0158730159
47 59 66	0.0125523013
13 13 0	0.1230769231
8 49 5	0.0551181102
13 11 66	0.0100502513
8 1 61	0.0270270270
6 22 49	0.0192307692
3 51 67	0.1818181818
68 5 5	0.1250000000
88 3 67	0.2222222222
52 14 61	0.0270270270
47 13 0	0.0612244898
7 57 66	0.0198019802
32 53 66	0.0454545455
3 7 66	0.0064516129
53 13 10	0.0131578947
32 10 5	0.0566037736
64 24 67	0.2727272727
8 4 49	0.0165289256
3 54 69	0.2631578947
48 78 67	0.3750000000
59 32 50	0.0156250000
61 3 77	0.3703703704
60 60 50	0.0196078431
53 60 67	0.3636363636
14 52 61	0.0312500000
60 52 49	0.0015384615
60 47 47	0.1363636364
11 6 67	0.7037037037
13 8 66	0.0185185185
7 66 48	0.0096153846
8 11 49	0.0141843972
4 49 49	0.0080645161
32 47 47	0.0810810811
57 50 67	0.3000000000
54 48 69	0.1818181818
4 47 47	0.0666666667
3 78 67	0.4117647059
73 6 10	0.0571428571
63 14 66	0.0384615385
49 78 69	0.1090909091
50 57 69	0.3571428571
11 60 47	0.0666666667
47 53 50	0.0560747664
11 49 69	0.2307692308
54 10 5	0.0408163265
4 52 66	0.0227272727
60 78 69	0.2500000000
2 52 10	0.0168539326
14 7 50	0.0625000000
4 13 49	0.0051020408
4 13 0	0.1333333333
14 66 5	0.0333333333
46 47 48	0.3000000000
70 20 47	0.1176470588
52 7 47	0.0882352941
52 57 50	0.0295566502
67 23 67	0.7619047619
13 70 52	0.1282051282
11 49 52	0.0092307692
57 57 47	0.0941176471
53 78 67	0.3125000000
53 4 47	0.1153846154
11 6 50	0.0104166667
66 56 50	0.0441988950
60 69 48	0.5000000000
32 2 77	0.2727272727
59 64 52	0.0677966102
13 1 67	0.5200000000
68 3 67	0.3529411765
13 8 47	0.1250000000
32 52 69	0.2549019608
47 78 47	0.0776699029
52 64 52	0.0875000000
49 0 0	0.0384615385
0 56 61	0.0526315789
52 1 50	0.0360000000
3 13 50	0.0206611570
14 54 47	0.1162790698
0 50 67	0.1428571429
53 15 49	0.0033003300
11 54 67	0.3636363636
6 47 66	0.0037257824
7 4 49	0.0425531915
7 59 69	0.1111111111
10 4 67	0.2142857143
6 13 10	0.0085227273
54 1 49	0.0018939394
1 32 53	0.0303030303
50 18 66	0.0084033613
8 50 48	0.0476190476
14 0 67	0.4000000000
6 59 66	0.0056497175
13 6 10	0.0258620690
47 66 0	0.0434782609
65 24 66	0.0263157895
6 53 49	0.0075000000
7 60 49	0.0160000000
57 13 61	0.0303030303
49 48 49	0.0039682540
53 78 66	0.0086956522
88 54 67	0.1428571429
66 55 18	0.0428571429
2 52 53	0.0072463768
52 0 66	0.0053475936
65 52 67	0.3076923077
8 4 66	0.0303030303
49 61 47	0.1428571429
59 78 69	0.1025641026
59 78 10	0.0243902439
49 32 49	0.0063091483
20 60 67	0.1428571429
20 52 67	0.1250000000
7 14 50	0.0303030303
52 0 47	0.1011235955
0 54 47	0.0714285714
50 23 67	0.4545454545
50 23 47	0.1063829787
53 54 67	0.4666666667
13 63 61	0.0136986301
2 57 49	0.0156250000
53 1 61	0.0116279070
57 59 53	0.0168067227
65 7 49	0.0045045045
32 32 77	0.2941176471
11 59 66	0.0175438596
54 3 0	0.1785714286
1 60 66	0.0377358491
60 3 0	0.0869565217
1 6 61	0.0127388535
70 7 67	0.3333333333
66 72 48	0.0500000000
3 54 50	0.0289855072
52 2 50	0.1176470588
48 6 50	0.0545454545
59 11 50	0.0185185185
60 64 52	0.1052631579
52 8 69	0.0714285714
54 14 47	0.1176470588
8 32 69	0.2000000000
50 54 67	0.3846153846
4 53 47	0.0833333333
66 59 67	0.3333333333
6 36 77	0.6666666667
1 69 48	0.5000000000
4 4 69	0.1666666667
11 52 49	0.0108695652
7 8 66	0.0677966102
4 66 0	0.1666666667
66 24 49	0.0333333333
8 6 10	0.0270270270
69 1 66	0.0036363636
3 20 67	0.4545454545
75 18 47	0.0983606557
78 11 47	0.1666666667
3 60 67	0.1250000000
14 54 66	0.0277777778
1 54 49	0.0182926829
8 13 49	0.0078431373
59 32 61	0.0136986301
46 1 69	0.1315789474
10 7 49	0.0103092784
52 13 53	0.0133333333
88 13 49	0.0157480315
7 2 10	0.1333333333
52 3 61	0.0119047619
8 46 50	0.0540540541
57 53 77	0.2142857143
65 20 67	0.4444444444
8 52 47	0.0518518519
8 11 47	0.0769230769
66 72 77	0.1666666667
48 13 50	0.0303030303
47 49 52	0.0051546392
3 8 69	0.0666666667
13 20 67	0.3333333333
77 21 77	0.3076923077
3 4 67	0.3000000000
52 7 69	0.3529411765
3 7 47	0.1000000000
49 60 69	0.1935483871
77 4 47	0.1176470588
3 57 47	0.1176470588
47 8 69	0.1034482759
50 34 52	0.0606060606
54 53 69	0.2222222222
14 52 47	0.0880000000
49 49 48	0.0045977011
59 42 67	0.1428571429
49 15 47	0.0341463415
4 57 69	0.3888888889
63 6 18	0.0555555556
53 52 50	0.0186915888
13 13 50	0.0340136054
8 11 50	0.0327868852
50 57 67	0.1666666667
50 59 69	0.2727272727
14 13 47	0.0882352941
0 7 47	0.0428571429
7 6 53	0.0098522167
7 49 69	0.2173913043
65 7 69	0.2432432432
54 47 69	0.3076923077
70 52 49	0.0200000000
11 42 67	0.1428571429
2 49 47	0.0850000000
67 31 49	0.0027397260
59 53 47	0.0666666667
3 5 67	0.2500000000
57 57 66	0.0148514851
64 24 66	0.0041666667
47 47 49	0.0047058824
88 6 10	0.0869565217
53 11 49	0.0038610039
66 7 10	0.0174672489
88 57 66	0.0740740741
88 49 5	0.0810810811
52 32 77	0.3125000000
46 52 47	0.0638297872
6 29 47	0.1463414634
53 32 47	0.0851063830
20 60 49	0.0333333333
3 14 61	0.0196078431
8 60 66	0.0178571429
3 2 10	0.0344827586
3 6 66	0.0080321285
59 1 53	0.0150375940
57 4 66	0.0235294118
88 6 53	0.0666666667
6 13 53	0.0055452865
73 50 49	0.0161290323
20 49 53	0.0555555556
73 31 53	0.0625000000
8 3 67	0.4666666667
66 56 53	0.0174825175
2 3 50	0.0149253731
3 7 67	0.4666666667
68 3 77	0.1818181818
50 8 67	0.3750000000
78 8 67	0.2857142857
6 32 50	0.0223463687
78 57 67	0.3636363636
49 15 69	0.3225806452
66 49 69	0.2105263158
52 7 66	0.0022371365
67 15 67	0.1111111111
46 6 47	0.0606060606
13 1 61	0.0357142857
2 3 77	0.2500000000
7 52 61	0.0468750000
47 23 53	0.0142857143
49 18 47	0.0923076923
54 69 48	0.3750000000
66 22 50	0.0449438202
53 57 50	0.0198019802
67 4 67	0.6153846154
52 4 67	0.5000000000
60 47 67	0.5882352941
20 52 49	0.0227272727
63 0 61	0.0243902439
1 6 49	0.0071713147
4 49 10	0.0612244898
67 23 49	0.0018761726
52 66 5	0.0152866242
54 49 50	0.0277777778
7 13 49	0.0057471264
88 70 18	0.0555555556
4 27 67	0.2500000000
68 3 10	0.0322580645
32 46 61	0.0241935484
7 50 49	0.0405405405
2 1 49	0.0070422535
6 32 53	0.0196078431
1 8 66	0.0131578947
57 52 66	0.0095238095
10 2 5	0.0322580645
68 24 67	0.1250000000
6 50 66	0.0069930070
47 31 61	0.0119047619
54 50 47	0.1346153846
11 1 61	0.0250000000
14 52 66	0.0204081633
14 3 61	0.0344827586
4 13 66	0.0192307692
57 3 53	0.0134228188
7 52 49	0.0092592593
60 8 69	0.2307692308
54 59 47	0.0930232558
3 88 69	0.2222222222
3 64 52	0.1126760563
11 59 69	0.2727272727
50 18 69	0.2000000000
53 50 67	0.3000000000
54 70 52	0.1379310345
54 54 69	0.3333333333
52 61 77	0.6363636364
6 8 69	0.0625000000
13 60 69	0.3000000000
0 57 69	0.2352941176
0 8 69	0.1000000000
78 47 50	0.0382165605
64 24 47	0.1052631579
51 59 10	0.0526315789
63 53 67	0.0833333333
0 10 77	0.4444444444
13 78 50	0.0344827586
64 52 69	0.3200000000
54 32 67	0.2857142857
47 53 69	0.3243243243
53 60 69	0.3125000000
7 46 61	0.0393700787
54 6 49	0.0085348506
59 48 49	0.0076775432
2 78 67	0.4285714286
88 59 66	0.0232558140
13 49 49	0.0021306818
59 14 10	0.0217391304
47 59 53	0.0163934426
47 11 49	0.0058479532
88 47 66	0.0232558140
32 54 66	0.0277777778
88 46 61	0.0476190476
53 24 66	0.0263157895
47 7 66	0.0045351474
48 49 47	0.0925925926
48 47 69	0.2307692308
48 32 69	0.2222222222
3 60 69	0.1333333333
59 54 47	0.0714285714
48 61 77	0.4444444444
65 20 69	0.1578947368
50 11 47	0.0697674419
13 4 47	0.1481481481
20 1 53	0.0555555556
20 59 10	0.1250000000
13 57 49	0.0075757576
8 59 53	0.0243902439
8 13 10	0.0294117647
7 64 52	0.0476190476
4 11 69	0.2142857143
8 34 18	0.0046511628
54 53 5	0.0206185567
47 3 61	0.0105263158
47 47 50	0.0215053763
60 54 50	0.0365853659
14 13 50	0.0400000000
48 47 50	0.0350877193
48 53 77	0.4444444444
3 60 47	0.0461538462
50 75 18	0.0256410256
7 2 69	0.1818181818
8 3 53	0.0344827586
2 59 49	0.0074074074
54 3 61	0.0120481928
2 10 5	0.0882352941
78 47 69	0.3448275862
3 78 47	0.0396039604
50 53 67	0.1250000000
65 5 77	0.4000000000
52 52 61	0.0115273775
13 3 66	0.0101010101
47 49 53	0.0172413793
2 6 10	0.0420168067
47 78 49	0.0069686411
47 49 61	0.0065359477
52 49 48	0.0051282051
65 22 66	0.0039840637
1 8 47	0.1428571429
1 4 67	0.2500000000
0 53 67	0.1250000000
3 1 50	0.0340909091
32 53 77	0.4375000000
47 2 50	0.0869565217
32 1 69	0.1290322581
88 11 67	0.1111111111
32 50 18	0.0053475936
65 3 53	0.0135135135
6 13 49	0.0011929615
10 3 53	0.0129032258
47 52 10	0.0163934426
57 60 49	0.0238095238
53 66 5	0.0084269663
6 50 52	0.0056980057
59 4 69	0.1818181818
3 7 69	0.0833333333
59 78 50	0.0140845070
8 50 52	0.0121951220
50 64 52	0.0476190476
8 2 47	0.2222222222
1 4 47	0.1250000000
65 52 47	0.0322580645
54 48 47	0.0645161290
60 47 50	0.0652173913
54 1 10	0.0126582278
14 50 18	0.0120481928
70 29 5	0.0909090909
4 60 49	0.0333333333
54 3 10	0.0238095238
6 66 0	0.0714285714
0 8 47	0.1724137931
53 55 52	0.0476190476
14 3 50	0.0232558140
4 1 77	0.3333333333
60 6 61	0.0078740157
70 3 77	0.2727272727
54 11 49	0.0109090909
11 1 50	0.0219780220
54 49 18	0.0178571429
2 13 69	0.1282051282
61 82 52	0.0714285714
59 53 50	0.0270270270
3 48 50	0.0214285714
48 78 47	0.0769230769
7 50 67	0.5000000000
53 59 49	0.0031152648
1 11 66	0.0044247788
53 1 10	0.0120481928
13 32 53	0.0606060606
52 17 67	0.1111111111
3 59 66	0.0051244510
46 14 66	0.0227272727
13 66 5	0.0257510730
53 13 77	0.3529411765
78 1 50	0.0689655172
8 13 67	0.3750000000
65 24 67	0.2727272727
0 3 10	0.0185185185
73 6 67	0.0833333333
20 3 67	0.1428571429
13 7 50	0.0138888889
4 6 66	0.0202702703
47 17 0	0.1200000000
52 8 66	0.0096774194
60 2 50	0.1034482759
0 52 47	0.1000000000
1 10 77	0.5789473684
6 88 69	0.2222222222
14 49 10	0.0384615385
49 82 18	0.0076530612
14 4 49	0.0400000000
8 24 50	0.0465116279
70 3 10	0.0555555556
54 13 0	0.1034482759
32 7 67	0.3571428571
57 1 69	0.1818181818
47 50 48	0.1509433962
10 64 52	0.1212121212
3 50 47	0.0857142857
49 32 77	0.2500000000
52 48 50	0.0185185185
60 13 50	0.0555555556
50 49 52	0.0066666667
8 59 47	0.0857142857
8 56 77	0.0909090909
54 13 53	0.0096153846
3 48 49	0.0022857143
8 52 50	0.0161290323
4 53 69	0.1538461538
54 50 69	0.0952380952
47 32 50	0.0322580645
57 8 66	0.0214285714
49 75 18	0.0028490028
7 54 66	0.0178571429
14 0 50	0.0377358491
0 49 52	0.0041322314
4 54 67	0.2857142857
60 54 66	0.0075187970
20 50 18	0.0555555556
17 49 77	0.3913043478
0 4 69	0.2500000000
50 1 50	0.0357142857
54 78 69	0.1111111111
4 1 61	0.0344827586
50 18 53	0.0084033613
4 6 50	0.0489510490
8 57 47	0.0512820513
59 7 49	0.0086956522
59 47 48	0.0508474576
60 61 77	0.3750000000
78 53 69	0.2222222222
68 3 47	0.0615384615
11 50 52	0.0106382979
14 1 77	0.3125000000
57 59 49	0.0081081081
65 15 49	0.0156250000
57 52 49	0.0045248869
3 48 66	0.0073800738
47 42 67	0.1428571429
6 14 66	0.0030030030
32 59 10	0.0188679245
13 51 0	0.0363636364
88 11 49	0.0392156863
47 32 67	0.4444444444
32 32 69	0.2380952381
3 54 67	0.2222222222
13 50 48	0.1481481481
3 4 69	0.2000000000
2 49 49	0.0036496350
8 2 10	0.0606060606
70 19 66	0.0126582278
3 6 18	0.0136986301
11 13 50	0.0322580645
54 1 61	0.0131578947
11 59 77	0.2222222222
14 50 49	0.0416666667
32 10 77	0.3000000000
77 4 69	0.2222222222
11 50 48	0.1818181818
57 50 69	0.1176470588
73 31 10	0.0625000000
13 61 5	0.0576923077
1 49 61	0.0206896552
65 15 77	0.2105263158
7 0 69	0.2333333333
70 55 52	0.0952380952
49 69 48	0.3157894737
8 49 50	0.0416666667
1 48 77	0.2857142857
57 47 47	0.0921052632
57 1 50	0.0112359551
1 50 47	0.0666666667
50 8 69	0.2222222222
50 14 50	0.0571428571
50 6 50	0.0483870968
13 78 77	0.3043478261
59 50 48	0.0952380952
50 21 77	0.2222222222
50 31 47	0.0909090909
13 48 49	0.0088339223
2 7 67	0.3636363636
14 57 69	0.3000000000
1 61 5	0.0462962963
59 78 77	0.2058823529
11 49 10	0.0461538462
60 8 66	0.0117647059
50 48 52	0.0312500000
54 50 52	0.0074074074
54 54 50	0.0400000000
53 32 69	0.3478260870
66 49 50	0.0166666667
48 78 77	0.1818181818
54 7 47	0.0750000000
14 1 49	0.0120967742
11 47 66	0.0151975684
49 14 69	0.1000000000
8 3 77	0.2307692308
7 11 47	0.0588235294
1 49 53	0.0179856115
2 3 66	0.0077821012
11 8 66	0.0247933884
11 6 66	0.0170454545
32 59 53	0.0126582278
11 1 10	0.0379746835
11 78 49	0.0136363636
59 32 49	0.0031347962
2 66 77	0.4285714286
11 7 50	0.0285714286
4 8 66	0.0375000000
7 3 47	0.0515463918
14 47 67	0.4545454545
10 21 47	0.0625000000
47 49 66	0.0054644809
2 49 53	0.0191082803
65 52 66	0.0289855072
11 6 10	0.0721649485
66 19 49	0.0184331797
63 3 0	0.1428571429
73 31 49	0.0204081633
73 1 10	0.0526315789
6 59 61	0.0070422535
57 66 48	0.0285714286
11 4 67	0.1666666667
53 78 69	0.1250000000
49 2 67	0.2857142857
53 50 69	0.0526315789
0 20 50	0.0298507463
50 21 69	0.2000000000
60 4 47	0.1388888889
53 32 50	0.0375000000
47 50 67	0.3500000000
59 70 52	0.0882352941
0 3 53	0.0111111111
63 52 67	0.1111111111
52 52 66	0.0037831021
46 53 77	0.2727272727
59 53 49	0.0294117647
1 52 10	0.0154639175
14 49 47	0.0588235294
1 60 77	0.0833333333
70 19 49	0.0107526882
8 78 67	0.4000000000
59 4 47	0.0909090909
49 36 77	0.5454545455
65 52 49	0.0215053763
32 13 49	0.0030181087
65 20 49	0.0058823529
0 6 50	0.0312500000
53 0 67	0.1250000000
14 78 77	0.2222222222
3 53 69	0.2142857143
49 54 47	0.0533333333
1 49 52	0.0079365079
57 6 50	0.0166666667
46 52 53	0.0294117647
60 53 5	0.0094339623
47 14 50	0.0434782609
57 78 50	0.0322580645
8 3 47	0.0545454545
13 5 0	0.0833333333
88 54 49	0.0555555556
53 2 5	0.0229885057
32 49 10	0.0312500000
3 52 10	0.0036900369
3 70 18	0.0153846154
8 50 18	0.0075757576
11 2 50	0.0952380952
70 5 5	0.0666666667
14 52 49	0.0152671756
47 31 5	0.0354609929
50 29 48	0.0166666667
14 2 77	0.1428571429
20 78 67	0.1666666667
17 20 69	0.1818181818
32 11 69	0.1666666667
57 53 69	0.1000000000
75 3 50	0.0952380952
32 48 69	0.1818181818
60 0 50	0.0243902439
0 7 50	0.0156250000
17 49 69	0.2121212121
0 8 67	0.4545454545
8 4 47	0.1034482759
7 47 67	0.4000000000
66 55 52	0.0888888889
60 57 66	0.0263157895
59 32 10	0.0454545455
8 57 49	0.0223880597
11 69 48	0.3750000000
57 48 47	0.0645161290
11 48 69	0.1428571429
53 8 69	0.1176470588
49 50 66	0.0136986301
47 0 49	0.0125000000
14 2 67	0.1666666667
50 29 67	0.5454545455
32 4 47	0.0909090909
7 13 0	0.1818181818
7 57 49	0.0172413793
0 52 50	0.0120481928
0 63 50	0.0666666667
61 24 47	0.0400000000
78 14 77	0.2000000000
75 52 69	0.2222222222
32 47 50	0.0261780105
8 46 61	0.0428571429
8 59 67	0.4444444444
54 1 53	0.0135135135
57 70 52	0.1282051282
53 14 67	0.6000000000
1 57 69	0.1612903226
54 59 50	0.0377358491
50 14 47	0.1904761905
60 78 77	0.1428571429
13 32 47	0.0400000000
47 59 10	0.0082644628
49 48 5	0.0240000000
3 52 61	0.0193548387
88 54 66	0.0666666667
7 66 0	0.2857142857
57 1 49	0.0068649886
14 59 10	0.0666666667
8 70 52	0.1333333333
70 23 47	0.1500000000
48 60 69	0.1428571429
47 13 66	0.0044052863
68 24 49	0.0555555556
52 27 67	0.0833333333
32 1 61	0.0363636364
32 42 67	0.1250000000
49 32 61	0.0160000000
1 53 67	0.3636363636
32 66 5	0.0361445783
20 49 10	0.0588235294
57 48 69	0.1818181818
68 20 49	0.0194805195
14 13 69	0.1666666667
70 7 69	0.2666666667
3 78 77	0.1612903226
46 3 69	0.1764705882
59 11 77	0.2307692308
60 2 77	0.3076923077
60 53 50	0.0714285714
88 52 49	0.0113636364
57 50 18	0.0048076923
6 22 66	0.0145985401
53 3 61	0.0058479532
32 54 49	0.0227272727
3 6 10	0.0103092784
32 50 49	0.0263157895
32 52 61	0.0215053763
49 24 50	0.0250000000
14 0 69	0.1875000000
47 50 52	0.0059880240
65 64 52	0.0400000000
70 15 69	0.2857142857
6 32 10	0.0206185567
60 11 66	0.0115606936
66 75 18	0.0053050398
14 6 10	0.0348837209
3 46 61	0.0108303249
49 5 48	0.0072992701
4 10 5	0.1333333333
66 21 49	0.0080000000
47 60 49	0.0090090090
59 1 77	0.2272727273
13 57 77	0.1111111111
7 32 47	0.0370370370
14 32 47	0.0454545455
8 14 47	0.1666666667
54 14 66	0.0088495575
14 2 47	0.0909090909
4 32 47	0.0454545455
4 60 66	0.0416666667
57 13 53	0.0194174757
2 59 53	0.0126582278
47 78 66	0.0088888889
3 54 49	0.0074074074
32 70 18	0.0178571429
32 60 69	0.2000000000
4 31 67	0.2500000000
70 54 50	0.0677966102
60 7 47	0.0909090909
15 56 47	0.1000000000
49 56 77	0.2121212121
78 2 67	0.4444444444
57 10 5	0.0571428571
8 66 67	0.1428571429
32 13 53	0.0140845070
50 53 47	0.0625000000
57 54 47	0.0652173913
32 1 77	0.2000000000
7 59 47	0.1111111111
75 4 47	0.0645161290
78 57 77	0.1428571429
60 59 50	0.0416666667
4 2 69	0.2727272727
75 18 69	0.1333333333
54 50 48	0.1578947368
10 0 67	0.4166666667
13 14 69	0.0769230769
48 49 69	0.2941176471
48 13 77	0.2727272727
8 7 47	0.0952380952
78 11 50	0.0952380952
78 1 67	0.4444444444
3 54 66	0.0087719298
32 13 66	0.0076923077
88 78 66	0.0188679245
13 47 66	0.0068965517
60 7 50	0.0121951220
52 14 66	0.0068493151
7 49 52	0.0136986301
46 50 48	0.1304347826
14 50 66	0.0666666667
8 6 61	0.0259740260
54 78 47	0.0937500000
1 59 49	0.0065645514
4 54 47	0.0588235294
70 19 47	0.0689655172
54 2 49	0.0105263158
47 31 67	0.6875000000
20 53 66	0.0400000000
46 1 77	0.1818181818
57 6 10	0.0256410256
11 3 10	0.0366972477
47 31 49	0.0042016807
14 49 69	0.2857142857
54 50 49	0.0075757576
54 47 66	0.0066666667
70 7 77	0.1538461538
88 59 49	0.0128205128
13 48 0	0.0909090909
0 60 47	0.0526315789
14 78 69	0.1111111111
59 54 50	0.0277777778
13 53 69	0.1428571429
6 50 69	0.1111111111
78 14 69	0.1428571429
8 50 47	0.0588235294
57 13 69	0.2142857143
2 46 67	0.2500000000
11 7 69	0.1666666667
47 57 50	0.0152284264
54 52 49	0.0078864353
47 21 53	0.0070921986
60 6 53	0.0086206897
54 49 49	0.0036968577
52 1 49	0.0015961692
6 50 49	0.0044052863
47 13 61	0.0194174757
0 15 49	0.0408163265
69 21 50	0.0350877193
6 19 47	0.0571428571
0 50 48	0.1000000000
0 14 47	0.1333333333
49 50 47	0.0750000000
49 19 50	0.0370370370
6 49 66	0.0041946309
53 15 10	0.0062240664
2 8 66	0.0294117647
53 49 5	0.0091324201
57 42 67	0.1250000000
2 11 69	0.1818181818
11 14 49	0.0163934426
4 46 67	0.1666666667
14 57 67	0.1666666667
66 15 53	0.0580645161
60 54 67	0.5000000000
14 50 47	0.0909090909
54 13 61	0.0212765957
1 46 50	0.0563380282
11 32 66	0.0083333333
60 59 53	0.0088495575
78 2 50	0.0952380952
66 15 69	0.1612903226
0 11 67	0.2222222222
0 7 69	0.0500000000
8 46 67	0.2500000000
8 4 69	0.3571428571
4 46 61	0.0714285714
60 13 53	0.0105263158
3 63 61	0.0138888889
7 4 69	0.1428571429
4 13 67	0.3636363636
15 3 67	0.1666666667
32 4 66	0.0161290323
4 1 10	0.0227272727
1 57 66	0.0135135135
10 10 77	0.2857142857
1 14 47	0.0923076923
7 47 69	0.0769230769
4 59 10	0.1250000000
88 78 67	0.1250000000
88 13 67	0.1428571429
1 3 61	0.0218978102
68 3 69	0.1176470588
49 14 50	0.0183486239
54 60 47	0.0526315789
50 13 67	0.2857142857
10 2 77	0.2500000000
65 20 47	0.0540540541
14 11 69	0.1250000000
50 21 50	0.0322580645
53 48 69	0.0909090909
49 20 49	0.0045214770
2 57 47	0.0754716981
14 32 50	0.0476190476
3 53 49	0.0121951220
65 15 47	0.0363636364
11 48 47	0.0454545455
60 78 49	0.0076335878
57 2 69	0.2105263158
1 32 49	0.0030674847
49 21 66	0.0153846154
48 60 67	0.1666666667
88 6 49	0.0340909091
53 48 49	0.0215053763
3 4 49	0.0104166667
4 31 49	0.0119047619
57 66 0	0.0666666667
0 2 50	0.0952380952
50 59 47	0.0526315789
50 60 47	0.0434782609
11 14 47	0.1212121212
54 59 49	0.0071684588
7 1 66	0.0094339623
1 32 10	0.0175438596
47 49 10	0.0166666667
59 50 49	0.0219780220
8 1 53	0.0172413793
66 22 66	0.0051546392
52 14 53	0.0062111801
32 13 61	0.0123456790
32 3 66	0.0036764706
8 49 47	0.0735294118
2 50 48	0.1818181818
11 13 10	0.0344827586
66 56 66	0.0086956522
59 60 67	0.2857142857
3 54 47	0.0512820513
7 0 49	0.0033898305
1 54 50	0.0144927536
60 60 67	0.2500000000
57 13 67	0.3684210526
65 52 69	0.0909090909
50 13 69	0.2142857143
8 24 67	0.4444444444
59 46 50	0.0526315789
47 11 66	0.0071599045
59 66 0	0.0714285714
47 13 53	0.0057803468
70 4 47	0.1000000000
14 1 53	0.0357142857
14 57 66	0.0243902439
2 49 52	0.0049019608
60 49 18	0.0101010101
14 49 18	0.0256410256
11 11 49	0.0161290323
8 60 69	0.1250000000
52 50 52	0.0026666667
50 2 50	0.0869565217
50 36 77	0.6875000000
53 70 52	0.1282051282
1 32 66	0.0074074074
7 49 47	0.0701754386
13 47 49	0.0083160083
11 6 61	0.0136986301
4 53 5	0.0975609756
52 49 61	0.0039370079
53 55 18	0.0322580645
11 1 49	0.0043103448
1 14 53	0.0285714286
0 78 47	0.0952380952
0 50 47	0.0666666667
53 60 50	0.0338983051
14 1 50	0.0172413793
77 23 47	0.1025641026
14 14 50	0.0476190476
14 70 52	0.0833333333
78 60 77	0.1000000000
54 7 69	0.1818181818
13 13 10	0.0229885057
11 13 61	0.0307692308
66 21 66	0.0153846154
1 66 0	0.1250000000
13 52 10	0.0084388186
1 70 18	0.0089285714
6 48 66	0.0107142857
54 48 66	0.0289855072
14 11 67	0.1666666667
14 57 47	0.0625000000
11 7 67	0.5625000000
17 20 47	0.0833333333
4 49 53	0.0615384615
53 47 49	0.0043859649
32 13 10	0.0288461538
32 3 10	0.0161290323
47 4 49	0.0028248588
49 57 50	0.0104166667
77 23 50	0.0392156863
54 49 66	0.0081967213
70 15 53	0.0666666667
7 14 47	0.1666666667
77 50 67	0.2222222222
53 24 47	0.0303030303
50 49 47	0.0923076923
50 36 5	0.0333333333
4 47 67	0.3750000000
54 42 67	0.1666666667
70 19 50	0.0487804878
60 59 10	0.0131578947
2 52 61	0.0111111111
7 50 18	0.0131578947
70 15 10	0.0256410256
4 53 67	0.5000000000
48 3 50	0.0322580645
49 66 0	0.0416666667
0 47 47	0.0465116279
53 49 50	0.0392156863
2 78 47	0.0952380952
50 13 50	0.0689655172
57 57 50	0.0093457944
78 60 67	0.2857142857
13 60 67	0.2857142857
7 6 66	0.0116618076
70 3 53	0.0156250000
10 48 77	0.2857142857
57 53 66	0.0227272727
53 48 47	0.0322580645
57 13 10	0.0116279070
52 13 61	0.0099009901
52 11 49	0.0037037037
60 2 10	0.0204081633
77 49 69	0.1666666667
14 0 49	0.0076923077
54 57 49	0.0108695652
52 59 66	0.0019342360
1 60 50	0.0277777778
2 49 48	0.0116959064
8 59 50	0.0322580645
53 82 52	0.0833333333
57 7 69	0.2500000000
2 66 0	0.1428571429
69 1 53	0.0076923077
66 22 49	0.0055555556
32 66 0	0.1333333333
6 66 67	0.1250000000
32 47 66	0.0055401662
2 1 61	0.0338983051
2 59 66	0.0123966942
13 70 18	0.0160000000
2 11 49	0.0192307692
6 2 61	0.0266666667
64 36 5	0.0064516129
8 59 10	0.0645161290
0 53 50	0.0500000000
46 3 47	0.0481927711
7 13 77	0.1111111111
54 46 61	0.0190476190
4 57 49	0.0102040816
60 54 49	0.0062500000
32 6 18	0.0267857143
11 14 67	0.4545454545
2 3 0	0.1578947368
52 57 66	0.0083102493
11 10 5	0.0652173913
54 70 18	0.0202020202
14 57 50	0.0357142857
0 50 52	0.0185185185
0 69 48	0.2857142857
4 66 48	0.0263157895
10 7 50	0.0116959064
2 49 61	0.0076923077
8 8 69	0.1250000000
3 11 77	0.1818181818
61 20 50	0.0246305419
13 88 69	0.1428571429
32 13 50	0.0212765957
64 24 49	0.0058479532
32 7 49	0.0117647059
10 20 49	0.0145348837
88 14 66	0.0384615385
52 2 49	0.0039292731
70 52 47	0.0625000000
4 3 69	0.1538461538
57 49 52	0.0119047619
69 1 49	0.0028985507
7 57 50	0.0298507463
54 47 50	0.0212765957
57 46 50	0.0333333333
14 52 53	0.0147058824
70 36 77	0.2857142857
1 46 67	0.3636363636
0 54 67	0.2500000000
59 3 50	0.0095541401
14 11 47	0.0666666667
8 14 49	0.0208333333
59 7 66	0.0057142857
52 13 10	0.0141342756
64 52 66	0.0044843049
53 21 47	0.0625000000
13 4 69	0.3076923077
14 2 69	0.1428571429
11 48 49	0.0291970803
7 66 67	0.2857142857
49 66 67	0.1428571429
52 78 53	0.0055248619
70 29 77	0.2857142857
4 31 61	0.0400000000
2 47 49	0.0142857143
49 60 77	0.1000000000
52 60 66	0.0090090090
4 66 67	0.1666666667
53 11 66	0.0047169811
3 1 61	0.0121951220
65 22 49	0.0048780488
8 78 47	0.0625000000
14 66 0	0.1666666667
66 21 47	0.0789473684
68 7 10	0.0344827586
47 14 49	0.0082644628
57 53 49	0.0178571429
61 55 52	0.0769230769
70 52 67	0.2857142857
1 53 47	0.0975609756
7 54 47	0.0714285714
1 11 77	0.1250000000
53 1 50	0.0183486239
20 13 53	0.0833333333
68 4 69	0.2222222222
13 54 69	0.2307692308
8 7 69	0.2500000000
14 46 50	0.0833333333
6 17 67	0.1250000000
1 3 50	0.0148514851
2 47 48	0.1818181818
50 47 50	0.0370370370
17 20 50	0.0357142857
49 14 77	0.1666666667
78 8 47	0.1333333333
6 24 50	0.0519480519
88 11 66	0.0526315789
13 66 0	0.1333333333
54 49 53	0.0238095238
14 66 48	0.0491803279
1 88 69	0.2222222222
59 60 47	0.0461538462
66 24 47	0.0476190476
4 54 66	0.0238095238
57 57 49	0.0115384615
57 66 67	0.1666666667
57 46 61	0.0258620690
3 47 49	0.0016447368
48 69 48	0.2857142857
59 50 69	0.0555555556
54 3 66	0.0100000000
54 6 18	0.0129870130
6 57 49	0.0031695721
7 78 67	0.3750000000
66 3 10	0.0123762376
32 60 66	0.0416666667
67 56 67	0.1111111111
7 46 50	0.0526315789
14 13 53	0.0400000000
52 49 10	0.0054644809
47 23 66	0.0083682008
60 59 49	0.0022271715
46 7 67	0.1428571429
54 78 66	0.0148148148
3 48 0	0.0666666667
1 78 10	0.0136986301
67 56 47	0.0344827586
60 32 67	0.2857142857
48 52 69	0.2500000000
67 51 77	0.2000000000
6 18 69	0.0952380952
13 2 50	0.0952380952
1 78 49	0.0026385224
47 4 66	0.0023866348
88 53 5	0.0714285714
4 31 47	0.0645161290
88 6 18	0.0555555556
8 2 49	0.0097087379
60 57 77	0.2222222222
10 0 50	0.0312500000
32 54 47	0.0571428571
70 7 50	0.0606060606
8 7 50	0.0416666667
1 14 69	0.0769230769
60 6 18	0.0322580645
4 49 50	0.0222222222
88 3 66	0.0357142857
6 48 49	0.0054390054
70 18 67	0.3750000000
13 11 77	0.1111111111
49 50 18	0.0030674847
47 50 66	0.0058139535
11 53 69	0.1818181818
32 3 61	0.0129870130
0 78 67	0.2222222222
8 10 77	0.2500000000
3 48 10	0.0090090090
8 70 18	0.0322580645
1 48 53	0.0161290323
54 66 0	0.0714285714
52 7 49	0.0049751244
10 61 67	0.1666666667
13 46 50	0.0582524272
52 70 18	0.0066225166
60 13 61	0.0114942529
4 46 50	0.0833333333
6 4 49	0.0053835801
49 48 50	0.0075187970
88 7 49	0.0434782609
57 49 10	0.0259740260
57 4 49	0.0200000000
68 55 18	0.0555555556
32 49 49	0.0045351474
1 14 49	0.0069930070
49 15 10	0.0107913669
2 49 10	0.0172413793
14 4 66	0.0588235294
4 49 67	0.3636363636
49 50 49	0.0084033613
8 49 18	0.0454545455
57 1 61	0.0307692308
32 48 47	0.0645161290
50 7 69	0.0645161290
52 1 10	0.0091743119
53 19 49	0.0037878788
59 1 10	0.0144927536
1 1 50	0.0283018868
70 75 52	0.1052631579
78 69 48	0.3750000000
66 46 67	0.0833333333
4 3 77	0.3333333333
47 54 49	0.0068728522
3 14 49	0.0068027211
13 11 49	0.0065789474
7 8 49	0.0243902439
52 47 49	0.0044101433
17 46 50	0.0588235294
1 7 69	0.2307692308
14 64 52	0.0714285714
88 3 53	0.0714285714
65 75 18	0.0136986301
14 59 69	0.2727272727
50 59 77	0.2222222222
13 7 47	0.0512820513
32 46 67	0.2500000000
57 1 77	0.2083333333
3 4 66	0.0158730159
52 1 61	0.0049261084
8 8 66	0.0350877193
6 66 48	0.0145631068
53 49 48	0.0076335878
75 3 77	0.1818181818
1 66 48	0.0222222222
20 50 66	0.0666666667
11 54 66	0.0161290323
4 49 18	0.0454545455
52 50 66	0.0062111801
3 53 67	0.3000000000
60 46 61	0.0075187970
1 13 61	0.0163934426
4 57 50	0.0500000000
3 0 77	0.1666666667
53 59 50	0.0333333333
17 46 67	0.1666666667
7 70 52	0.0555555556
88 14 49	0.0303030303
88 78 49	0.0156250000
13 3 61	0.0178571429
8 8 67	0.4000000000
14 8 66	0.0625000000
2 1 77	0.2000000000
6 60 10	0.0090909091
2 3 53	0.0106951872
8 52 10	0.0142857143
52 59 61	0.0056497175
2 78 77	0.1428571429
7 3 10	0.0357142857
70 64 52	0.1052631579
2 1 10	0.0454545455
88 13 10	0.0555555556
3 50 52	0.0095238095
8 8 49	0.0285714286
13 60 53	0.0571428571
51 49 53	0.0303030303
88 52 53	0.0645161290
52 60 49	0.0055710306
64 52 49	0.0036764706
59 49 48	0.0096774194
6 29 69	0.1333333333
11 3 61	0.0280373832
54 53 49	0.0084033613
32 49 47	0.0551724138
14 53 49	0.0147058824
2 47 50	0.0123456790
6 8 66	0.0085470085
0 14 50	0.0434782609
0 48 47	0.0555555556
75 24 69	0.2222222222
11 49 48	0.0143884892
66 63 67	0.1428571429
48 32 47	0.0370370370
3 4 47	0.0476190476
77 49 67	0.1666666667
13 32 50	0.0208333333
2 32 69	0.1818181818
48 60 77	0.1250000000
1 54 66	0.0229007634
7 32 50	0.0222222222
8 57 50	0.0142857143
4 8 49	0.0163934426
11 7 47	0.0666666667
78 46 67	0.2857142857
6 50 18	0.0021276596
14 53 69	0.2500000000
14 66 67	0.1666666667
6 0 66	0.0093023256
57 60 66	0.0303030303
13 13 49	0.0006578947
52 32 53	0.0094339623
6 8 49	0.0028011204
52 11 66	0.0050251256
66 3 61	0.0111940299
52 13 66	0.0024449878
60 13 49	0.0034965035
49 48 10	0.0088495575
3 60 10	0.0243902439
57 2 50	0.0476190476
57 7 50	0.0357142857
32 8 49	0.0230769231
1 50 49	0.0131578947
14 47 49	0.0136986301
7 52 66	0.0148698885
32 48 49	0.0215053763
7 2 47	0.1428571429
8 13 50	0.0344827586
14 6 53	0.0266666667
4 2 10	0.0625000000
65 7 66	0.0098522167
20 54 67	0.1428571429
1 59 10	0.0117647059
1 8 49	0.0061728395
78 7 47	0.1333333333
46 1 50	0.0117647059
66 72 5	0.0714285714
70 4 67	0.1666666667
3 32 10	0.0138888889
47 48 66	0.0150375940
14 49 52	0.0153846154
14 47 69	0.0909090909
54 66 48	0.0161290323
61 24 67	0.2500000000
68 52 47	0.0645161290
57 53 47	0.0384615385
60 7 66	0.0062893082
6 7 49	0.0034246575
54 47 49	0.0082644628
46 52 50	0.0202020202
54 59 10	0.0172413793
54 53 66	0.0103092784
8 53 49	0.0098039216
52 32 49	0.0025906736
8 64 52	0.0526315789
32 57 69	0.0769230769
78 46 50	0.1052631579
14 47 66	0.0114942529
47 21 10	0.0204081633
4 4 66	0.0588235294
53 0 69	0.1250000000
7 49 66	0.0138888889
46 60 47	0.0666666667
4 52 49	0.0128205128
0 0 77	0.1666666667
47 50 49	0.0040485830
10 7 10	0.0101010101
7 11 50	0.0256410256
7 13 67	0.3750000000
66 48 5	0.0115606936
66 24 69	0.1818181818
14 2 10	0.1111111111
52 50 69	0.0666666667
46 70 52	0.0526315789
78 53 47	0.1333333333
53 2 49	0.0060606061
32 66 48	0.0344827586
4 60 47	0.0666666667
8 52 61	0.0281690141
8 42 67	0.1666666667
53 49 53	0.0090909091
48 11 47	0.1250000000
57 50 66	0.0185185185
32 66 67	0.1666666667
70 15 67	0.2857142857
6 1 10	0.0071428571
1 66 67	0.1666666667
88 59 53	0.0370370370
88 7 66	0.0588235294
57 46 67	0.2222222222
47 0 50	0.0307692308
57 2 10	0.1071428571
2 3 10	0.0192307692
68 15 10	0.0454545455
4 7 47	0.1111111111
4 3 53	0.0285714286
65 51 77	0.2222222222
52 49 18	0.0071684588
47 31 69	0.0526315789
65 7 50	0.0194174757
1 78 66	0.0061349693
11 49 53	0.0459770115
13 54 50	0.0250000000
59 8 69	0.0555555556
10 0 77	0.2222222222
47 21 61	0.0163934426
7 4 67	0.1428571429
8 13 69	0.1666666667
50 49 67	0.3000000000
67 15 77	0.0769230769
4 11 50	0.0250000000
7 4 66	0.0689655172
53 66 0	0.0714285714
70 36 5	0.0370370370
88 2 10	0.1250000000
49 21 49	0.0080000000
66 24 67	0.3750000000
32 7 50	0.0294117647
60 8 49	0.0133333333
70 18 47	0.0800000000
14 14 67	0.2857142857
11 53 67	0.1250000000
61 48 77	0.2857142857
59 57 50	0.0103092784
1 49 66	0.0022075055
3 32 49	0.0025641026
53 88 69	0.1428571429
10 3 10	0.0312500000
8 13 61	0.0285714286
1 60 53	0.0181818182
15 56 67	0.1666666667
88 13 61	0.0555555556
57 49 67	0.3333333333
53 52 66	0.0083333333
4 57 47	0.0882352941
60 47 66	0.0038610039
3 53 66	0.0135135135
14 17 0	0.1538461538
78 47 48	0.0476190476
14 10 5	0.0666666667
6 48 61	0.0086956522
11 54 50	0.0322580645
11 46 61	0.0263157895
14 8 67	0.1666666667
13 50 69	0.0714285714
7 13 66	0.0238095238
13 78 53	0.0152671756
78 88 69	0.2222222222
1 60 47	0.0350877193
48 11 77	0.1428571429
13 13 66	0.0039370079
3 14 47	0.0307692308
57 47 50	0.0225563910
11 8 49	0.0202702703
54 32 50	0.0227272727
32 2 69	0.1333333333
4 69 48	0.1666666667
11 49 18	0.0093457944
57 14 49	0.0096153846
57 1 53	0.0076335878
3 47 66	0.0012722646
2 59 61	0.0192307692
54 59 66	0.0181818182
60 13 0	0.1333333333
4 7 66	0.0178571429
53 70 18	0.0080000000
7 17 67	0.0909090909
3 50 49	0.0116279070
14 32 69	0.3000000000
67 7 67	0.1111111111
47 21 66	0.0135746606
32 14 77	0.1428571429
4 3 10	0.0500000000
6 17 0	0.0344827586
3 60 77	0.1333333333
50 24 67	0.1428571429
14 0 0	0.1000000000
4 32 50	0.0270270270
11 6 18	0.0153846154
70 22 67	0.1428571429
4 31 10	0.0384615385
8 50 49	0.0227272727
11 32 49	0.0064102564
66 79 61	0.0500000000
67 1 49	0.0015503876
50 57 50	0.0227272727
49 11 77	0.1333333333
32 1 66	0.0062111801
4 53 66	0.0317460317
52 1 66	0.0018939394
48 60 47	0.0833333333
14 57 49	0.0208333333
52 78 49	0.0020283976
11 32 50	0.0120481928
10 33 77	0.1666666667
14 6 18	0.0192307692
8 34 52	0.0222222222
4 4 67	0.1666666667
53 52 53	0.0039682540
8 47 49	0.0139860140
6 14 49	0.0039215686
78 11 77	0.1428571429
10 61 47	0.1428571429
10 15 49	0.0055555556
8 3 66	0.0166666667
54 2 10	0.0294117647
60 60 77	0.2222222222
60 49 53	0.0081300813
7 0 0	0.0625000000
66 63 50	0.0333333333
54 14 50	0.0232558140
53 22 67	0.1428571429
65 7 10	0.0333333333
88 52 10	0.0500000000
32 47 49	0.0056980057
54 54 49	0.0095238095
8 49 52	0.0117647059
54 50 66	0.0104166667
6 0 0	0.0625000000
6 14 61	0.0129870130
1 1 66	0.0046948357
60 70 18	0.0120481928
14 4 67	0.1666666667
57 2 49	0.0065359477
4 1 66	0.0106382979
7 69 48	0.1428571429
52 42 67	0.1111111111
7 2 50	0.0769230769
67 31 61	0.0080000000
4 59 47	0.1428571429
68 15 53	0.1000000000
3 14 66	0.0109890110
14 1 66	0.0173913043
3 14 69	0.1818181818
60 78 50	0.0408163265
57 49 61	0.0163934426
8 24 66	0.0123456790
32 49 48	0.0085470085
14 49 53	0.0322580645
57 47 66	0.0036231884
68 7 69	0.1428571429
6 3 61	0.0028328612
6 11 66	0.0020576132
11 7 66	0.0064516129
32 48 66	0.0289855072
14 8 47	0.1428571429
1 53 50	0.0454545455
4 31 53	0.0370370370
67 23 53	0.0067114094
13 8 69	0.0666666667
88 57 49	0.0555555556
7 59 10	0.1818181818
50 18 49	0.0041067762
6 24 67	0.2222222222
11 59 61	0.0181818182
4 13 53	0.0312500000
4 59 69	0.1428571429
3 14 50	0.0243902439
1 53 49	0.0103092784
59 1 49	0.0022172949
60 42 67	0.1428571429
70 75 18	0.0136986301
1 48 69	0.0666666667
7 7 47	0.0625000000
1 57 77	0.1250000000
0 60 67	0.1428571429
14 3 77	0.2307692308
57 52 61	0.0140845070
50 29 5	0.0094339623
6 78 49	0.0013698630
52 59 49	0.0014566642
53 59 53	0.0106382979
68 3 66	0.0175438596
6 22 69	0.1818181818
14 4 69	0.1666666667
32 4 69	0.1666666667
13 48 10	0.0126582278
13 78 49	0.0053908356
0 32 50	0.0357142857
13 60 77	0.0909090909
48 49 52	0.0152671756
67 3 69	0.0769230769
48 47 48	0.0833333333
47 88 69	0.2222222222
50 49 50	0.0370370370
53 10 5	0.0208333333
2 61 77	0.1666666667
13 14 50	0.0200000000
8 11 66	0.0163934426
4 57 66	0.0112359551
1 50 18	0.0053191489
3 14 53	0.0149253731
1 49 48	0.0046728972
2 70 52	0.0769230769
53 78 49	0.0068493151
88 59 10	0.0500000000
49 56 66	0.0041493776
64 3 66	0.0062111801
50 47 69	0.1000000000
2 49 66	0.0046728972
70 18 5	0.0303030303
4 13 77	0.1428571429
1 60 69	0.1538461538
7 13 10	0.0526315789
66 21 0	0.0909090909
77 50 69	0.0909090909
57 78 66	0.0047393365
11 13 53	0.0094339623
67 23 66	0.0034129693
4 1 50	0.0344827586
13 60 47	0.0277777778
10 82 18	0.0106382979
60 47 49	0.0057142857
54 7 66	0.0051546392
60 13 10	0.0120481928
64 3 10	0.0128205128
49 21 0	0.0909090909
2 49 18	0.0106382979
14 50 67	0.2857142857
8 7 49	0.0178571429
7 6 61	0.0133333333
48 14 77	0.1250000000
88 1 67	0.1428571429
14 1 61	0.0294117647
54 54 66	0.0113636364
65 55 18	0.0322580645
7 6 10	0.0088495575
8 56 47	0.0526315789
8 10 5	0.0588235294
70 55 18	0.0322580645
8 24 49	0.0103092784
3 50 66	0.0156250000
67 20 69	0.0769230769
0 53 69	0.1111111111
54 52 61	0.0133333333
4 60 69	0.1250000000
66 17 61	0.0500000000
48 3 77	0.1428571429
8 78 66	0.0136986301
11 54 49	0.0133333333
8 59 77	0.1111111111
67 6 18	0.0091743119
49 8 69	0.0400000000
3 20 49	0.0064102564
52 0 49	0.0040000000
54 78 50	0.0181818182
68 7 67	0.1428571429
60 52 10	0.0093457944
11 50 67	0.1428571429
11 60 69	0.1250000000
8 14 50	0.0357142857
70 23 77	0.1428571429
4 4 49	0.0416666667
57 47 49	0.0040322581
6 32 61	0.0093457944
50 47 67	0.2500000000
50 50 52	0.0166666667
50 18 61	0.0151515152
57 59 10	0.0256410256
1 57 50	0.0089285714
11 2 10	0.0454545455
14 14 66	0.0277777778
88 49 53	0.0909090909
60 3 66	0.0076335878
11 59 10	0.0113636364
7 50 52	0.0080000000
7 54 50	0.0178571429
11 50 69	0.1111111111
7 0 66	0.0046296296
67 7 69	0.0769230769
7 49 50	0.0204081633
68 3 53	0.0163934426
67 31 53	0.0117647059