0	0.0000000000
1	0.0000000000
2	0.0000000000
3	0.0000000000
4	0.0000000000
5	0.0000000000
6	0.0277777778
7	0.0000000000
8	0.0000000000
9	0.0000000000
10	0.0000000000
11	0.0000000000
12	0.0000000000
13	0.0000000000
14	0.0000000000
15	0.0000000000
16	0.0000000000
17	0.0000000000
18	0.0000000000
19	0.0000000000
20	0.0000000000
21	0.0000000000
22	0.0000000000
23	0.0000000000
24	0.0000000000
25	0.0000000000
26	0.0000000000
27	0.0000000000
28	0.0000000000
29	0.0000000000
30	0.0000000000
31	0.0000000000
32	0.0000000000
33	0.0000000000
34	0.0000000000
35	0.0000000000
36	0.0000000000
37	0.0000000000
38	0.0000000000
39	0.0000000000
40	0.0000000000
41	0.0000000000
42	0.0000000000
43	0.0000000000
44	0.0000000000
45	0.0000000000
46	0.0000000000
47	0.0000000000
48	0.0000000000
49	0.0000000000
50	0.0588235294
51	0.0000000000
52	0.0000000000
53	0.0000000000
54	0.0000000000
55	0.1428571429
56	0.0000000000
57	0.0000000000
58	0.0000000000
59	0.0000000000
60	0.0000000000
61	0.0000000000
62	0.0000000000
63	0.0000000000
64	0.3571428571
65	0.0000000000
66	0.0000000000
67	0.0000000000
68	0.0000000000
69	0.0000000000
70	0.0000000000
71	0.0000000000
72	0.0000000000
73	0.0000000000
74	0.0000000000
76	0.0000000000
77	0.0000000000
78	0.0000000000
79	0.0000000000
80	0.0000000000
81	0.0000000000
82	0.2727272727
83	0.0000000000
84	0.0000000000
85	0.0000000000
86	0.0000000000
87	0.0000000000
88	0.0000000000
89	0.0000000000
90	0.0000000000
91	0.0000000000
92	0.0000000000
20 49	0.0197628458
75 52 50	0.0894941634
2 64	0.2727272727
56 32 49	0.0479452055
5 64	0.3275862069
3 50	0.0701754386
7 75	0.4545454545
15 0	0.0096153846
3 6	0.0350877193
56 0 50	0.0681818182
51 56 75	0.3750000000
56 52 64	0.1388888889
7 6 70	0.2827586207
56 70	0.1111111111
20 1 64	0.4728682171
7 6	0.0291262136
75 36 64	0.3574660633
7 70	0.2500000000
20 6	0.0316901408
3 70	0.1428571429
20 68 76	0.5882352941
3 47 70	0.2645914397
7 66 64	0.3160377358
56 46 50	0.0370370370
3 64	0.4461538462
3 1 70	0.1855670103
7 49	0.0282685512
3 75	0.5714285714
3 11 50	0.0581039755
56 67 6	0.3750000000
15 75	0.2857142857
7 32 49	0.0448717949
51 75	0.4782608696
82 3 6	0.0470588235
7 60 6	0.0285714286
15 49	0.0340909091
7 50	0.0740740741
3 47 75	0.6153846154
7 64	0.4827586207
5 75	0.4230769231
15 64	0.3571428571
51 3 6	0.0373913043
75 52 70	0.0985915493
3 1 75	0.6511627907
3 61 64	0.2195121951
20 50	0.0559440559
3 32 49	0.0363196126
15 59 70	0.3103448276
75 9 64	0.4666666667
3 47 64	0.3267326733
56 4 6	0.0833333333
20 49 49	0.0336967294
20 8 49	0.0202020202
7 88 49	0.0566037736
3 60 50	0.1150442478
7 52 49	0.0251046025
3 78 64	0.4303797468
3 8 50	0.0687022901
56 49 64	0.2842105263
5 7 70	0.2000000000
7 49 64	0.4030769231
51 3 64	0.4350282486
7 1 6	0.0373134328
3 11 49	0.0298329356
15 53 55	0.2307692308
7 13 70	0.3000000000
7 10 64	0.2261904762
2 75	0.4285714286
15 49 49	0.0308219178
3 54 64	0.3437500000
77 21 75	0.6315789474
7 2 70	0.2972972973
20 57 70	0.1764705882
3 6 49	0.0288888889
7 32 64	0.5428571429
3 13 75	0.6338028169
7 7 50	0.0928571429
5 3 50	0.0937500000
7 6 49	0.0325462668
82 3 64	0.3818181818
82 9 64	0.3846153846
15 6 70	0.3076923077
51 64	0.2622950820
56 56 64	0.2857142857
3 66 64	0.2533333333
64 4 64	0.3953488372
7 6 75	0.6428571429
3 3 64	0.3866666667
77 6	0.0909090909
51 82	0.3333333333
7 59 64	0.3750000000
56 1 64	0.4736842105
7 13 64	0.4430379747
20 6 70	0.2183098592
7 66 82	0.6417910448
75 4 64	0.4871794872
5 20 6	0.0300601202
15 0 6	0.0320855615
7 3 64	0.4565217391
3 6 70	0.2410423453
3 47 6	0.0406779661
15 49 6	0.0360360360
20 6 64	0.3680555556
46 59 49	0.0361445783
2 5 75	0.6071428571
7 68 75	0.5333333333
7 54 70	0.1698113208
7 70 64	0.3750000000
3 8 34	0.0698529412
20 7 6	0.0398230088
56 49 82	0.3333333333
20 49 82	0.4782608696
56 4 64	0.3333333333
20 6 50	0.0573951435
51 7 64	0.4383561644
20 64	0.2727272727
56 50	0.0526315789
3 7 64	0.4285714286
56 66 75	0.5000000000
20 52 75	0.5483870968
20 2 70	0.2682926829
75 3 64	0.4260869565
15 52 70	0.2250000000
7 1 64	0.5064935065
7 68 76	0.3636363636
15 49 75	0.5200000000
7 11 50	0.0454545455
5 3 64	0.3726708075
15 49 70	0.3125000000
82 18 75	0.5438596491
56 53 75	0.4166666667
7 4 49	0.0424242424
15 0 70	0.2941176471
20 49 75	0.5555555556
7 47 75	0.4666666667
3 59 64	0.4242424242
15 10 64	0.2566371681
3 11 64	0.3970588235
56 0 64	0.4444444444
3 10 82	0.5479452055
15 77 64	0.3076923077
75 4 6	0.0339734121
46 59 6	0.0588235294
3 88 50	0.0810810811
7 13 75	0.6428571429
7 54 6	0.0515873016
59 54 49	0.0190476190
48 47 49	0.0303030303
53 64	0.2500000000
6 50 75	0.5000000000
6 70	0.1481481481
59 10 64	0.1898734177
6 49 64	0.3217993080
52 75	0.2857142857
47 50	0.0666666667
14 49	0.0196078431
59 11 50	0.0679611650
53 75	0.3846153846
11 49 64	0.3362068966
59 75	0.2857142857
59 66 64	0.2786885246
49 70	0.1379310345
59 50	0.0545454545
49 50	0.0563380282
13 49	0.0151515152
11 6 6	0.0083798883
13 63 70	0.1590909091
3 1 6	0.0241090147
32 47 6	0.0260416667
49 49 75	0.5161290323
11 6 64	0.3529411765
14 64	0.1818181818
49 75	0.5000000000
53 5 82	0.0625000000
3 59 6	0.0187590188
52 59 49	0.0202177294
11 49	0.0210526316
69 24 50	0.0500000000
59 49	0.0270270270
77 6 49	0.0204081633
52 50	0.0533333333
32 61 64	0.2187500000
57 64	0.2307692308
52 49	0.0142857143
11 49 70	0.0952380952
59 49 64	0.3296703297
6 1 6	0.0056657224
59 52 75	0.8275862069
11 64	0.2142857143
52 3 50	0.0851063830
49 10 64	0.2083333333
52 13 64	0.3580246914
59 78 6	0.0303030303
53 51 64	0.2714285714
59 47 64	0.2368421053
8 35 75	0.1666666667
6 49	0.0247933884
49 20 50	0.0610021786
6 64	0.3500000000
59 53 64	0.2727272727
6 50	0.0746268657
61 64	0.2307692308
32 3 64	0.3636363636
64 52 75	0.6296296296
47 66 82	0.4912280702
32 52 64	0.4038461538
52 64	0.2400000000
81 54 75	0.1666666667
53 19 50	0.0786516854
3 52 64	0.3854166667
64 3 6	0.0353817505
64 29 6	0.0513833992
20 48 49	0.0072992701
48 20 70	0.1960784314
3 66 75	0.5670103093
20 70	0.1304347826
75 24 49	0.0541310541
64 30	0.0952380952
3 50 70	0.1521739130
75 18 49	0.0330188679
5 82	0.5000000000
5 7 49	0.0248933144
82 29 64	0.3417721519
3 59 49	0.0230235784
64 52 50	0.0881226054
82 52 49	0.0318725100
3 66 55	0.0674157303
82 18 49	0.0332594235
56 61 64	0.2539682540
3 65 64	0.3483146067
3 47 49	0.0277777778
56 0 70	0.2542372881
3 46 70	0.2391304348
20 65 64	0.2982456140
82 3 70	0.1212121212
19 50 50	0.1200000000
5 7 64	0.4758064516
19 64	0.2500000000
19 11 6	0.1129032258
7 11 64	0.5000000000
24 64	0.1428571429
55 18 82	0.5833333333
19 70	0.1818181818
19 6	0.0588235294
3 69 6	0.4166666667
24 6	0.0625000000
19 52 50	0.0857142857
55 3 64	0.5555555556
7 49 75	0.6914893617
22 70	0.1666666667
20 8 75	0.4705882353
7 66 75	0.6200000000
51 20 50	0.0630182421
19 50	0.0434782609
51 51 75	0.4423076923
3 48 50	0.0786026201
24 1 49	0.0512820513
19 53 75	0.6428571429
7 47 6	0.0521609538
19 52 75	0.5000000000
7 78 75	0.4166666667
19 49	0.0408163265
22 3 64	0.2500000000
51 20 64	0.4918032787
24 57 70	0.3076923077
19 48 64	0.2500000000
20 11 49	0.0341555977
19 3 64	0.5454545455
5 7 75	0.5641025641
19 1 49	0.0473684211
55 76	0.1250000000
19 6 70	0.3684210526
7 47 49	0.0316901408
22 64	0.1666666667
24 54 70	0.2307692308
7 67 6	0.3333333333
15 6 49	0.0299003322
7 49 82	0.6417910448
7 32 70	0.2452830189
64 36 64	0.3575129534
5 3 70	0.1735537190
51 3 70	0.1916666667
51 2 75	0.5277777778
51 7 49	0.0276073620
3 68 75	0.3846153846
7 1 49	0.0361010830
7 0 50	0.0652173913
7 11 70	0.2586206897
51 19 6	0.0344827586
5 5 75	0.4181818182
77 1 6	0.0194174757
7 60 50	0.0961538462
51 56 64	0.4285714286
78 77 64	0.2857142857
49 64	0.3437500000
13 13 49	0.0150375940
32 3 6	0.0206185567
49 20 70	0.1507936508
3 8 64	0.4857142857
49 13 64	0.3661971831
61 5 64	0.2400000000
47 53 75	0.4375000000
52 53 75	0.4736842105
78 53 75	0.4285714286
53 20 75	0.6428571429
47 6 75	0.7500000000
53 51 75	0.4680851064
78 49	0.0192307692
49 76	0.0833333333
61 75	0.2222222222
53 3 50	0.0872483221
49 6	0.0158730159
59 64	0.2500000000
3 59 50	0.0706214689
59 52 64	0.4341085271
52 8 50	0.0468750000
32 53 64	0.1944444444
49 52 75	0.8648648649
13 13 64	0.3230769231
47 52 50	0.0702479339
3 52 75	0.6712328767
52 10 82	0.4761904762
32 64	0.2857142857
52 53 64	0.2920353982
49 49	0.0297619048
3 13 70	0.2066115702
78 64	0.2000000000
13 13 75	0.7058823529
3 52 50	0.0618792972
47 64	0.2142857143
64 24 49	0.0400000000
64 24 75	0.4166666667
32 49	0.0394736842
52 52 50	0.0828282828
22 6 49	0.0404040404
22 6 75	0.3750000000
7 3 6	0.0281124498
15 63 82	0.3333333333
55 52 49	0.0425531915
75 18 75	0.6969696970
19 32 70	0.2142857143
24 14 49	0.0500000000
3 52 70	0.1624548736
22 47 6	0.0740740741
19 50 70	0.2000000000
24 52 75	0.3750000000
7 52 64	0.4155844156
7 13 49	0.0207055215
3 6 50	0.0596858639
3 10 64	0.2190476190
3 70 75	0.4285714286
75 3 50	0.0459183673
24 49	0.0277777778
3 53 64	0.2761904762
7 11 6	0.0355731225
22 0 6	0.0370370370
75 18 6	0.0353535354
24 50	0.1250000000
15 0 49	0.0253317250
5 20 64	0.4516129032
7 32 75	0.6000000000
20 60 49	0.0160771704
19 59 49	0.0380952381
3 3 50	0.0688405797
7 59 49	0.0351405622
75 18 82	0.5808823529
20 75	0.5000000000
7 11 75	0.5714285714
20 1 49	0.0205673759
15 53 64	0.3111111111
20 32 64	0.2222222222
7 14 49	0.0372670807
7 49 49	0.0353238015
7 77 64	0.4285714286
20 53 70	0.1842105263
15 52 50	0.0621468927
15 60 64	0.2142857143
15 0 50	0.0613718412
77 1 75	0.6923076923
51 20 70	0.2283950617
7 3 70	0.1805555556
15 3 64	0.3478260870
15 10 82	0.5750000000
20 49 6	0.0075901328
7 14 75	0.3333333333
20 3 64	0.3644859813
75 52 75	0.5925925926
3 66 82	0.5161290323
20 11 75	0.4761904762
20 59 49	0.0223577236
79 82	0.1428571429
20 49 64	0.3364485981
5 2 75	0.5348837209
82 4 75	0.3636363636
3 6 64	0.4179687500
20 47 64	0.3437500000
5 20 50	0.0654205607
20 50 34	0.1311475410
20 6 75	0.6774193548
77 1 64	0.5581395349
20 46 70	0.2413793103
5 20 70	0.2230215827
20 53 64	0.2576687117
20 13 49	0.0200364299
20 54 70	0.1506849315
3 6 75	0.7000000000
3 50 64	0.2857142857
82 24 50	0.0487804878
20 10 64	0.2297297297
66 64	0.2413793103
14 32 49	0.0333333333
78 6	0.0312500000
49 2 82	0.5000000000
4 49 49	0.0252525253
8 50	0.0666666667
47 49 64	0.3266666667
49 51 82	0.3863636364
14 6	0.0270270270
78 75	0.1666666667
78 13 50	0.0740740741
3 20 6	0.0612244898
78 47 75	0.4444444444
11 4 64	0.3333333333
50 34	0.0769230769
47 6	0.0234375000
52 54 49	0.0092592593
69 1 50	0.0847457627
57 1 49	0.0136518771
13 49 75	0.7530864198
13 53 75	0.4210526316
11 50 64	0.1428571429
47 49	0.0165289256
2 59 49	0.0175438596
6 78 64	0.4482758621
4 1 64	0.3333333333
14 49 75	0.5500000000
47 75	0.2857142857
53 15 49	0.0209424084
11 50	0.0645161290
54 57 50	0.0833333333
52 10 64	0.1272727273
1 49 82	0.3928571429
4 49	0.0232558140
59 6	0.0155038760
1 32 64	0.2727272727
11 6	0.0303030303
13 75	0.2857142857
6 78 49	0.0103806228
49 36 75	0.4500000000
65 22 6	0.0447761194
11 66 64	0.2465753425
3 77 64	0.3333333333
52 1 50	0.0731707317
59 52 70	0.0888888889
78 57 75	0.5454545455
48 64	0.2127659574
48 75	0.3529411765
48 7 49	0.0291970803
48 3 75	0.5483870968
48 82	0.3076923077
51 15 75	0.3636363636
48 5 64	0.3030303030
20 68 64	0.3076923077
3 53 82	0.4848484848
48 3 64	0.3770491803
3 3 75	0.5614035088
48 5 75	0.4318181818
48 51 75	0.4893617021
3 13 64	0.3901345291
3 1 64	0.3933333333
51 56 49	0.0223325062
2 20 6	0.0352941176
66 75	0.5000000000
3 59 75	0.8026315789
57 70	0.0588235294
54 50	0.0740740741
49 82	0.3000000000
10 82	0.2500000000
6 49 75	0.6049382716
46 50	0.0666666667
1 64	0.3076923077
32 70	0.0909090909
6 47 50	0.0444444444
6 50 34	0.1034482759
54 53 64	0.2222222222
49 49 82	0.4339622642
53 20 64	0.3235294118
57 6 49	0.0184804928
4 64	0.2000000000
54 49	0.0161290323
4 6 50	0.0657894737
60 50	0.1176470588
54 6	0.0217391304
54 68 76	0.1666666667
6 14 50	0.0384615385
1 50	0.0740740741
50 66 64	0.1666666667
57 53 64	0.2500000000
6 13 64	0.3595505618
66 7 49	0.0107816712
49 7 75	0.7500000000
49 60 49	0.0194174757
57 50	0.1025641026
54 48 6	0.0263157895
53 82	0.1428571429
10 64	0.1428571429
53 46 50	0.0625000000
57 49	0.0206185567
6 18 75	0.5483870968
32 47 50	0.0363636364
6 11 50	0.0833333333
1 49	0.0120481928
66 3 64	0.3846153846
54 64	0.1250000000
6 4 70	0.1111111111
78 47 70	0.1702127660
11 32 6	0.0219780220
13 3 6	0.0228832952
49 66 64	0.2714285714
13 54 50	0.1111111111
1 59 49	0.0209205021
52 88 50	0.0952380952
53 11 70	0.1333333333
66 82	0.2000000000
1 61 75	0.1428571429
57 14 64	0.2727272727
20 54 64	0.3333333333
3 13 6	0.0110782866
20 53 75	0.4920634921
5 7 50	0.0767045455
5 2 64	0.2631578947
64 29 64	0.4170616114
2 51 64	0.3137254902
5 20 49	0.0252583238
3 6 76	0.2444444444
5 7 6	0.0258964143
3 14 75	0.4000000000
20 54 6	0.0437317784
3 57 64	0.4166666667
3 4 64	0.3584905660
64 52 64	0.4615384615
20 52 64	0.3837837838
5 56 64	0.4166666667
3 1 49	0.0255918106
5 56 6	0.0144404332
82 18 82	0.5306122449
64 9 75	0.4210526316
3 57 70	0.1851851852
5 2 82	0.4117647059
5 56 75	0.5454545455
48 20 50	0.0579710145
3 57 50	0.0794871795
5 3 75	0.5609756098
82 52 64	0.3793103448
5 15 49	0.0250000000
48 51 82	0.4090909091
3 65 76	0.5000000000
3 53 75	0.5752212389
20 13 50	0.0561797753
5 20 75	0.5769230769
64 52 70	0.1126760563
2 51 75	0.5217391304
3 11 75	0.6896551724
20 52 50	0.0636182903
64 3 50	0.0643564356
20 13 75	0.6071428571
5 19 50	0.0493827160
20 47 49	0.0150753769
20 10 75	0.4444444444
3 61 75	0.4062500000
20 7 50	0.0595238095
64 4 70	0.1250000000
3 50 6	0.0427046263
20 3 75	0.6000000000
56 6 70	0.3333333333
2 51 55	0.1428571429
56 49	0.0238095238
3 6 6	0.0156750980
3 60 70	0.1538461538
7 7 6	0.0615942029
51 51 82	0.4821428571
51 7 6	0.0302571861
56 64	0.1538461538
20 50 70	0.1290322581
56 66 64	0.2682926829
56 11 64	0.2307692308
77 23 70	0.1639344262
56 53 70	0.2307692308
3 53 70	0.1818181818
7 1 70	0.2622950820
75 3 6	0.0367504836
56 50 70	0.1250000000
64 4 6	0.0370370370
15 0 64	0.5283018868
20 4 6	0.0494699647
3 52 49	0.0218051339
20 47 6	0.0365591398
56 57 70	0.2500000000
56 6	0.0178571429
15 52 49	0.0338983051
56 6 64	0.2333333333
56 88 49	0.0588235294
51 20 6	0.0394857668
7 59 50	0.0552995392
56 3 64	0.2250000000
3 57 6	0.0361111111
7 13 6	0.0113851992
26 55	0.0909090909
48 3 70	0.1348314607
48 55	0.1111111111
48 51 64	0.2191780822
48 7 64	0.3333333333
3 13 49	0.0176612256
48 22 70	0.1428571429
20 11 6	0.0482573727
3 8 6	0.0317164179
5 55	0.0909090909
48 56 70	0.1904761905
48 19 64	0.2142857143
48 7 70	0.2195121951
20 6 49	0.0225790266
20 47 50	0.0659340659
20 52 49	0.0213032581
3 48 64	0.3720930233
20 54 50	0.0738916256
20 1 75	0.6666666667
3 68 76	0.5882352941
20 8 6	0.0298102981
82 3 75	0.5294117647
20 11 50	0.0567685590
20 32 50	0.0568181818
77 23 50	0.0722891566
20 11 64	0.3783783784
53 15 75	0.5454545455
3 47 50	0.0498891353
52 3 64	0.4204545455
49 52 50	0.0786290323
3 32 75	0.6111111111
49 65 75	0.3333333333
47 52 64	0.4204545455
78 78 64	0.2500000000
78 3 50	0.1086956522
6 49 49	0.0232558140
59 70	0.1250000000
61 3 75	0.6153846154
47 70	0.1153846154
2 52 50	0.0904522613
52 70	0.1111111111
49 29 64	0.2571428571
2 6 50	0.0333333333
52 49 64	0.3275862069
52 49 75	0.5975609756
49 4 6	0.0306513410
13 49 64	0.3795620438
47 53 76	0.2857142857
61 3 64	0.3461538462
20 50 76	0.2352941176
48 3 6	0.0237797247
48 24 50	0.0571428571
51 51 64	0.2400000000
48 21 50	0.0588235294
3 48 6	0.0350584307
3 48 75	0.5909090909
75 3 70	0.2435897436
48 3 50	0.0813953488
48 48 75	0.2727272727
48 15 75	0.1111111111
20 53 6	0.0208333333
48 24 64	0.1111111111
20 0 64	0.2857142857
48 7 50	0.0434782609
51 3 75	0.6346153846
49 7 64	0.3709677419
47 3 64	0.4181818182
47 66 75	0.6190476190
32 6 64	0.4285714286
77 23 75	0.5000000000
59 49 75	0.5625000000
52 78 64	0.4583333333
13 70	0.0909090909
59 57 6	0.0273972603
49 52 49	0.0137581463
49 6 6	0.0074074074
10 34	0.1000000000
14 49 64	0.3442622951
11 52 50	0.0640000000
48 49	0.0434782609
53 19 64	0.2352941176
11 52 64	0.3877551020
77 64	0.1666666667
52 49 70	0.1756756757
59 47 50	0.0551181102
49 61 82	0.3000000000
10 34 76	0.1666666667
6 48 50	0.1052631579
59 7 70	0.1000000000
6 48 6	0.0275000000
10 20 50	0.0853658537
10 54 50	0.0645161290
32 13 64	0.3488372093
13 78 6	0.0280373832
59 1 64	0.3333333333
6 57 75	0.5833333333
13 46 50	0.0892857143
57 59 75	0.3750000000
59 6 6	0.0078125000
59 66 82	0.4782608696
11 6 49	0.0175438596
52 14 64	0.3750000000
7 47 50	0.0610687023
20 2 49	0.0204603581
20 6 76	0.1764705882
20 47 70	0.2361111111
15 13 75	0.3846153846
20 54 49	0.0240174672
7 8 50	0.0681818182
7 4 6	0.0491071429
7 6 50	0.0591016548
5 48 64	0.2816901408
20 1 6	0.0189520624
15 6 75	0.3000000000
7 6 6	0.0203915171
51 20 75	0.5600000000
51 15 64	0.4489795918
7 50 34	0.1081081081
3 3 6	0.0209135938
3 7 70	0.2340425532
3 32 64	0.4772727273
26 20 50	0.0344827586
82 3 50	0.0824742268
3 14 64	0.3777777778
3 4 75	0.3750000000
20 6 6	0.0097276265
5 56 50	0.0614035088
20 54 75	0.4545454545
7 46 50	0.0654205607
56 8 34	0.0571428571
5 15 64	0.4615384615
64 4 49	0.0255591054
15 49 64	0.3431372549
3 57 49	0.0274551214
56 56 75	0.1666666667
56 59 49	0.0218978102
7 57 6	0.0533333333
56 53 82	0.2857142857
2 51 82	0.5000000000
20 3 6	0.0195729537
20 3 50	0.0689655172
20 59 75	0.3333333333
3 13 50	0.0570824524
56 0 6	0.0308008214
20 59 70	0.1000000000
20 7 70	0.2156862745
3 59 70	0.1681034483
75 52 64	0.4794520548
2 20 49	0.0327272727
7 57 75	0.5555555556
7 57 64	0.5000000000
20 32 6	0.0277777778
64 4 75	0.6250000000
51 24 6	0.0576923077
56 32 70	0.2500000000
20 50 50	0.1089108911
20 78 64	0.3333333333
7 65 75	0.5294117647
82 9 75	0.3846153846
5 5 64	0.2482269504
2 3 50	0.0609137056
48 20 64	0.3513513514
20 48 6	0.0288461538
64 52 49	0.0256849315
19 49 75	0.7727272727
51 3 50	0.0725388601
19 47 50	0.0847457627
24 8 70	0.2000000000
19 3 70	0.2000000000
2 3 70	0.2054794521
7 52 75	0.5925925926
22 8 6	0.1176470588
7 48 6	0.0388349515
64 29 82	0.4655172414
19 3 6	0.0238095238
3 50 34	0.1475409836
55 36 64	0.4117647059
19 47 6	0.1030927835
75 52 49	0.0303514377
7 0 49	0.0190476190
22 1 50	0.1250000000
7 61 64	0.2682926829
24 13 64	0.2500000000
15 47 50	0.0483870968
24 4 75	0.1666666667
20 7 64	0.3928571429
7 0 70	0.3333333333
15 32 75	0.2500000000
24 8 6	0.0491803279
7 6 64	0.4854368932
7 10 75	0.4761904762
75 36 75	0.5555555556
5 22 64	0.1250000000
3 78 6	0.0265486726
3 32 6	0.0355140187
48 7 6	0.0263157895
20 8 70	0.1621621622
3 32 70	0.1980198020
5 3 6	0.0241379310
20 67 6	0.2727272727
56 0	0.0123456790
20 50 64	0.3846153846
2 56 6	0.0212765957
56 50 30	0.1000000000
56 0 49	0.0246153846
7 14 50	0.0845070423
56 59 64	0.2083333333
56 47 70	0.2941176471
77 21 64	0.4590163934
5 56 70	0.2391304348
77 1 70	0.1851851852
7 59 6	0.0212418301
51 2 64	0.2181818182
56 59 70	0.2400000000
7 10 82	0.5384615385
7 7 64	0.5000000000
2 3 6	0.0270833333
51 19 64	0.2857142857
13 64	0.3125000000
13 49 82	0.3513513514
11 66 82	0.4444444444
70 64	0.1250000000
47 65 75	0.3333333333
66 59 6	0.0161290323
8 34	0.1111111111
69 31 75	0.4615384615
42 2 49	0.0555555556
14 4 64	0.3846153846
57 54 75	0.1666666667
6 1 64	0.3064516129
59 61 82	0.3750000000
6 59 6	0.0139442231
10 7 75	0.3750000000
6 50 64	0.2222222222
1 6 49	0.0181405896
6 75	0.2857142857
6 11 49	0.0074626866
50 76	0.1250000000
8 32 70	0.1111111111
6 70 75	0.2727272727
70 7 64	0.2857142857
10 51 75	0.4615384615
57 6 64	0.3947368421
42 1 70	0.1000000000
49 32 75	0.5833333333
59 59 64	0.3968253968
70 20 64	0.1250000000
78 6 50	0.0800000000
11 75	0.1666666667
50 29 64	0.3125000000
49 10 82	0.5185185185
6 6 75	0.8387096774
60 66 82	0.2000000000
1 53 64	0.2162162162
66 3 6	0.0247148289
32 75	0.1666666667
57 52 75	0.6666666667
57 6	0.0273972603
53 4 6	0.0416666667
53 13 75	0.2857142857
68 76	0.1666666667
13 3 64	0.3606557377
3 32 50	0.0688524590
13 3 50	0.0924855491
57 75	0.1666666667
52 59 50	0.0714285714
1 13 50	0.0689655172
59 3 50	0.0919540230
32 8 75	0.1666666667
60 54 70	0.0666666667
6 66 64	0.2406015038
2 49 64	0.3333333333
54 3 75	0.5000000000
6 11 75	0.6666666667
66 56 75	0.2857142857
53 56 6	0.0116959064
53 54 70	0.0769230769
47 23 50	0.0943396226
54 49 64	0.3205128205
47 49 75	0.5833333333
66 7 64	0.3939393939
4 6	0.0227272727
57 1 70	0.1000000000
49 59 50	0.0852713178
53 50	0.0833333333
32 1 64	0.2352941176
20 47 75	0.5333333333
20 10 82	0.5333333333
20 60 50	0.1166666667
3 2 70	0.2641509434
77 23 64	0.3157894737
5 56 49	0.0347648262
19 49 49	0.0606060606
24 52 49	0.0504201681
19 6 76	0.2222222222
19 52 64	0.5483870968
15 3 50	0.0504201681
2 20 70	0.1346153846
2 5 64	0.3142857143
19 47 75	0.2857142857
19 78 64	0.3750000000
19 13 49	0.0331950207
19 88 75	0.1666666667
19 78 50	0.1250000000
19 6 64	0.5000000000
24 53 64	0.1666666667
55 18 6	0.0588235294
7 60 49	0.0400000000
64 3 64	0.4000000000
11 47 6	0.0172413793
52 47 49	0.0225000000
78 70	0.0833333333
1 75	0.2857142857
47 65 76	0.2857142857
11 1 50	0.0579710145
8 11 75	0.1666666667
52 60 50	0.1250000000
11 13 70	0.0869565217
13 6 64	0.4400000000
59 4 64	0.2941176471
47 49 49	0.0255863539
47 78 75	0.3750000000
78 59 64	0.3214285714
47 6 76	0.1600000000
11 54 6	0.0298507463
8 66 64	0.1851851852
4 6 75	0.5000000000
49 49 64	0.3155339806
52 77 64	0.2727272727
69 1 6	0.0043668122
69 31 64	0.3181818182
1 49 64	0.3176470588
59 14 64	0.4117647059
66 59 75	0.4444444444
78 11 64	0.3076923077
47 8 6	0.0279329609
14 70 75	0.1428571429
57 49 64	0.3278688525
78 49 6	0.0140845070
46 10 64	0.2613636364
6 3 50	0.0876132931
1 53 49	0.0144927536
52 66 75	0.6562500000
6 6	0.0108695652
78 13 75	0.6875000000
50 9 75	0.2222222222
47 49 82	0.4285714286
53 5 75	0.4827586207
53 20 70	0.0681818182
7 57 50	0.1034482759
64 36 75	0.5535714286
19 47 49	0.0467289720
22 67 64	0.1666666667
24 7 6	0.1111111111
19 67 6	0.1666666667
19 6 49	0.0473933649
55 3 50	0.1290322581
19 48 49	0.0204081633
24 47 64	0.2857142857
20 53 49	0.0240963855
56 64 30	0.1666666667
15 13 70	0.2592592593
56 77 6	0.0277777778
56 6 49	0.0330788804
7 77 6	0.0322580645
7 57 70	0.2307692308
56 49 50	0.0285714286
7 48 64	0.3181818182
56 50 50	0.0588235294
7 32 6	0.0584415584
56 13 6	0.0193548387
56 53 55	0.3076923077
56 47 49	0.0223880597
56 14 70	0.1250000000
56 11 70	0.2777777778
56 66 82	0.4285714286
7 47 70	0.3017241379
64 29 50	0.0990099010
3 11 70	0.1727272727
15 47 6	0.0264317181
15 3 6	0.0283911672
3 2 64	0.2075471698
82 4 64	0.3529411765
82 24 75	0.3333333333
3 65 75	0.4857142857
82 29 82	0.4400000000
48 20 75	0.5000000000
3 54 50	0.0576923077
3 78 49	0.0232858991
82 29 70	0.0909090909
3 78 50	0.0676691729
20 50 6	0.0416666667
49 78 75	0.6428571429
57 3 50	0.0980392157
49 8 50	0.0823529412
49 6 49	0.0159817352
52 47 50	0.0603773585
13 66 64	0.2857142857
59 52 50	0.0750000000
59 3 64	0.3800000000
32 59 6	0.0258064516
48 49 64	0.3076923077
32 53 82	0.1666666667
32 6 6	0.0078125000
6 4 64	0.4193548387
52 13 49	0.0136986301
52 14 75	0.1666666667
49 5 75	0.5238095238
32 6 50	0.0689655172
11 2 75	0.1666666667
48 53 64	0.2000000000
13 11 6	0.0470588235
13 1 64	0.2352941176
49 47 6	0.0305343511
48 22 64	0.1428571429
3 65 55	0.0800000000
48 19 6	0.0288461538
20 65 55	0.0714285714
48 56 49	0.0292682927
48 15 64	0.2500000000
48 5 82	0.4848484848
20 49 70	0.2200000000
56 7 49	0.0566037736
15 52 64	0.2765957447
82 18 6	0.0344827586
3 8 70	0.1153846154
46 49 49	0.0444444444
20 49 50	0.0567375887
75 24 6	0.0216049383
77 23 49	0.0256959315
3 60 75	0.6111111111
20 1 50	0.0707070707
6 3 64	0.3750000000
59 57 50	0.0961538462
52 52 75	0.8387096774
59 49 82	0.4482758621
49 6 75	0.7222222222
64 3 75	0.5769230769
49 59 64	0.3725490196
32 52 50	0.0754716981
49 19 6	0.0285714286
32 47 75	0.3750000000
59 1 49	0.0136986301
47 31 75	0.6206896552
49 5 64	0.2832369942
49 4 49	0.0149253731
49 8 75	0.5000000000
49 6 64	0.4000000000
49 46 50	0.0757575758
53 15 64	0.5121951220
7 14 64	0.4230769231
20 57 50	0.0775510204
7 49 70	0.2500000000
15 59 6	0.0243902439
15 0 75	0.7037037037
7 52 50	0.0652591171
20 11 70	0.2000000000
15 47 70	0.2857142857
3 50 50	0.0952380952
56 61 75	0.5000000000
20 59 6	0.0243055556
20 78 6	0.0301204819
20 8 34	0.0630252101
55 22 6	0.1219512195
7 78 64	0.4642857143
20 52 70	0.1149425287
20 14 50	0.0633802817
19 49 6	0.0333333333
24 57 6	0.0606060606
22 57 70	0.1250000000
15 78 75	0.3636363636
22 47 49	0.0491803279
22 53 64	0.3529411765
24 46 50	0.0500000000
51 48 82	0.4285714286
24 53 75	0.5000000000
7 60 64	0.3846153846
19 8 50	0.1351351351
3 14 70	0.2142857143
54 1 75	0.5454545455
52 1 64	0.4385964912
60 66 75	0.3636363636
54 59 64	0.3333333333
78 66 82	0.4800000000
13 49 70	0.1202531646
6 53 82	0.2222222222
50 8 75	0.1666666667
1 6	0.0317460317
6 9 64	0.2222222222
50 3 64	0.3142857143
2 49 70	0.1470588235
47 60 64	0.2222222222
60 7 50	0.0714285714
4 57 75	0.2857142857
1 2 70	0.1538461538
11 52 75	0.5833333333
52 61 64	0.2244897959
47 52 75	0.7368421053
32 50	0.0476190476
1 11 6	0.0340909091
2 59 64	0.2812500000
54 49 75	0.5600000000
1 59 50	0.0677966102
3 73 64	0.2580645161
11 66 75	0.5217391304
6 59 64	0.3823529412
50 52 75	0.5454545455
78 49 75	0.5365853659
54 2 70	0.1764705882
66 55 34	0.0576923077
13 6 49	0.0245901639
66 51 64	0.2625000000
32 49 64	0.2808988764
47 47 75	0.5000000000
49 13 50	0.0750000000
47 11 64	0.3478260870
50 49 64	0.3043478261
1 3 64	0.3529411765
57 8 50	0.0735294118
20 0 70	0.1136363636
51 7 50	0.0785123967
20 0 6	0.0146341463
3 46 50	0.0635593220
64 24 50	0.0370370370
20 32 70	0.2031250000
75 18 55	0.1794871795
20 13 6	0.0090293454
20 14 70	0.2068965517
3 3 70	0.1586206897
3 54 70	0.1733333333
3 53 55	0.2051282051
2 20 50	0.0693069307
5 48 75	0.4615384615
56 13 70	0.3200000000
7 2 49	0.0305555556
3 11 6	0.0423011844
77 21 6	0.0279720280
15 13 49	0.0224489796
56 52 49	0.0347222222
15 10 75	0.5925925926
64 30 62	0.0150375940
56 88 6	0.0666666667
2 3 64	0.3448275862
7 8 34	0.0824175824
56 52 50	0.0325203252
7 8 6	0.0526315789
15 89 0	0.0204081633
75 4 75	0.6363636364
20 65 75	0.4285714286
3 57 75	0.6666666667
82 24 49	0.0327868852
3 61 82	0.4090909091
20 13 64	0.4310344828
20 57 6	0.0358974359
20 60 75	0.5384615385
20 53 50	0.0695652174
79 20 49	0.0322580645
20 32 75	0.5555555556
20 46 50	0.0719424460
20 70 64	0.4583333333
5 24 64	0.1818181818
5 5 82	0.3214285714
77 1 49	0.0222222222
20 65 76	0.5000000000
56 54 64	0.1428571429
51 7 70	0.2058823529
7 70 75	0.3846153846
77 21 49	0.0104895105
82 52 70	0.1428571429
48 20 6	0.0227642276
3 48 70	0.1428571429
48 19 70	0.1600000000
3 8 49	0.0134228188
47 48 64	0.1818181818
52 8 34	0.0784313725
6 78 6	0.0285714286
32 49 75	0.4137931034
49 54 70	0.0666666667
49 4 64	0.3214285714
6 13 75	0.8275862069
52 52 49	0.0138787436
78 59 50	0.0454545455
77 21 50	0.1069518717
59 61 64	0.2500000000
52 1 75	0.7500000000
47 13 64	0.3947368421
53 2 75	0.1176470588
52 49 82	0.3448275862
52 66 64	0.2323943662
67 31 64	0.3589743590
59 49 50	0.0481927711
46 10 75	0.4615384615
49 49 50	0.0610687023
52 3 75	0.7222222222
47 7 50	0.0740740741
54 6 76	0.3000000000
14 1 64	0.3157894737
14 7 6	0.0425531915
59 57 64	0.3636363636
14 11 75	0.2857142857
46 1 50	0.1250000000
78 49 64	0.3305785124
42 53 75	0.2727272727
14 3 64	0.2352941176
11 13 64	0.3703703704
11 8 75	0.4444444444
8 60 75	0.1666666667
52 1 49	0.0178306092
46 3 64	0.3333333333
57 57 49	0.0136054422
13 52 49	0.0149812734
14 57 75	0.3750000000
50 36 64	0.2666666667
11 1 64	0.3333333333
52 0 49	0.0157894737
6 61 75	0.3333333333
54 65 64	0.3043478261
57 65 64	0.3043478261
19 57 70	0.2941176471
19 11 70	0.2000000000
15 78 49	0.0384615385
7 46 70	0.2173913043
22 1 64	0.5384615385
22 1 49	0.0467289720
24 52 50	0.0784313725
24 53 50	0.1176470588
19 13 64	0.4705882353
22 60 49	0.0555555556
19 66 75	0.6428571429
19 32 6	0.1129032258
7 49 6	0.0250737463
19 47 70	0.3333333333
19 66 64	0.4255319149
19 1 64	0.5789473684
55 52 50	0.1162790698
3 1 50	0.0621468927
3 50 75	0.4210526316
56 3 75	0.1000000000
75 18 50	0.0818965517
47 6 64	0.3939393939
49 66 82	0.4629629630
6 10 64	0.1807228916
77 6 64	0.2727272727
11 10 64	0.1612903226
48 52 64	0.2857142857
49 1 64	0.3392857143
49 7 49	0.0102339181
6 8 6	0.0277777778
47 23 6	0.0235849057
47 23 49	0.0147492625
59 11 75	0.6428571429
49 78 6	0.0343347639
59 3 75	0.7916666667
6 32 50	0.0943396226
53 19 49	0.0181818182
52 52 64	0.4557823129
6 0 6	0.0158730159
52 57 50	0.0975609756
7 52 70	0.1900000000
24 32 75	0.1666666667
24 14 64	0.2857142857
24 1 64	0.5294117647
15 56 64	0.3636363636
19 11 49	0.0641025641
19 52 49	0.0514018692
7 1 50	0.0670103093
22 66 82	0.5833333333
24 49 75	0.6428571429
24 50 50	0.1333333333
22 1 70	0.2000000000
19 6 50	0.1000000000
78 57 64	0.3333333333
49 51 64	0.2026143791
54 13 49	0.0110701107
52 32 50	0.0933333333
53 2 64	0.0500000000
53 11 49	0.0357142857
11 70	0.0714285714
1 59 64	0.2692307692
46 3 75	0.1666666667
68 20 6	0.0133333333
50 52 64	0.3478260870
60 6 70	0.1428571429
6 11 6	0.0483091787
78 52 50	0.0629370629
54 59 50	0.0740740741
11 49 49	0.0211081794
70 54 70	0.1428571429
50 7 6	0.0454545455
1 1 64	0.3333333333
54 3 64	0.3600000000
1 48 64	0.2500000000
49 24 50	0.1009174312
54 11 64	0.2500000000
50 24 75	0.1666666667
54 13 75	0.5454545455
6 61 82	0.3333333333
54 70	0.0769230769
3 14 50	0.0606060606
3 7 50	0.0562248996
15 49 50	0.0582524272
7 54 49	0.0275229358
46 59 75	0.1428571429
15 13 64	0.3666666667
7 32 50	0.0784313725
7 49 76	0.2333333333
7 3 50	0.0811965812
2 2 75	0.3333333333
7 3 75	0.6500000000
51 48 75	0.6800000000
7 65 76	0.3636363636
15 39 82	0.2222222222
3 78 75	0.4615384615
56 8 50	0.0714285714
7 14 6	0.0234741784
15 3 75	0.4166666667
15 14 64	0.3076923077
51 19 49	0.0245398773
15 6 50	0.0254237288
20 57 75	0.5714285714
3 60 6	0.0121951220
15 49 55	0.1666666667
3 78 70	0.1621621622
48 20 49	0.0246045694
20 68 75	0.3076923077
51 79 82	0.3846153846
20 1 70	0.1411764706
56 49 70	0.2500000000
75 4 49	0.0151006711
3 67 6	0.2857142857
3 10 75	0.3333333333
7 60 70	0.2424242424
15 3 70	0.2105263158
56 11 6	0.0410958904
56 65 64	0.1666666667
5 15 0	0.0127737226
5 19 6	0.0300751880
20 46 6	0.0132743363
20 50 49	0.0176991150
5 77 6	0.4736842105
5 26 55	0.1764705882
20 57 64	0.3846153846
20 57 49	0.0236686391
19 1 50	0.0638297872
19 11 64	0.4545454545
55 52 75	0.2857142857
24 6 70	0.3888888889
55 4 75	0.2857142857
55 7 70	0.2222222222
20 70 55	0.2380952381
15 32 64	0.4736842105
50 18 49	0.0207253886
52 53 49	0.0246305419
65 22 50	0.0487804878
13 6 75	0.7222222222
78 52 49	0.0103896104
11 13 50	0.0735294118
52 53 82	0.4000000000
13 20 70	0.1470588235
14 4 6	0.0447761194
52 11 64	0.3529411765
57 7 64	0.2500000000
70 36 64	0.2352941176
78 50	0.0333333333
52 13 75	0.7826086957
47 4 64	0.3333333333
52 48 64	0.3870967742
13 32 64	0.3333333333
1 10 82	0.3636363636
57 59 6	0.0198675497
59 53 75	0.4615384615
78 66 64	0.2676056338
3 8 75	0.6086956522
26 20 49	0.0175438596
3 54 6	0.0332326284
3 14 6	0.0168067227
19 70 64	0.2857142857
24 66 64	0.4000000000
24 54 50	0.0714285714
55 52 64	0.4166666667
24 8 50	0.0833333333
24 11 70	0.2857142857
19 49 82	0.6666666667
19 49 64	0.5000000000
15 78 64	0.4761904762
22 53 75	0.6153846154
55 19 75	0.1666666667
24 3 64	0.3000000000
19 8 6	0.0789473684
20 14 64	0.4000000000
1 13 49	0.0147368421
53 2 49	0.0444444444
6 6 6	0.0045998160
32 52 75	0.6666666667
47 49 76	0.1333333333
49 47 50	0.0550458716
49 20 75	0.7916666667
46 39 82	0.3529411765
54 57 75	0.4444444444
57 3 64	0.4062500000
2 52 64	0.3921568627
4 31 75	0.1666666667
6 61 64	0.2340425532
32 70 64	0.1250000000
52 31 64	0.2857142857
53 49 76	0.2857142857
11 46 70	0.1666666667
32 49 49	0.0174672489
6 53 64	0.2555555556
49 18 82	0.4615384615
70 54 50	0.0625000000
57 49 50	0.0769230769
49 18 49	0.0154639175
54 1 64	0.2857142857
60 11 6	0.0294117647
60 54 75	0.1666666667
51 19 70	0.2222222222
15 53 75	0.5000000000
51 48 64	0.3518518519
7 2 64	0.2608695652
15 2 64	0.1176470588
7 54 50	0.0694444444
7 11 49	0.0341207349
51 19 50	0.0447761194
61 20 75	0.1666666667
67 1 64	0.4000000000
47 54 75	0.1666666667
52 13 70	0.0857142857
59 48 75	0.4444444444
49 15 64	0.4571428571
78 47 50	0.0684931507
47 6 50	0.0802139037
47 3 75	0.7368421053
2 49 50	0.0602409639
61 56 50	0.1071428571
47 52 49	0.0129366106
59 49 70	0.1754385965
46 56 64	0.2727272727
3 63 50	0.0743243243
59 52 49	0.0139494333
47 3 6	0.0155279503
3 48 49	0.0222222222
20 8 50	0.0568720379
20 4 64	0.4761904762
56 0 75	0.5454545455
3 54 49	0.0235042735
20 14 75	0.4000000000
48 64 30	0.0526315789
48 15 49	0.0180180180
20 8 64	0.4285714286
3 2 49	0.0201816347
20 70 75	0.4761904762
59 53 82	0.2000000000
14 6 49	0.0240000000
13 66 75	0.3333333333
6 53 75	0.4571428571
59 59 49	0.0225352113
49 53 75	0.4814814815
47 53 6	0.0095238095
13 11 75	0.3750000000
49 11 50	0.0882352941
52 60 70	0.0400000000
57 77 64	0.1666666667
48 6 70	0.0769230769
3 7 75	0.5000000000
52 66 82	0.4893617021
49 7 70	0.1250000000
69 24 49	0.0555555556
61 20 50	0.0769230769
49 51 75	0.5476190476
61 5 75	0.3333333333
66 51 75	0.5000000000
49 11 75	0.6153846154
52 53 70	0.1136363636
68 19 64	0.2857142857
78 68 64	0.2222222222
54 66 64	0.2500000000
1 52 70	0.0384615385
4 57 49	0.0140845070
54 32 50	0.0833333333
50 50	0.0769230769
57 66 64	0.2361111111
4 7 50	0.0666666667
54 57 6	0.0229885057
54 65 75	0.2727272727
53 20 6	0.0310734463
50 6 49	0.0250000000
49 14 75	0.2857142857
57 47 50	0.0481927711
8 52 50	0.0930232558
49 59 6	0.0135501355
52 32 64	0.4000000000
1 70 64	0.2000000000
67 4 49	0.0645161290
53 3 64	0.3857142857
65 76	0.1666666667
50 52 50	0.0932203390
1 52 75	0.5454545455
49 20 64	0.3571428571
47 2 49	0.0243902439
54 52 64	0.3823529412
75 9 75	0.4666666667
3 46 6	0.0077519380
20 64 30	0.1428571429
64 29 55	0.1714285714
20 32 49	0.0384615385
48 24 6	0.0434782609
48 56 0	0.0054054054
51 77 6	0.3571428571
4 59 49	0.0341880342
56 1 70	0.1875000000
20 60 6	0.0156739812
4 49 6	0.0094339623
56 49 49	0.0389972145
20 59 64	0.3636363636
20 48 50	0.0851063830
82 4 6	0.0516129032
56 4 49	0.0500000000
46 49 50	0.0370370370
56 47 6	0.0397727273
7 60 75	0.4166666667
53 51 82	0.3939393939
6 3 75	0.8648648649
69 1 64	0.3750000000
11 13 75	0.6428571429
66 51 82	0.3200000000
1 6 76	0.1538461538
49 9 64	0.3076923077
14 50	0.0769230769
47 65 64	0.3333333333
46 63 82	0.2727272727
4 70	0.0909090909
50 1 75	0.3750000000
47 23 64	0.4285714286
11 47 75	0.3750000000
13 47 64	0.3333333333
4 49 75	0.4000000000
6 3 6	0.0220820189
70 3 64	0.3461538462
6 59 50	0.0909090909
1 6 50	0.0733944954
51 56 50	0.0666666667
20 50 30	0.0833333333
15 59 49	0.0346820809
7 4 64	0.2894736842
15 59 64	0.3214285714
51 26 55	0.1176470588
22 59 70	0.2222222222
24 50 34	0.1538461538
2 26 55	0.2187500000
19 57 49	0.0404040404
22 88 75	0.1666666667
19 10 82	0.5000000000
19 46 6	0.0270270270
51 20 49	0.0272727273
22 3 70	0.1428571429
69 1 75	0.6428571429
49 11 70	0.0294117647
47 6 6	0.0073746313
49 15 49	0.0106007067
32 13 49	0.0167910448
46 10 82	0.3142857143
49 68 76	0.2857142857
6 3 70	0.0707070707
47 4 49	0.0368098160
2 49 75	0.5416666667
13 47 49	0.0201005025
61 51 75	0.1818181818
59 47 6	0.0190930788
47 54 50	0.0800000000
13 49 6	0.0121304018
49 53 50	0.0869565217
47 70 64	0.2857142857
52 50 50	0.0789473684
7 1 75	0.6086956522
7 61 75	0.5000000000
3 7 6	0.0304259635
15 32 49	0.0375000000
15 56 75	0.2500000000
79 20 70	0.0769230769
20 4 75	0.3333333333
3 61 55	0.2222222222
3 60 64	0.3000000000
82 52 75	0.4666666667
20 0 50	0.0800000000
24 8 75	0.2857142857
19 66 82	0.7368421053
24 11 75	0.3750000000
24 53 6	0.0370370370
7 48 50	0.0857142857
19 49 76	0.1250000000
19 49 55	0.1250000000
51 56 0	0.0108991826
19 66 55	0.1481481481
24 49 64	0.5000000000
19 8 34	0.0975609756
52 59 64	0.3333333333
59 10 82	0.5200000000
11 11 75	0.5000000000
49 11 64	0.3888888889
53 3 6	0.0260869565
6 8 75	0.5454545455
6 7 70	0.1739130435
6 57 6	0.0219780220
52 59 6	0.0086206897
6 6 64	0.4123711340
47 0 50	0.0857142857
59 47 70	0.2083333333
77 4 49	0.0625000000
11 32 64	0.2727272727
6 66 75	0.5000000000
32 49 70	0.1666666667
47 66 64	0.2411764706
14 59 64	0.3076923077
59 11 64	0.4074074074
10 7 64	0.3333333333
59 6 75	0.7826086957
61 20 6	0.0288461538
32 6 70	0.0689655172
13 49 49	0.0176187934
49 65 76	0.1666666667
49 53 64	0.2923076923
52 11 50	0.0571428571
61 7 75	0.5454545455
59 78 75	0.6428571429
52 65 64	0.3200000000
78 52 64	0.4200000000
47 21 75	0.5454545455
49 36 64	0.2926829268
49 52 64	0.4236111111
47 8 64	0.3333333333
32 61 75	0.3333333333
47 14 50	0.0634920635
64 3 70	0.1805555556
20 4 49	0.0214592275
3 53 50	0.1027397260
3 4 6	0.0408163265
24 47 6	0.0851063830
19 6 75	0.4444444444
19 68 64	0.2857142857
19 57 6	0.0649350649
22 8 50	0.0769230769
22 46 50	0.0833333333
7 49 55	0.0800000000
22 88 6	0.0666666667
19 7 70	0.2000000000
22 52 50	0.0789473684
55 18 49	0.0588235294
19 32 75	0.4444444444
22 49 64	0.4705882353
15 49 82	0.5200000000
56 57 6	0.0422535211
56 2 49	0.0260869565
7 7 49	0.0358974359
56 32 6	0.0481927711
56 52 70	0.2222222222
56 88 70	0.1428571429
48 48 64	0.2000000000
20 88 50	0.0769230769
3 50 48	0.0425531915
3 70 64	0.3703703704
7 65 64	0.3636363636
5 55 76	0.1428571429
5 19 70	0.1290322581
5 24 50	0.1086956522
15 11 49	0.0645161290
7 68 55	0.0800000000
51 64 30	0.2083333333
64 24 6	0.0173410405
48 77 6	0.1904761905
70 19 49	0.0161290323
50 19 64	0.1250000000
11 49 82	0.4400000000
14 53 75	0.3333333333
13 0 64	0.1724137931
8 13 70	0.1111111111
57 49 49	0.0268817204
78 1 49	0.0180505415
10 51 82	0.3333333333
70 18 75	0.3846153846
8 1 64	0.2142857143
70 3 75	0.5454545455
78 57 50	0.0845070423
42 2 70	0.1111111111
70 18 49	0.0147058824
2 13 6	0.0215053763
14 66 64	0.1935483871
46 61 75	0.5428571429
1 66 75	0.5000000000
49 49 49	0.0260223048
52 48 70	0.0769230769
6 36 75	0.4117647059
78 65 76	0.3750000000
14 3 6	0.0285714286
59 66 75	0.5666666667
59 57 75	0.6428571429
49 78 64	0.3888888889
13 63 50	0.0729166667
52 48 75	0.5454545455
11 47 70	0.1764705882
10 20 64	0.2500000000
59 11 70	0.0833333333
53 19 70	0.1142857143
49 2 64	0.1206896552
47 21 6	0.0241935484
59 7 64	0.2500000000
49 66 75	0.5806451613
14 3 50	0.1153846154
47 60 50	0.1014492754
10 15 64	0.3333333333
10 7 70	0.1333333333
47 60 49	0.0170940171
1 14 50	0.0625000000
57 6 50	0.0750000000
13 50	0.0384615385
1 13 64	0.3333333333
49 20 6	0.0242424242
13 78 64	0.4500000000
78 59 49	0.0285714286
57 57 70	0.0769230769
4 6 6	0.0158730159
50 11 70	0.0909090909
50 36 75	0.3333333333
13 57 50	0.1111111111
49 20 49	0.0128369705
66 5 64	0.2750000000
66 19 50	0.1086956522
57 57 64	0.2727272727
57 7 50	0.0769230769
53 32 75	0.2857142857
60 49 64	0.3428571429
79 56 6	0.0217391304
20 13 70	0.2363636364
20 53 82	0.4090909091
77 23 6	0.0342465753
20 7 49	0.0191387560
55 18 75	0.6153846154
24 13 50	0.0666666667
55 4 70	0.2222222222
22 47 70	0.3125000000
24 13 49	0.0283018868
55 3 6	0.0609756098
55 22 64	0.3333333333
20 14 49	0.0215053763
19 53 76	0.1666666667
24 66 82	0.5833333333
22 32 6	0.1190476190
15 6 6	0.0155642023
56 56 6	0.1176470588
48 56 6	0.0165289256
26 55 76	0.0909090909
3 54 75	0.3750000000
5 48 82	0.2941176471
3 50 49	0.0122699387
82 4 49	0.0264900662
15 49 76	0.2500000000
56 11 49	0.0458715596
7 66 55	0.1145833333
15 11 64	0.2000000000
51 7 75	0.5833333333
56 54 49	0.0625000000
32 3 75	0.6428571429
13 6 50	0.0582010582
57 8 34	0.1060606061
49 50 76	0.2222222222
78 53 64	0.2884615385
49 77 64	0.2727272727
50 49 76	0.1666666667
54 68 75	0.1428571429
46 56 6	0.0731707317
1 57 49	0.0151515152
47 47 50	0.0597014925
50 18 75	0.5357142857
66 49 70	0.1875000000
6 4 6	0.0287539936
50 18 82	0.4400000000
46 66 64	0.1515151515
67 23 70	0.0952380952
57 57 50	0.0895522388
57 47 75	0.3750000000
24 50 75	0.1666666667
24 59 49	0.0425531915
55 19 64	0.3750000000
55 22 50	0.0833333333
19 53 64	0.3333333333
19 50 6	0.0975609756
7 78 50	0.0681818182
22 59 64	0.2727272727
15 33 64	0.1111111111
19 78 75	0.1666666667
22 52 64	0.4166666667
56 8 6	0.0410958904
56 53 64	0.1363636364
56 8 70	0.1818181818
7 8 70	0.1304347826
56 3 50	0.0638297872
7 59 75	0.5000000000
57 52 64	0.3666666667
13 48 50	0.0821917808
49 57 6	0.0294117647
49 59 49	0.0233333333
11 49 6	0.0101010101
13 52 64	0.3913043478
10 3 75	0.2857142857
48 13 75	0.2857142857
11 59 50	0.0697674419
49 52 70	0.1101694915
32 49 82	0.3448275862
59 6 64	0.4062500000
14 6 64	0.3333333333
52 53 50	0.0720000000
19 53 55	0.2222222222
75 4 70	0.0425531915
19 13 75	0.5000000000
24 49 70	0.2222222222
19 32 50	0.1250000000
24 59 6	0.0666666667
24 46 70	0.2500000000
24 8 49	0.0425531915
11 47 64	0.2000000000
6 53 50	0.1095890411
46 53 75	0.1428571429
47 10 82	0.4117647059
52 47 6	0.0184757506
4 66 82	0.3529411765
57 54 64	0.1428571429
53 3 75	0.7500000000
13 46 70	0.1428571429
65 20 75	0.1666666667
4 52 64	0.3666666667
47 53 64	0.2972972973
6 48 49	0.0112359551
54 54 49	0.0208333333
50 29 6	0.0277777778
13 52 50	0.0893470790
8 46 50	0.0500000000
4 47 70	0.1000000000
66 5 82	0.3684210526
78 1 75	0.5833333333
50 9 64	0.2222222222
47 14 64	0.2222222222
49 6 50	0.0792079208
2 59 75	0.5833333333
6 48 64	0.3684210526
32 3 50	0.0761904762
52 57 75	0.5454545455
47 23 75	0.6428571429
26 56 34	0.0645161290
82 52 50	0.0813008130
15 77 6	0.0588235294
7 57 49	0.0386597938
75 24 75	0.2000000000
56 57 50	0.0540540541
56 54 70	0.2307692308
1 4 64	0.1666666667
11 59 64	0.3636363636
11 7 6	0.0294117647
4 3 64	0.3157894737
1 7 64	0.2222222222
6 54 75	0.1666666667
47 54 70	0.0952380952
42 1 49	0.0238095238
66 15 49	0.0191082803
11 59 49	0.0256410256
70 20 75	0.1666666667
6 32 64	0.4000000000
59 53 50	0.0937500000
59 50 50	0.1020408163
59 32 64	0.4285714286
55 29 82	0.3750000000
19 50 30	0.1111111111
19 1 75	0.5000000000
19 8 64	0.5454545455
82 29 49	0.0275229358
82 4 70	0.0869565217
51 55 76	0.1250000000
7 49 50	0.0585585586
7 78 6	0.0298507463
56 7 50	0.0810810811
7 70 55	0.1538461538
7 59 70	0.2560975610
56 65 55	0.1176470588
15 49 0	0.0410958904
56 2 70	0.2352941176
2 56 49	0.0405405405
7 47 64	0.3333333333
7 48 49	0.0443037975
56 32 64	0.2000000000
24 4 6	0.0952380952
19 57 64	0.5000000000
22 32 70	0.1000000000
55 36 75	0.5000000000
24 6 6	0.0063291139
55 3 75	0.4444444444
49 46 37	0.1000000000
6 8 34	0.0909090909
32 14 64	0.3000000000
52 47 70	0.1927710843
67 23 6	0.0229885057
61 19 50	0.0740740741
49 2 75	0.5483870968
13 47 70	0.1707317073
52 0 70	0.1034482759
52 0 64	0.1818181818
49 29 82	0.2142857143
78 60 49	0.0178571429
59 8 34	0.0964912281
47 14 6	0.0155038760
5 19 49	0.0206185567
20 0 49	0.0129032258
8 53 6	0.0588235294
57 66 75	0.4166666667
59 6 70	0.1084337349
1 3 50	0.0895522388
1 3 70	0.0454545455
13 47 6	0.0239043825
60 52 50	0.0652173913
1 3 75	0.5454545455
57 49 75	0.6060606061
4 6 49	0.0161290323
47 31 64	0.3793103448
52 54 6	0.0352941176
6 65 64	0.3333333333
2 6 64	0.3235294118
4 1 49	0.0219298246
13 14 75	0.1666666667
32 47 49	0.0192307692
47 8 50	0.0600000000
10 5 64	0.2307692308
60 10 64	0.2000000000
52 49 50	0.0596330275
79 20 50	0.0645161290
32 59 75	0.5833333333
6 8 50	0.0714285714
13 47 50	0.0428571429
6 6 49	0.0199851962
32 49 50	0.0519480519
6 47 6	0.0249376559
52 52 70	0.0813008130
26 20 70	0.1764705882
48 15 0	0.0108695652
48 7 75	0.1176470588
20 78 70	0.0952380952
3 7 49	0.0143884892
3 20 75	0.3750000000
59 65 64	0.3333333333
14 52 50	0.0666666667
14 77 64	0.1666666667
6 66 82	0.4600000000
11 32 75	0.5454545455
6 0 70	0.1111111111
53 24 50	0.1250000000
6 6 50	0.0529247911
11 3 64	0.3529411765
52 78 75	0.6153846154
47 31 82	0.4500000000
49 11 6	0.0553191489
81 54 49	0.0322580645
57 13 50	0.0869565217
49 47 49	0.0127551020
24 6 49	0.0451977401
22 60 6	0.0714285714
19 3 50	0.1428571429
19 11 50	0.1111111111
19 8 75	0.3750000000
7 13 50	0.0463917526
22 11 70	0.2222222222
19 1 6	0.0384615385
15 13 50	0.0379746835
24 52 70	0.1666666667
24 4 64	0.4000000000
19 50 64	0.2857142857
19 14 70	0.2857142857
3 53 76	0.2727272727
47 47 70	0.1750000000
42 49 64	0.2941176471
13 11 64	0.3333333333
6 18 49	0.0175438596
59 8 64	0.3333333333
10 7 6	0.0314960630
49 13 70	0.0645161290
11 60 50	0.1200000000
54 53 75	0.3888888889
78 2 70	0.1764705882
8 4 64	0.3000000000
13 78 75	0.5833333333
42 47 50	0.0810810811
78 47 64	0.2000000000
3 60 49	0.0183486239
6 57 50	0.0898876404
11 65 75	0.2727272727
53 52 64	0.2222222222
4 1 50	0.0571428571
60 4 6	0.0357142857
53 32 50	0.0625000000
53 20 50	0.0588235294
57 14 75	0.2857142857
53 54 75	0.1666666667
13 14 50	0.0625000000
54 59 75	0.1666666667
60 49 49	0.0392156863
4 31 64	0.2500000000
13 0 75	0.1250000000
6 18 82	0.4444444444
20 14 6	0.0234113712
5 24 6	0.0312500000
7 54 64	0.3600000000
15 33 82	0.3333333333
7 7 70	0.1875000000
15 0 0	0.0090090090
15 47 64	0.1851851852
15 63 0	0.0212765957
4 67 64	0.1666666667
5 21 70	0.2222222222
56 53 6	0.0285714286
56 57 49	0.0416666667
78 61 64	0.2352941176
6 49 50	0.0755555556
2 47 75	0.1666666667
47 50 50	0.0937500000
52 65 75	0.3076923077
49 7 6	0.0172117040
49 18 75	0.5172413793
78 3 75	0.5833333333
49 8 34	0.1007751938
6 49 6	0.0066777963
78 61 82	0.1666666667
61 3 70	0.0500000000
47 21 50	0.1084337349
67 1 75	0.5454545455
61 3 6	0.0335570470
2 10 64	0.2500000000
52 11 6	0.0387596899
49 1 50	0.0792079208
49 47 75	0.5454545455
19 48 70	0.1111111111
24 10 82	0.3750000000
7 68 64	0.5333333333
24 3 75	0.1666666667
19 53 49	0.0465116279
22 32 49	0.0600000000
19 13 70	0.3333333333
24 65 64	0.3076923077
7 8 64	0.5294117647
55 22 70	0.2000000000
15 14 49	0.0634920635
24 57 75	0.2857142857
19 10 75	0.2857142857
7 88 50	0.0810810811
22 49 75	0.5000000000
22 66 64	0.3750000000
15 59 50	0.0526315789
82 18 55	0.1764705882
56 11 75	0.1111111111
51 15 49	0.0305882353
56 7 64	0.3636363636
5 22 70	0.1250000000
49 47 64	0.3255813953
52 70 75	0.1428571429
59 11 6	0.0439024390
47 47 6	0.0309734513
78 3 64	0.3658536585
56 68 75	0.1428571429
7 88 70	0.2307692308
56 6 50	0.0083333333
4 59 64	0.2142857143
56 13 64	0.2380952381
19 52 70	0.2000000000
7 88 75	0.3333333333
24 49 6	0.0113636364
51 48 55	0.1818181818
24 49 49	0.0566037736
24 1 70	0.2727272727
24 11 50	0.0833333333
19 49 50	0.1428571429
19 2 70	0.3076923077
20 59 50	0.0740740741
20 53 76	0.2500000000
20 78 75	0.3333333333
51 24 50	0.0937500000
15 0 76	0.3125000000
7 54 75	0.4000000000
7 7 75	0.4166666667
77 1 50	0.0551724138
64 9 64	0.4210526316
13 48 75	0.5833333333
78 53 82	0.1111111111
78 52 75	0.5833333333
42 11 70	0.1111111111
6 36 64	0.2857142857
78 1 64	0.3461538462
70 51 64	0.2307692308
6 4 34	0.0800000000
42 53 70	0.1111111111
78 54 50	0.0434782609
54 13 64	0.3500000000
78 7 75	0.2857142857
1 6 64	0.3902439024
4 65 75	0.2222222222
20 78 50	0.0533333333
47 53 49	0.0219780220
6 1 75	0.7368421053
48 53 75	0.2500000000
59 70 64	0.2500000000
11 2 64	0.1818181818
59 48 64	0.3076923077
32 2 64	0.1818181818
6 13 50	0.0751445087
47 31 49	0.0201342282
59 1 50	0.0612244898
54 10 64	0.1304347826
11 3 50	0.1190476190
53 14 50	0.0500000000
66 3 75	0.7916666667
66 49 64	0.2307692308
49 49 70	0.1521739130
52 54 50	0.0952380952
1 54 50	0.0740740741
11 1 75	0.5833333333
54 7 6	0.0329670330
13 11 50	0.0967741935
2 6 49	0.0375939850
1 66 64	0.2500000000
53 11 50	0.0312500000
4 68 76	0.1666666667
78 1 6	0.0178571429
54 50 75	0.2857142857
13 77 64	0.3076923077
56 39 64	0.1818181818
3 42 64	0.2857142857
20 78 49	0.0079365079
3 68 55	0.0250000000
82 24 6	0.0177514793
19 50 34	0.1538461538
24 2 49	0.0517241379
24 57 49	0.0714285714
55 3 70	0.1666666667
55 4 49	0.0625000000
51 2 82	0.6500000000
64 29 49	0.0213776722
3 64 30	0.0555555556
20 60 64	0.2727272727
59 61 75	0.3333333333
46 61 64	0.2830188679
49 4 70	0.1333333333
52 7 70	0.2000000000
6 46 50	0.0677966102
49 22 64	0.2000000000
59 48 50	0.1097560976
47 8 34	0.0852713178
61 51 64	0.1666666667
78 13 64	0.3870967742
59 6 50	0.0719696970
49 50 50	0.0983606557
5 48 55	0.0769230769
20 69 6	0.3076923077
82 29 6	0.0447761194
70 19 70	0.0769230769
42 6 50	0.0625000000
78 60 75	0.2857142857
14 32 50	0.0344827586
11 2 49	0.0211267606
47 59 75	0.3750000000
6 49 70	0.1428571429
42 11 49	0.0555555556
57 7 6	0.0267857143
14 75	0.1666666667
78 50 50	0.0967741935
57 68 76	0.2857142857
14 47 50	0.0555555556
78 49 82	0.4482758621
19 59 64	0.4285714286
24 10 75	0.3750000000
55 19 50	0.0833333333
22 32 64	0.3333333333
24 13 70	0.3076923077
19 3 75	0.5000000000
22 88 70	0.1428571429
19 57 50	0.1250000000
22 49 50	0.1111111111
24 54 6	0.0789473684
24 49 82	0.5000000000
24 47 50	0.0740740741
7 4 75	0.2500000000
7 78 49	0.0236220472
56 47 64	0.1428571429
11 48 64	0.1250000000
53 49 64	0.3428571429
4 11 50	0.0714285714
66 56 6	0.0112359551
1 49 75	0.5333333333
32 11 75	0.2857142857
11 52 70	0.0434782609
10 3 70	0.1052631579
4 57 50	0.0625000000
66 3 70	0.0847457627
49 48 50	0.1311475410
49 47 70	0.1639344262
57 78 75	0.2857142857
2 59 50	0.0909090909
6 11 64	0.3870967742
10 0 75	0.3750000000
14 59 50	0.0714285714
49 0 6	0.0121951220
47 0 6	0.0093457944
49 48 6	0.0248447205
52 1 6	0.0175879397
52 3 6	0.0146788991
13 20 75	0.4444444444
13 49 50	0.0841487280
49 49 76	0.1176470588
5 24 49	0.0090909091
22 65 64	0.3000000000
24 11 6	0.0784313725
22 52 49	0.0288461538
22 8 34	0.0526315789
22 6 50	0.1304347826
56 70 55	0.2222222222
56 3 6	0.0215517241
51 56 6	0.0129870130
56 54 6	0.0789473684
56 60 70	0.1428571429
59 70 75	0.2222222222
11 60 75	0.3750000000
13 14 64	0.2666666667
14 49 82	0.4000000000
78 13 49	0.0098039216
42 47 6	0.0185185185
13 48 70	0.0714285714
70 4 6	0.0588235294
59 50 75	0.4444444444
2 59 6	0.0110497238
52 11 49	0.0175438596
7 6 76	0.2400000000
15 52 75	0.3846153846
49 1 49	0.0102915952
53 56 50	0.0645161290
61 19 6	0.0217391304
78 6 49	0.0125000000
1 52 64	0.3260869565
47 57 6	0.0256410256
53 47 70	0.1578947368
78 65 75	0.3076923077
1 49 50	0.0675675676
66 7 75	0.6428571429
66 48 64	0.1764705882
52 7 6	0.0202702703
53 88 75	0.1666666667
57 49 82	0.4583333333
47 4 70	0.1777777778
6 57 49	0.0121457490
13 20 50	0.0449438202
60 13 64	0.3529411765
6 1 49	0.0139968896
57 1 64	0.2812500000
53 8 34	0.0666666667
13 20 49	0.0280898876
11 1 49	0.0168350168
50 8 50	0.0454545455
56 54 50	0.0714285714
24 59 64	0.2222222222
22 1 6	0.0759493671
19 1 70	0.3333333333
19 48 50	0.1052631579
24 52 64	0.4210526316
19 68 55	0.0909090909
22 49 6	0.0588235294
24 66 75	0.6666666667
56 49 75	0.3333333333
4 49 64	0.2641509434
56 59 6	0.0240963855
56 78 64	0.2222222222
56 47 50	0.0190476190
20 60 70	0.1111111111
82 29 50	0.0689655172
2 77 6	0.1428571429
79 56 49	0.0285714286
13 8 50	0.0869565217
32 59 64	0.3461538462
77 4 70	0.2000000000
52 61 75	0.2727272727
49 59 70	0.0869565217
52 49 49	0.0210396040
59 7 50	0.0689655172
49 19 64	0.2500000000
32 47 64	0.2800000000
6 49 82	0.4210526316
11 11 64	0.2857142857
57 6 6	0.0050000000
59 54 64	0.2000000000
59 47 49	0.0182767624
48 47 70	0.0909090909
20 49 55	0.2000000000
20 0 75	0.4545454545
59 54 50	0.0800000000
32 13 70	0.0952380952
6 6 70	0.1727272727
48 59 50	0.0476190476
49 0 75	0.1666666667
14 59 49	0.0223880597
49 61 64	0.2608695652
59 11 49	0.0111111111
59 8 50	0.0681818182
32 53 75	0.3571428571
19 32 49	0.0675675676
15 47 49	0.0301204819
24 50 6	0.0689655172
55 24 75	0.1666666667
24 6 64	0.3888888889
13 14 6	0.0151515152
60 3 6	0.0428571429
66 3 50	0.0853658537
6 47 49	0.0155763240
3 2 75	0.3750000000
1 49 70	0.1111111111
57 47 6	0.0331125828
49 24 64	0.1428571429
49 7 50	0.0760000000
49 1 75	0.7368421053
52 7 50	0.0595238095
78 49 49	0.0175879397
2 47 49	0.0212765957
75 24 50	0.0144927536
22 32 75	0.2857142857
22 60 70	0.1818181818
24 53 70	0.2222222222
22 57 50	0.1538461538
22 6 76	0.1666666667
3 77 6	0.0322580645
56 14 64	0.2142857143
3 4 49	0.0147058824
3 68 64	0.3846153846
48 56 64	0.2000000000
8 57 75	0.1666666667
11 14 50	0.0384615385
78 54 64	0.1250000000
8 7 6	0.0370370370
11 6 76	0.2500000000
66 59 49	0.0123456790
47 32 75	0.5833333333
46 89 82	0.2727272727
2 13 75	0.4444444444
59 47 75	0.5000000000
65 20 70	0.1111111111
46 66 82	0.3571428571
56 48 49	0.0434782609
56 3 70	0.1764705882
46 59 64	0.4615384615
56 11 50	0.0454545455
56 33 82	0.2727272727
56 0 76	0.1666666667
56 14 75	0.1666666667
56 8 75	0.1250000000
56 60 75	0.1428571429
56 14 49	0.0298507463
3 88 49	0.0377358491
56 7 6	0.1060606061
48 19 49	0.0200000000
59 59 70	0.1020408163
61 3 50	0.0655737705
13 3 75	0.6666666667
24 54 49	0.0625000000
3 70 55	0.0476190476
24 13 6	0.0181818182
19 48 6	0.0526315789
19 10 64	0.2500000000
22 53 50	0.0357142857
22 0 70	0.2222222222
5 15 75	0.1818181818
7 48 70	0.2142857143
51 56 70	0.1379310345
13 78 70	0.0666666667
78 8 64	0.3076923077
47 59 70	0.0909090909
66 2 75	0.5000000000
53 4 64	0.2500000000
54 6 64	0.3181818182
53 66 75	0.3636363636
53 47 75	0.1666666667
60 47 64	0.2222222222
52 2 49	0.0145631068
11 32 50	0.0781250000
60 13 75	0.2857142857
1 11 50	0.0588235294
60 75	0.1666666667
32 50 76	0.1666666667
47 7 75	0.2857142857
54 10 82	0.2727272727
52 68 64	0.2727272727
11 53 82	0.1111111111
2 10 82	0.3750000000
11 14 64	0.2222222222
69 4 49	0.0430107527
8 66 75	0.4166666667
1 57 75	0.3750000000
78 11 50	0.0363636364
52 68 76	0.4444444444
59 48 6	0.0307692308
2 13 49	0.0109890110
47 70 75	0.2727272727
49 19 49	0.0161290323
47 21 64	0.4137931034
49 13 75	0.7916666667
59 59 6	0.0117924528
78 61 75	0.2222222222
47 47 64	0.3181818182
67 23 50	0.0784313725
3 88 75	0.3333333333
32 6 75	0.6153846154
3 4 70	0.0833333333
2 5 82	0.3636363636
20 48 70	0.0588235294
48 5 55	0.0769230769
82 29 55	0.1764705882
1 1 49	0.0171428571
13 2 64	0.3076923077
66 55 76	0.1250000000
14 52 75	0.2857142857
57 50 34	0.1034482759
11 49 75	0.5945945946
14 54 64	0.2000000000
46 52 64	0.3571428571
6 1 50	0.0619469027
14 13 49	0.0119760479
6 32 75	0.5833333333
8 34 76	0.1666666667
11 11 6	0.0283018868
52 65 76	0.3750000000
13 6 70	0.1311475410
4 13 75	0.4444444444
77 50 75	0.1666666667
6 57 64	0.2857142857
59 2 49	0.0114503817
6 78 75	0.6666666667
14 52 64	0.3043478261
3 20 64	0.2727272727
59 53 49	0.0144927536
14 59 75	0.1666666667
7 46 6	0.0165745856
2 20 64	0.2857142857
19 50 49	0.0416666667
55 24 49	0.0465116279
22 53 70	0.2857142857
22 59 49	0.0500000000
51 24 64	0.1428571429
7 2 75	0.2857142857
13 78 50	0.0571428571
54 59 49	0.0272108844
10 51 64	0.1944444444
60 7 64	0.2727272727
6 6 76	0.1875000000
60 11 50	0.0769230769
50 54 50	0.0810810811
11 88 75	0.1666666667
1 52 49	0.0144508671
54 32 6	0.0285714286
54 47 6	0.0245901639
6 29 64	0.3095238095
78 8 75	0.4444444444
66 15 64	0.4444444444
49 48 64	0.2830188679
68 19 50	0.1228070175
49 78 70	0.0645161290
11 53 75	0.4166666667
48 79 82	0.1428571429
22 7 64	0.2857142857
24 57 50	0.0689655172
22 2 49	0.0555555556
56 46 70	0.2222222222
56 56 50	0.1111111111
3 67 64	0.1111111111
64 46 37	0.1600000000
49 53 70	0.0555555556
11 3 6	0.0157068063
59 3 6	0.0212071778
59 6 76	0.2142857143
32 59 50	0.0727272727
57 2 75	0.1666666667
52 47 75	0.5833333333
49 55 76	0.3636363636
10 5 75	0.3333333333
52 48 6	0.0327868852
4 11 6	0.0555555556
8 6 50	0.0416666667
6 59 49	0.0186335404
32 32 75	0.2857142857
57 53 50	0.1379310345
54 47 75	0.2857142857
57 66 82	0.3600000000
13 78 49	0.0111731844
50 47 70	0.1250000000
52 31 49	0.0172413793
8 52 64	0.3157894737
49 32 50	0.0983606557
22 66 75	0.4444444444
24 7 64	0.3333333333
22 13 49	0.0149253731
7 65 55	0.1176470588
22 0 49	0.0285714286
19 70 55	0.1428571429
52 47 64	0.3125000000
47 57 50	0.0917431193
47 54 64	0.2000000000
49 57 50	0.1000000000
61 7 64	0.3333333333
49 57 64	0.2962962963
59 49 76	0.1904761905
3 50 82	0.3750000000
59 8 6	0.0297619048
49 1 70	0.0370370370
56 1 75	0.1111111111
7 50 48	0.0526315789
46 49 64	0.1428571429
6 59 75	0.7826086957
4 11 75	0.3750000000
8 3 6	0.0400000000
13 13 50	0.0689655172
4 8 50	0.0645161290
47 57 75	0.5833333333
4 1 75	0.5000000000
1 8 6	0.0266666667
59 50 34	0.0952380952
54 3 6	0.0136986301
50 7 49	0.0196078431
4 10 82	0.3000000000
54 10 75	0.1111111111
14 14 6	0.0178571429
11 11 49	0.0200000000
59 88 75	0.1666666667
59 32 75	0.6875000000
59 4 49	0.0136986301
13 66 82	0.3333333333
59 4 70	0.0714285714
49 8 6	0.0292397661
67 31 75	0.5714285714
13 52 75	0.7826086957
13 6 6	0.0095785441
67 1 49	0.0121212121
6 47 70	0.2000000000
7 88 6	0.0666666667
56 49 6	0.0229357798
56 61 82	0.2727272727
7 78 70	0.1333333333
24 6 76	0.2222222222
22 60 64	0.1428571429
24 7 50	0.0909090909
22 57 6	0.0689655172
19 6 6	0.0184049080
20 48 64	0.2142857143
50 23 64	0.3000000000
78 13 70	0.0800000000
8 13 75	0.1666666667
59 2 64	0.2500000000
7 50 64	0.1428571429
1 32 75	0.4444444444
6 4 75	0.5454545455
78 6 64	0.3428571429
53 52 50	0.0769230769
66 5 75	0.4827586207
60 1 64	0.2352941176
57 52 49	0.0131004367
52 78 49	0.0139534884
50 7 64	0.2222222222
10 20 6	0.0197368421
57 13 75	0.6428571429
46 53 6	0.0151515152
19 67 64	0.1666666667
19 53 70	0.3076923077
46 49 75	0.2222222222
56 4 75	0.1666666667
54 11 75	0.4444444444
4 32 50	0.0952380952
49 5 82	0.3421052632
50 70 75	0.1428571429
4 1 70	0.0769230769
53 6 64	0.3076923077
60 6 50	0.0606060606
47 53 50	0.0932203390
60 70 75	0.1428571429
50 66 82	0.2222222222
32 14 49	0.0188679245
47 6 49	0.0148063781
67 23 64	0.2222222222
49 46 70	0.2500000000
6 7 50	0.0707070707
1 65 76	0.2857142857
42 8 34	0.0714285714
14 2 70	0.1111111111
50 23 50	0.0952380952
78 53 50	0.0750000000
1 57 6	0.0280373832
6 54 50	0.0937500000
48 56 50	0.0200000000
22 1 75	0.3750000000
22 6 70	0.2000000000
19 88 50	0.0769230769
3 53 49	0.0109890110
59 78 64	0.4285714286
13 32 50	0.0769230769
57 57 75	0.5000000000
49 78 50	0.0689655172
13 32 75	0.2857142857
82 18 50	0.0615384615
56 61 55	0.2000000000
56 8 64	0.2222222222
56 68 55	0.0909090909
20 50 75	0.3333333333
24 6 50	0.0416666667
19 7 50	0.0882352941
5 79 82	0.1428571429
6 60 49	0.0186915888
4 65 64	0.2666666667
1 53 50	0.0937500000
6 10 82	0.5161290323
42 57 64	0.1428571429
46 52 50	0.0833333333
13 3 70	0.0576923077
59 6 49	0.0160642570
13 48 64	0.3513513514
8 8 50	0.0434782609
42 65 76	0.1666666667
47 13 50	0.0823529412
32 8 34	0.1000000000
46 6 64	0.2500000000
53 13 70	0.1538461538
60 54 50	0.0937500000
53 8 75	0.2857142857
68 55 34	0.0714285714
6 70 64	0.2857142857
11 53 64	0.2619047619
60 78 64	0.2000000000
2 5 55	0.2666666667
56 39 82	0.3636363636
51 24 49	0.0333333333
56 65 75	0.2222222222
2 47 64	0.2500000000
59 78 50	0.0701754386
52 50 34	0.1034482759
24 53 49	0.0333333333
19 13 50	0.0731707317
20 3 70	0.0370370370
6 14 70	0.0625000000
59 7 6	0.0239520958
48 6 6	0.0144927536
32 52 70	0.0975609756
48 11 64	0.1666666667
48 52 75	0.1666666667
52 4 70	0.0909090909
59 46 50	0.0821917808
59 14 75	0.2857142857
48 57 75	0.1666666667
32 3 70	0.0625000000
13 48 49	0.0148514851
69 31 82	0.3000000000
59 60 64	0.2666666667
14 57 50	0.0833333333
52 48 50	0.0769230769
50 23 75	0.3750000000
13 10 64	0.1590909091
11 4 6	0.0410958904
14 13 64	0.3333333333
70 3 6	0.0366972477
11 8 34	0.0877192982
4 6 64	0.3703703704
1 53 82	0.1250000000
2 52 75	0.6875000000
15 67 6	0.2500000000
24 7 70	0.1818181818
19 57 75	0.3750000000
22 7 49	0.0500000000
24 60 70	0.1428571429
19 8 49	0.0389610390
24 50 30	0.1000000000
24 32 49	0.0666666667
5 21 64	0.2857142857
15 13 6	0.0114285714
59 49 49	0.0217129071
67 31 82	0.4000000000
47 50 75	0.5000000000
19 70 75	0.2857142857
24 47 70	0.3000000000
22 13 64	0.2222222222
52 8 75	0.4444444444
32 65 75	0.1428571429
54 66 75	0.4210526316
57 10 64	0.1612903226
54 11 6	0.0348837209
52 2 70	0.1764705882
68 20 50	0.0588235294
53 56 64	0.3333333333
1 78 49	0.0148148148
6 48 76	0.2857142857
49 48 75	0.2857142857
1 78 64	0.3125000000
54 13 50	0.0612244898
59 65 75	0.3333333333
48 59 64	0.2222222222
52 13 50	0.0762711864
6 53 6	0.0142857143
57 49 6	0.0050505051
6 0 64	0.1250000000
49 61 75	0.3333333333
56 57 75	0.1111111111
67 1 6	0.0170940171
49 9 75	0.3076923077
47 46 70	0.2000000000
52 7 75	0.2857142857
47 50 6	0.0183486239
59 59 75	0.7058823529
15 10 34	0.0714285714
56 6 6	0.0183486239
56 70 64	0.3333333333
7 8 49	0.0329670330
56 13 49	0.0196629213
13 10 82	0.4736842105
1 1 6	0.0263157895
4 3 75	0.5000000000
14 65 64	0.1250000000
78 11 75	0.4444444444
52 57 49	0.0095693780
52 32 75	0.6428571429
6 10 34	0.0714285714
6 60 64	0.2142857143
11 50 50	0.1034482759
1 65 64	0.2666666667
47 11 6	0.0425531915
24 53 82	0.1666666667
55 24 50	0.0714285714
48 24 49	0.0253164557
79 56 70	0.0909090909
3 88 6	0.0444444444
77 6 50	0.0322580645
48 49 6	0.0217391304
52 4 49	0.0243902439
6 0 50	0.0555555556
32 10 82	0.3571428571
59 2 70	0.1764705882
57 53 75	0.4705882353
48 6 49	0.0235294118
59 78 49	0.0110294118
75 3 75	0.3000000000
7 50 70	0.2142857143
24 11 64	0.3750000000
60 53 64	0.1333333333
60 59 64	0.2941176471
50 24 49	0.0357142857
11 7 75	0.2857142857
47 53 82	0.1818181818
49 57 75	0.5454545455
60 2 70	0.1111111111
7 10 34	0.0869565217
66 7 6	0.0187969925
54 47 49	0.0090909091
47 47 49	0.0088105727
52 32 6	0.0281690141
66 7 50	0.0947368421
60 57 50	0.1250000000
13 1 6	0.0140845070
68 9 75	0.1428571429
60 66 64	0.2413793103
57 8 64	0.2727272727
57 59 50	0.0740740741
57 59 64	0.3750000000
32 52 49	0.0206422018
10 20 75	0.2857142857
69 1 49	0.0150943396
78 11 70	0.1304347826
8 53 75	0.3636363636
47 11 49	0.0120967742
14 6 70	0.1538461538
14 1 50	0.0740740741
13 13 70	0.1000000000
49 53 76	0.4444444444
57 50 75	0.3750000000
52 14 70	0.1538461538
14 8 50	0.0384615385
57 47 64	0.2777777778
42 13 49	0.0149253731
42 66 64	0.2500000000
22 7 75	0.1666666667
22 53 55	0.2222222222
19 88 70	0.1428571429
22 6 64	0.4545454545
19 59 50	0.0500000000
13 73 64	0.1935483871
6 8 64	0.3333333333
48 6 50	0.0625000000
53 24 75	0.3750000000
6 53 76	0.3750000000
52 78 6	0.0238095238
7 49 0	0.0384615385
15 56 6	0.0975609756
78 2 64	0.1666666667
52 57 6	0.0299401198
56 48 64	0.1111111111
7 8 75	0.5000000000
56 14 6	0.0270270270
3 50 76	0.0476190476
56 7 70	0.0833333333
79 56 50	0.0500000000
48 59 75	0.1666666667
49 24 75	0.5454545455
48 32 75	0.1666666667
14 14 64	0.2222222222
13 65 64	0.2000000000
7 50 76	0.1818181818
2 56 70	0.1000000000
49 56 50	0.0800000000
47 32 49	0.0147058824
47 6 70	0.1186440678
49 4 75	0.5454545455
8 13 49	0.0285714286
69 21 75	0.2857142857
69 21 6	0.0232558140
6 2 49	0.0140845070
57 54 49	0.0163934426
7 50 6	0.0441176471
59 8 75	0.5454545455
14 14 75	0.1666666667
52 49 6	0.0119284294
14 7 70	0.1111111111
78 47 6	0.0172413793
42 32 6	0.0476190476
52 4 64	0.2000000000
56 49 76	0.0833333333
56 63 82	0.2727272727
24 11 49	0.0571428571
15 63 64	0.1111111111
56 66 55	0.1666666667
3 88 70	0.1538461538
19 59 70	0.2727272727
55 46 37	0.1250000000
24 14 50	0.0869565217
54 6 75	0.4444444444
6 4 49	0.0109090909
1 6 6	0.0137741047
49 57 49	0.0094637224
53 52 75	0.1666666667
32 11 6	0.0563380282
10 0 6	0.0144927536
1 10 64	0.1250000000
46 66 75	0.4545454545
19 50 75	0.2857142857
7 67 64	0.4166666667
15 57 49	0.0645161290
55 29 64	0.4000000000
22 47 50	0.0810810811
19 2 49	0.0350877193
19 7 6	0.0500000000
13 48 6	0.0307692308
11 53 50	0.0937500000
4 48 64	0.1250000000
52 59 75	0.7222222222
54 60 75	0.1666666667
42 6 64	0.2222222222
8 3 50	0.0833333333
53 1 70	0.1000000000
57 49 70	0.0909090909
6 9 75	0.2222222222
60 78 6	0.0434782609
8 66 82	0.2857142857
11 52 49	0.0078328982
56 52 75	0.0909090909
52 3 70	0.0277777778
46 77 64	0.2727272727
32 49 6	0.0069444444
14 32 64	0.1428571429
53 24 64	0.1428571429
11 10 82	0.3846153846
56 50 34	0.0769230769
46 49 6	0.0425531915
2 7 50	0.0555555556
20 49 76	0.1428571429
15 59 75	0.2727272727
52 61 82	0.5000000000
67 1 50	0.0444444444
47 13 75	0.7058823529
49 19 75	0.1666666667
8 53 64	0.1875000000
53 5 64	0.2545454545
78 6 6	0.0112359551
10 0 64	0.2727272727
1 52 50	0.0697674419
53 1 75	0.2857142857
53 6 50	0.0303030303
11 59 75	0.2857142857
10 61 75	0.2222222222
54 52 50	0.0652173913
32 6 49	0.0091185410
47 78 50	0.0576923077
56 1 50	0.0232558140
4 63 6	0.1111111111
49 60 64	0.1538461538
49 65 64	0.3333333333
2 6 75	0.5454545455
49 13 49	0.0126126126
22 6 6	0.0259740260
24 14 70	0.1250000000
64 29 70	0.1034482759
56 59 50	0.0169491525
48 52 50	0.0869565217
49 32 49	0.0219780220
59 49 6	0.0104602510
2 64 30	0.1052631579
8 49 64	0.3043478261
78 11 6	0.0333333333
42 65 64	0.2000000000
66 56 49	0.0251572327
8 6 64	0.3750000000
78 1 70	0.1111111111
54 14 75	0.1666666667
78 6 75	0.6428571429
47 2 70	0.1904761905
24 67 6	0.2857142857
24 2 70	0.3076923077
19 68 76	0.1666666667
13 52 70	0.0547945205
61 20 64	0.2500000000
49 15 75	0.6153846154
2 60 49	0.0263157895
47 68 76	0.5454545455
49 50 34	0.1034482759
65 22 75	0.3750000000
50 1 64	0.2500000000
13 14 49	0.0128205128
57 70 75	0.2727272727
13 1 75	0.3750000000
6 53 49	0.0085470085
32 61 82	0.2857142857
56 1 6	0.0212765957
24 60 6	0.0666666667
24 49 50	0.1000000000
19 53 50	0.0800000000
3 50 30	0.0294117647
53 8 6	0.0263157895
1 60 49	0.0138888889
53 10 64	0.0909090909
1 6 75	0.5833333333
53 1 64	0.2500000000
32 66 64	0.2857142857
60 11 75	0.2857142857
60 6 49	0.0184049080
53 59 6	0.0158730159
32 66 75	0.3333333333
46 63 0	0.0145985401
47 4 6	0.0127659574
46 1 64	0.4166666667
6 13 49	0.0123552124
66 59 50	0.0800000000
6 47 64	0.3250000000
13 61 64	0.1891891892
70 3 70	0.0588235294
11 6 70	0.1250000000
11 59 70	0.1052631579
57 13 64	0.3548387097
59 1 75	0.7058823529
61 7 50	0.0958904110
59 77 64	0.4545454545
47 59 64	0.3793103448
78 14 64	0.2500000000
46 59 50	0.1052631579
56 50 64	0.1428571429
22 2 70	0.2222222222
19 7 64	0.3750000000
24 67 64	0.1666666667
22 53 49	0.0645161290
7 14 70	0.0588235294
15 6 64	0.1875000000
24 50 49	0.0303030303
79 56 64	0.3333333333
2 3 75	0.3333333333
54 6 70	0.1250000000
54 7 70	0.1428571429
1 11 64	0.2500000000
49 56 64	0.3043478261
1 78 75	0.3750000000
60 2 49	0.0217391304
57 52 50	0.0638297872
19 47 64	0.4166666667
22 57 64	0.2857142857
22 0 50	0.0909090909
24 47 75	0.1666666667
22 8 64	0.2857142857
56 53 49	0.0232558140
56 57 64	0.1666666667
56 60 64	0.1000000000
48 32 64	0.1428571429
8 35 64	0.2857142857
14 6 50	0.0555555556
49 50 75	0.5000000000
49 19 50	0.0729166667
6 7 6	0.0175438596
65 9 75	0.1428571429
60 53 75	0.3000000000
4 53 75	0.2500000000
57 57 6	0.0175438596
53 59 70	0.0909090909
13 60 64	0.2000000000
8 8 75	0.1666666667
55 52 70	0.2000000000
19 7 49	0.0303030303
47 13 49	0.0113636364
52 0 6	0.0162601626
49 54 64	0.1250000000
24 49 55	0.1428571429
69 4 70	0.2058823529
1 49 49	0.0235690236
11 6 50	0.0683760684
42 47 64	0.1428571429
1 57 50	0.0952380952
14 49 50	0.0277777778
70 36 75	0.3000000000
11 49 50	0.0576923077
47 4 75	0.3750000000
47 23 70	0.0769230769
49 70 75	0.1428571429
56 1 49	0.0389610390
48 59 49	0.0256410256
47 60 6	0.0175438596
59 78 70	0.0476190476
13 57 75	0.2857142857
48 6 75	0.1666666667
60 4 49	0.0188679245
52 46 50	0.0975609756
54 49 82	0.3529411765
54 7 50	0.0600000000
1 13 75	0.5000000000
59 59 50	0.0797101449
2 47 70	0.2142857143
1 59 75	0.4444444444
57 10 82	0.3571428571
60 59 75	0.1666666667
50 6 70	0.2000000000
54 47 50	0.0675675676
65 52 64	0.1250000000
51 79 64	0.2307692308
3 14 49	0.0142348754
20 67 64	0.2000000000
22 65 75	0.2857142857
55 4 6	0.0937500000
2 7 6	0.0512820513
2 56 0	0.0416666667
59 32 50	0.0875000000
11 60 64	0.1666666667
48 57 64	0.1666666667
56 8 49	0.0483870968
20 7 75	0.4000000000
57 2 49	0.0211267606
57 8 75	0.4444444444
42 47 75	0.1666666667
8 46 70	0.1250000000
50 22 70	0.1000000000
52 8 64	0.3076923077
6 65 75	0.3333333333
1 53 75	0.3888888889
6 24 50	0.0625000000
5 19 64	0.2352941176
5 24 75	0.1666666667
24 64 30	0.1250000000
22 49 49	0.0533333333
22 7 6	0.0645161290
48 55 76	0.0909090909
79 56 75	0.1666666667
15 57 64	0.2000000000
24 65 55	0.0666666667
57 59 70	0.0909090909
47 78 6	0.0357142857
60 52 70	0.0666666667
46 53 50	0.0476190476
52 49 76	0.1875000000
1 57 70	0.0769230769
47 88 50	0.0769230769
54 66 82	0.4347826087
11 1 70	0.0909090909
6 2 64	0.2222222222
77 50 6	0.0294117647
2 56 64	0.1538461538
4 46 70	0.2500000000
32 13 50	0.0714285714
13 50 64	0.1428571429
78 3 6	0.0121951220
49 8 64	0.3333333333
61 20 70	0.0625000000
14 7 64	0.2222222222
47 8 75	0.5454545455
14 54 49	0.0217391304
59 50 64	0.1428571429
78 4 6	0.0238095238
52 57 64	0.3529411765
56 32 50	0.0250000000
51 15 0	0.0079681275
14 13 75	0.4444444444
52 59 70	0.1025641026
52 14 50	0.0454545455
77 6 6	0.0250000000
46 33 82	0.2727272727
61 24 75	0.1666666667
49 24 49	0.0161290323
3 63 70	0.1764705882
78 50 75	0.2857142857
11 1 6	0.0109890110
13 61 75	0.2500000000
52 54 64	0.2500000000
7 61 55	0.1428571429
55 4 64	0.2857142857
6 14 64	0.3333333333
57 48 64	0.1250000000
2 49 6	0.0095693780
47 59 50	0.0754716981
53 6 6	0.0093457944
7 64 30	0.0476190476
22 11 49	0.0555555556
46 1 49	0.0086956522
14 49 70	0.1250000000
1 54 6	0.0217391304
42 46 50	0.0833333333
78 68 76	0.2857142857
2 13 64	0.2692307692
47 14 70	0.0588235294
48 13 64	0.1818181818
77 50 50	0.0555555556
10 33 75	0.1666666667
53 19 6	0.0254777070
49 60 50	0.1250000000
22 50 76	0.1666666667
22 53 82	0.1666666667
24 68 76	0.1666666667
53 10 75	0.1250000000
57 3 75	0.6153846154
8 6 49	0.0227272727
54 6 49	0.0139860140
13 8 34	0.1000000000
53 49 49	0.0202702703
50 3 75	0.5454545455
54 6 50	0.0597014925
48 19 50	0.0158730159
49 6 70	0.1111111111
2 78 64	0.1666666667
2 78 49	0.0625000000
15 64 30	0.0833333333
4 59 6	0.0142857143
68 9 64	0.1428571429
2 6 70	0.1562500000
50 46 50	0.0500000000
6 48 70	0.0425531915
60 8 75	0.1666666667
54 14 50	0.0384615385
42 68 75	0.1428571429
52 32 49	0.0096618357
50 46 37	0.1052631579
1 1 50	0.0517241379
13 53 64	0.2000000000
8 49 75	0.3750000000
4 78 64	0.1250000000
22 32 50	0.1250000000
19 78 6	0.0571428571
24 32 70	0.2727272727
22 57 75	0.1666666667
51 24 75	0.1428571429
19 32 64	0.3333333333
7 4 70	0.0454545455
61 2 75	0.1111111111
49 54 50	0.0967741935
49 19 70	0.1111111111
57 47 70	0.1428571429
78 2 75	0.1666666667
32 13 75	0.6428571429
47 54 49	0.0190476190
52 0 75	0.3750000000
66 49 75	0.3750000000
32 46 50	0.0500000000
60 47 75	0.1666666667
66 19 70	0.0526315789
4 70 75	0.1428571429
4 49 82	0.3333333333
47 48 50	0.1212121212
14 1 75	0.2857142857
57 8 6	0.0227272727
66 56 50	0.0277777778
70 15 64	0.2222222222
50 1 50	0.0714285714
57 4 6	0.0357142857
13 20 64	0.1666666667
11 50 6	0.0188679245
8 59 64	0.2222222222
42 3 64	0.2500000000
70 52 50	0.0689655172
42 8 75	0.1666666667
42 8 6	0.0588235294
57 60 75	0.2857142857
6 48 75	0.6875000000
59 7 75	0.2857142857
49 0 50	0.0789473684
24 8 64	0.2857142857
22 88 49	0.0588235294
24 1 6	0.0142857143
56 33 64	0.0909090909
24 65 75	0.2857142857
10 7 49	0.0069930070
48 59 70	0.0909090909
65 52 50	0.1052631579
10 3 64	0.2000000000
47 32 64	0.2222222222
11 3 75	0.5454545455
53 32 70	0.0714285714
10 3 6	0.0210526316
47 78 49	0.0062893082
57 13 49	0.0082474227
78 47 49	0.0164609053
78 49 70	0.1250000000
7 50 75	0.2857142857
6 77 64	0.3571428571
46 53 64	0.2666666667
11 8 6	0.0277777778
54 4 64	0.2500000000
46 6 50	0.0645161290
10 54 49	0.0163934426
3 0 75	0.1818181818
8 52 49	0.0136986301
60 4 75	0.1666666667
32 4 70	0.1111111111
60 13 49	0.0191082803
8 50 34	0.0769230769
32 57 75	0.1666666667
49 14 64	0.2857142857
49 10 34	0.1000000000
60 60 75	0.1666666667
49 14 6	0.0188679245
57 50 64	0.2222222222
50 11 75	0.1666666667
15 48 64	0.2222222222
2 49 82	0.2000000000
47 10 64	0.1750000000
46 49 70	0.3636363636
42 1 6	0.0344827586
78 59 70	0.1428571429
11 13 49	0.0099255583
57 6 70	0.1250000000
6 32 49	0.0162162162
14 68 76	0.1666666667
78 60 50	0.1176470588
22 13 75	0.1666666667
24 3 6	0.0512820513
24 46 6	0.0357142857
19 88 49	0.0588235294
49 54 49	0.0133333333
52 11 75	0.5000000000
2 49 49	0.0288461538
1 50 75	0.1666666667
1 1 75	0.5000000000
54 78 64	0.1250000000
50 2 49	0.0303030303
53 66 82	0.3636363636
48 6 64	0.3000000000
14 59 70	0.0769230769
59 53 70	0.0666666667
52 2 64	0.2142857143
24 8 34	0.1153846154
19 13 6	0.0206185567
19 88 6	0.0666666667
56 13 75	0.0833333333
1 32 50	0.0833333333
59 57 49	0.0070671378
70 5 64	0.1666666667
78 50 6	0.0188679245
14 3 75	0.1666666667
78 70 75	0.1428571429
8 47 70	0.1000000000
78 6 70	0.0714285714
47 46 50	0.0819672131
59 32 49	0.0163934426
66 22 50	0.0454545455
13 57 64	0.2666666667
11 6 75	0.5454545455
6 14 49	0.0192307692
78 4 64	0.1666666667
70 52 64	0.2222222222
47 11 75	0.6153846154
15 60 49	0.0447761194
14 6 75	0.2857142857
53 24 6	0.0161290323
52 60 49	0.0178571429
32 50 50	0.0588235294
50 14 64	0.1428571429
1 78 6	0.0263157895
60 4 70	0.0833333333
54 88 75	0.1666666667
60 47 50	0.0512820513
15 56 50	0.1176470588
56 46 6	0.0238095238
61 24 50	0.0769230769
47 50 64	0.2000000000
2 47 50	0.0277777778
52 53 6	0.0177777778
59 14 49	0.0173913043
49 22 6	0.0384615385
47 57 64	0.2941176471
54 49 49	0.0221402214
47 0 75	0.3750000000
4 2 70	0.1111111111
11 78 50	0.0526315789
49 56 70	0.0909090909
20 4 70	0.0344827586
78 54 70	0.0909090909
8 34 48	0.0588235294
78 88 75	0.2857142857
50 23 6	0.0212765957
4 3 6	0.0119047619
42 52 50	0.0588235294
54 49 76	0.2222222222
78 53 49	0.0243902439
57 32 70	0.0666666667
46 68 64	0.1428571429
53 53 75	0.3333333333
50 47 50	0.0500000000
6 2 70	0.1764705882
50 2 70	0.1111111111
1 50 76	0.1250000000
49 48 76	0.2857142857
47 60 75	0.2857142857
78 60 64	0.2000000000
61 56 70	0.0666666667
32 49 76	0.1250000000
7 61 82	0.2222222222
7 69 6	0.3000000000
24 69 6	0.1666666667
14 2 75	0.1666666667
14 49 49	0.0215053763
14 57 64	0.2500000000
49 0 64	0.1111111111
56 50 49	0.0303030303
49 70 64	0.2307692308
32 32 64	0.3333333333
22 49 76	0.1666666667
7 50 49	0.0120481928
54 11 49	0.0172413793
1 46 50	0.0909090909
42 6 6	0.0243902439
59 68 76	0.2857142857
46 1 6	0.0238095238
42 49 75	0.3000000000
53 6 75	0.2857142857
60 52 49	0.0136986301
32 11 50	0.0967741935
32 10 64	0.1250000000
54 11 50	0.0545454545
6 50 6	0.0219780220
56 67 64	0.2857142857
7 50 50	0.0638297872
19 49 70	0.2000000000
32 66 82	0.3333333333
1 4 70	0.0909090909
60 46 50	0.0434782609
60 3 75	0.2857142857
57 78 70	0.0666666667
6 78 70	0.0476190476
54 47 70	0.1666666667
50 54 6	0.0185185185
3 0 82	0.3000000000
6 0 49	0.0200000000
81 54 64	0.2000000000
53 3 70	0.0877192982
14 47 49	0.0163934426
42 53 64	0.1666666667
8 60 50	0.1250000000
6 24 75	0.2857142857
14 13 50	0.0625000000
11 7 64	0.2500000000
2 52 49	0.0122199593
7 0 75	0.1666666667
2 7 49	0.0285714286
15 39 64	0.1111111111
56 54 75	0.1666666667
78 7 6	0.0240963855
4 7 70	0.1111111111
60 7 70	0.0909090909
46 6 75	0.3750000000
50 49 75	0.3750000000
47 59 6	0.0174418605
69 21 64	0.3076923077
4 52 50	0.0517241379
61 56 64	0.1428571429
24 6 75	0.1666666667
55 24 6	0.0250000000
49 1 6	0.0091185410
49 39 82	0.1428571429
22 10 75	0.1666666667
19 78 49	0.0217391304
19 53 82	0.1666666667
47 78 64	0.2352941176
61 56 49	0.0246913580
13 57 6	0.0263157895
6 50 50	0.0909090909
56 50 6	0.0344827586
56 14 50	0.0869565217
6 59 70	0.0781250000
14 47 70	0.1666666667
57 6 75	0.5000000000
13 10 34	0.0714285714
6 78 50	0.0701754386
68 52 50	0.1052631579
60 1 6	0.0163934426
57 48 50	0.1052631579
50 13 75	0.1666666667
54 70 75	0.2222222222
6 29 6	0.0277777778
60 49 82	0.2500000000
60 49 75	0.3636363636
32 11 64	0.3076923077
32 8 6	0.0243902439
50 54 64	0.1428571429
47 49 50	0.0833333333
59 48 49	0.0070921986
2 61 64	0.1875000000
67 4 70	0.1333333333
55 18 55	0.1428571429
48 51 55	0.1428571429
8 4 75	0.1666666667
46 53 70	0.1176470588
14 46 50	0.0740740741
24 3 50	0.0833333333
59 65 76	0.2857142857
10 54 70	0.0769230769
47 11 50	0.0673076923
11 65 64	0.3043478261
13 50 76	0.1666666667
54 1 50	0.0370370370
57 78 49	0.0084745763
54 57 70	0.0526315789
50 11 50	0.0416666667
52 50 6	0.0169491525
65 22 64	0.2727272727
50 7 70	0.1538461538
32 8 50	0.0869565217
53 53 64	0.1666666667
1 1 70	0.0952380952
14 2 64	0.2222222222
48 49 75	0.3333333333
56 69 6	0.2857142857
22 47 64	0.1428571429
65 22 70	0.1428571429
4 52 75	0.5000000000
78 57 6	0.0285714286
8 49 49	0.0256410256
19 11 75	0.3750000000
55 19 6	0.0869565217
52 50 64	0.1818181818
61 7 6	0.0228571429
52 70 64	0.2000000000
59 14 6	0.0149253731
22 8 75	0.1666666667
19 46 70	0.1250000000
6 13 6	0.0042105263
4 32 75	0.2857142857
4 47 64	0.2000000000
53 49 82	0.2000000000
49 56 49	0.0231481481
60 54 49	0.0163934426
52 1 70	0.0909090909
47 7 64	0.2666666667
4 8 64	0.2222222222
46 7 50	0.0500000000
68 20 75	0.2857142857
78 49 50	0.0468750000
14 66 75	0.5000000000
61 19 49	0.0161290323
59 53 76	0.3750000000
60 78 75	0.1666666667
4 8 6	0.0312500000
53 11 75	0.1666666667
2 52 70	0.0545454545
50 49 49	0.0256410256
53 49 75	0.4615384615
56 63 64	0.0909090909
22 60 50	0.0500000000
6 47 75	0.5454545455
52 14 6	0.0075757576
48 49 49	0.0140845070
52 50 76	0.2222222222
13 65 75	0.1428571429
47 7 6	0.0203045685
11 32 70	0.0833333333
54 54 70	0.0769230769
8 14 50	0.0500000000
78 10 64	0.1351351351
56 70 75	0.3333333333
32 57 50	0.1111111111
53 68 75	0.1428571429
52 50 70	0.0500000000
54 53 50	0.0800000000
60 52 75	0.2857142857
48 60 64	0.1666666667
56 49 0	0.0500000000
15 56 49	0.0400000000
57 32 64	0.1428571429
59 4 6	0.0344827586
13 0 82	0.2500000000
49 48 49	0.0122448980
66 15 75	0.1666666667
1 59 6	0.0198675497
53 6 49	0.0143884892
47 52 70	0.0652173913
32 60 49	0.0243902439
52 8 6	0.0360360360
22 49 82	0.3750000000
24 32 50	0.0476190476
6 49 76	0.1052631579
13 13 6	0.0034722222
78 66 75	0.5263157895
56 60 49	0.0465116279
7 0 6	0.0149253731
22 3 50	0.0714285714
1 60 75	0.1666666667
78 78 6	0.0204081633
78 57 49	0.0112359551
57 2 64	0.1818181818
52 60 6	0.0063694268
65 3 64	0.1250000000
11 47 50	0.0648148148
47 32 6	0.0185185185
57 2 70	0.1764705882
47 32 50	0.0875000000
60 1 75	0.2857142857
57 4 49	0.0188679245
50 10 75	0.1428571429
54 88 50	0.0769230769
24 13 75	0.2857142857
4 49 70	0.1666666667
32 46 70	0.1250000000
53 57 6	0.0256410256
10 10 64	0.1818181818
42 59 64	0.1818181818
47 57 70	0.0750000000
47 49 70	0.0833333333
57 49 76	0.0714285714
8 11 50	0.0416666667
14 57 49	0.0147058824
3 10 34	0.0740740741
1 11 49	0.0170940171
70 7 75	0.3750000000
22 65 55	0.1428571429
24 50 64	0.2857142857
22 14 50	0.0833333333
48 10 82	0.1666666667
59 46 70	0.2352941176
8 35 49	0.0416666667
59 3 70	0.0392156863
1 66 82	0.3333333333
6 54 70	0.0666666667
8 2 70	0.1111111111
1 11 70	0.0952380952
70 29 64	0.2000000000
1 60 50	0.1176470588
6 32 70	0.0526315789
22 7 50	0.1250000000
4 13 50	0.0909090909
66 48 82	0.2222222222
50 7 75	0.1666666667
53 2 82	0.1666666667
60 59 50	0.0645161290
59 14 50	0.0500000000
3 0 64	0.1666666667
49 14 70	0.0588235294
48 11 75	0.1666666667
59 1 70	0.0740740741
57 59 49	0.0252100840
4 6 76	0.1250000000
57 1 6	0.0061349693
68 7 49	0.0555555556
50 65 64	0.1250000000
57 50 6	0.0307692308
54 48 50	0.1052631579
60 78 50	0.0370370370
60 59 49	0.0250000000
60 6 6	0.0078740157
32 77 64	0.3000000000
49 57 70	0.0512820513
52 88 75	0.2857142857
55 7 49	0.0555555556
70 4 64	0.1428571429
66 2 64	0.1052631579
42 53 49	0.0555555556
42 7 64	0.1428571429
78 88 50	0.0952380952
1 48 49	0.0392156863
60 47 70	0.1333333333
11 11 50	0.0454545455
53 32 49	0.0158730159
4 47 6	0.0416666667
1 4 49	0.0256410256
56 49 55	0.1666666667
2 56 50	0.0588235294
24 10 64	0.1666666667
19 53 6	0.0285714286
59 57 70	0.0540540541
14 49 76	0.1000000000
49 49 6	0.0064308682
48 60 75	0.1666666667
10 7 50	0.0576923077
53 56 49	0.0244755245
1 59 70	0.0869565217
54 68 64	0.1428571429
4 53 64	0.2142857143
47 53 70	0.0975609756
11 50 75	0.2857142857
6 46 70	0.2666666667
52 11 70	0.1071428571
67 23 75	0.2857142857
2 13 50	0.0512820513
66 22 70	0.1111111111
78 50 34	0.0769230769
8 59 6	0.0333333333
11 2 70	0.1764705882
4 13 49	0.0055865922
52 14 49	0.0112359551
60 50 76	0.1666666667
13 7 50	0.0800000000
50 18 6	0.0234375000
14 32 70	0.1333333333
11 7 50	0.0555555556
24 4 49	0.0512820513
46 56 75	0.3750000000
47 13 70	0.0740740741
8 10 64	0.1250000000
42 32 64	0.2222222222
67 23 49	0.0145985401
52 48 49	0.0131147541
50 6 64	0.2222222222
54 52 49	0.0110294118
54 47 64	0.2500000000
59 60 75	0.4444444444
13 8 75	0.1666666667
54 46 70	0.1818181818
60 4 64	0.2500000000
53 88 50	0.0769230769
54 65 76	0.1666666667
49 22 50	0.0333333333
14 66 82	0.3076923077
46 68 76	0.1666666667
42 32 75	0.2857142857
70 19 64	0.1250000000
19 8 70	0.1666666667
11 11 70	0.1200000000
54 57 64	0.2000000000
50 54 75	0.1666666667
13 50 50	0.0588235294
11 77 64	0.1666666667
5 21 50	0.0344827586
56 60 6	0.0344827586
1 78 50	0.0303030303
47 59 49	0.0250896057
57 78 6	0.0365853659
66 56 64	0.2857142857
50 3 6	0.0231213873
13 70 64	0.1250000000
56 60 50	0.0769230769
49 50 6	0.0111111111
11 8 50	0.0517241379
78 2 49	0.0212765957
24 7 75	0.1666666667
54 1 49	0.0161943320
6 18 50	0.0285714286
53 47 50	0.0769230769
60 47 6	0.0307692308
68 19 6	0.0357142857
50 53 75	0.2222222222
50 54 49	0.0163934426
10 54 75	0.1666666667
78 10 82	0.4166666667
49 22 70	0.0909090909
49 78 49	0.0138504155
49 53 82	0.1428571429
6 14 75	0.2857142857
42 49 76	0.1666666667
46 60 70	0.0714285714
52 78 70	0.0666666667
10 20 49	0.0150375940
10 0 76	0.1666666667
22 13 70	0.2222222222
5 64 30	0.0208333333
49 18 6	0.0326086957
49 2 70	0.1111111111
57 14 50	0.0540540541
1 11 75	0.3750000000
59 54 6	0.0253164557
22 66 55	0.0666666667
50 19 6	0.0434782609
24 60 49	0.0588235294
19 46 50	0.0833333333
11 54 64	0.2000000000
68 19 75	0.3750000000
50 59 64	0.2222222222
46 53 49	0.0408163265
1 14 64	0.1428571429
13 50 82	0.1666666667
78 78 49	0.0114942529
2 7 64	0.1428571429
22 88 50	0.0769230769
56 6 76	0.1000000000
56 56 49	0.0500000000
10 2 82	0.1666666667
52 0 50	0.0694444444
67 31 49	0.0210526316
20 53 55	0.0526315789
70 29 82	0.1250000000
59 54 70	0.0952380952
78 8 50	0.0425531915
53 54 50	0.0714285714
54 3 50	0.1071428571
77 6 70	0.0833333333
24 1 75	0.3750000000
4 59 75	0.1428571429
54 59 6	0.0108695652
78 65 64	0.3200000000
60 52 64	0.2000000000
57 65 75	0.2727272727
60 78 70	0.0833333333
53 70 75	0.1428571429
4 8 75	0.2857142857
1 77 64	0.1111111111
13 7 64	0.1250000000
24 7 49	0.0526315789
24 1 50	0.0322580645
42 59 70	0.1111111111
13 47 75	0.4444444444
57 78 64	0.2142857143
53 8 64	0.1428571429
32 57 64	0.2000000000
10 54 6	0.0227272727
10 2 64	0.1000000000
13 8 64	0.1428571429
59 68 64	0.1428571429
22 57 49	0.0303030303
24 49 76	0.1250000000
2 60 64	0.1111111111
15 47 75	0.1428571429
52 53 76	0.1666666667
50 1 49	0.0170940171
54 60 50	0.0769230769
11 54 50	0.0652173913
52 4 6	0.0151515152
47 0 64	0.1250000000
14 10 82	0.2500000000
8 57 50	0.0769230769
50 22 50	0.0416666667
4 8 34	0.0937500000
42 7 6	0.0588235294
70 7 49	0.0098039216
13 53 76	0.1666666667
78 8 34	0.1000000000
68 46 37	0.1250000000
60 59 6	0.0389610390
57 1 75	0.6153846154
52 50 75	0.5000000000
53 47 49	0.0156250000
50 53 64	0.0909090909
1 14 75	0.1666666667
47 3 50	0.0724637681
78 54 6	0.0294117647
4 52 49	0.0158730159
57 1 50	0.0441176471
53 13 49	0.0206185567
22 0 75	0.1666666667
26 55 34	0.0476190476
52 7 64	0.2500000000
78 49 76	0.2142857143
4 48 50	0.1052631579
14 54 6	0.0298507463
32 48 50	0.1052631579
8 6 6	0.0139860140
1 2 49	0.0212765957
50 13 70	0.1111111111
59 60 50	0.1200000000
59 32 6	0.0138888889
47 50 76	0.3000000000
8 6 70	0.1500000000
49 56 75	0.2857142857
54 52 75	0.5454545455
14 54 75	0.1666666667
24 14 6	0.0425531915
70 19 50	0.0740740741
54 2 49	0.0357142857
52 60 64	0.2500000000
15 48 49	0.0869565217
56 68 64	0.1428571429
57 3 6	0.0261780105
22 8 49	0.0476190476
6 68 76	0.3750000000
60 32 49	0.0555555556
59 1 6	0.0101351351
24 14 75	0.1666666667
55 18 50	0.0833333333
47 50 34	0.1034482759
11 46 50	0.0869565217
47 32 70	0.0714285714
4 66 64	0.2222222222
4 31 49	0.0204081633
70 54 49	0.0322580645
66 49 50	0.0487804878
78 8 6	0.0404040404
52 2 75	0.1666666667
57 70 64	0.2857142857
70 9 64	0.1428571429
57 53 76	0.1666666667
49 59 75	0.6666666667
54 57 49	0.0090090090
48 49 70	0.1000000000
24 78 64	0.1666666667
15 69 6	0.1428571429
10 61 64	0.1538461538
54 49 6	0.0077519380
60 65 64	0.1250000000
53 66 64	0.2413793103
1 48 75	0.1666666667
47 7 70	0.1666666667
47 48 6	0.0273972603
19 69 6	0.2857142857
14 8 34	0.0476190476
69 21 50	0.0967741935
50 22 6	0.0487804878
1 32 6	0.0238095238
24 32 6	0.0434782609
50 52 49	0.0039062500
10 20 70	0.0714285714
1 8 64	0.2222222222
50 14 6	0.0238095238
57 14 6	0.0210526316
50 24 50	0.0487804878
14 32 75	0.2857142857
6 24 49	0.0319148936
24 54 75	0.1666666667
32 47 70	0.1666666667
60 7 75	0.1666666667
66 56 70	0.1250000000
60 13 70	0.1111111111
54 7 64	0.2500000000
50 54 70	0.1250000000
57 46 70	0.1818181818
8 13 64	0.2500000000
78 46 50	0.1052631579
57 6 76	0.2142857143
14 54 70	0.1052631579
42 32 50	0.0833333333
11 70 64	0.2222222222
57 47 49	0.0139860140
14 53 64	0.2307692308
11 47 49	0.0122699387
19 78 70	0.1250000000
15 89 82	0.1428571429
78 68 75	0.2222222222
50 14 75	0.1666666667
60 6 76	0.1250000000
1 8 34	0.1250000000
57 48 6	0.0263157895
65 3 50	0.0833333333
46 14 70	0.1428571429
66 24 75	0.1666666667
54 54 64	0.1428571429
8 70 64	0.1428571429
57 32 49	0.0140845070
42 68 64	0.1428571429
13 1 49	0.0079365079
50 8 34	0.0476190476
50 59 50	0.0833333333
53 6 76	0.2857142857
1 54 70	0.0769230769
42 57 6	0.0344827586
78 78 75	0.2857142857
55 22 49	0.0526315789
13 57 49	0.0097087379
70 51 82	0.1428571429
8 32 49	0.0555555556
11 54 49	0.0217391304
14 11 50	0.0285714286
65 3 75	0.1666666667
13 53 82	0.1666666667
4 10 64	0.1176470588
14 47 75	0.1666666667
42 7 75	0.1666666667
1 7 50	0.0625000000
1 3 6	0.0136986301
32 59 49	0.0157480315
24 66 55	0.1764705882
6 1 70	0.0909090909
49 6 76	0.0714285714
60 3 64	0.3571428571
50 10 64	0.1250000000
65 46 37	0.1250000000
54 1 70	0.1111111111
1 53 70	0.0666666667
57 60 50	0.0769230769
46 14 50	0.0476190476
57 50 50	0.0810810811
57 10 75	0.1000000000
49 24 6	0.0059880240
59 50 76	0.1250000000
8 47 50	0.0833333333
60 54 6	0.0200000000
53 65 75	0.1428571429
11 48 50	0.1052631579
11 70 75	0.2222222222
69 4 75	0.3750000000
54 54 50	0.0714285714
66 46 50	0.0454545455
50 3 50	0.0833333333
53 59 64	0.2666666667
68 4 75	0.1666666667
66 19 75	0.1666666667
50 22 75	0.1666666667
2 61 82	0.1666666667
32 1 75	0.3750000000
46 7 70	0.1250000000
1 68 76	0.2857142857
47 54 6	0.0253164557
70 3 50	0.0697674419
6 53 70	0.0400000000
61 19 70	0.0769230769
78 52 70	0.0740740741
53 55 76	0.1250000000
56 7 75	0.1428571429
47 68 75	0.2727272727
42 59 49	0.0333333333
78 57 70	0.0714285714
55 29 55	0.1428571429
10 15 49	0.0312500000
52 68 75	0.2727272727
10 0 49	0.0098039216
60 57 6	0.0238095238
60 11 64	0.2000000000
53 1 49	0.0202020202
54 32 64	0.2222222222
42 6 76	0.1666666667
50 1 70	0.0666666667
3 53 6	0.0036630037
3 20 70	0.0833333333
14 57 70	0.0666666667
70 7 6	0.0158730159
49 53 6	0.0119047619
57 32 75	0.4444444444
32 14 50	0.0625000000
22 65 76	0.1666666667
8 56 75	0.1666666667
50 3 70	0.0769230769
42 57 50	0.0769230769
4 53 76	0.1666666667
53 57 64	0.1428571429
52 32 70	0.0400000000
78 7 70	0.0909090909
42 49 49	0.0133333333
6 60 50	0.1111111111
14 10 64	0.1875000000
50 49 82	0.1428571429
68 56 34	0.0500000000
60 8 34	0.0882352941
53 2 70	0.1538461538
67 1 70	0.1052631579
6 0 75	0.1666666667
47 68 64	0.2727272727
53 65 64	0.2307692308
47 0 70	0.0769230769
42 13 64	0.2222222222
14 6 6	0.0100000000
49 60 75	0.1666666667
4 53 50	0.1176470588
4 47 75	0.1666666667
48 77 64	0.1666666667
15 2 49	0.0098039216
59 48 70	0.0344827586
53 8 50	0.0357142857
32 48 64	0.1250000000
57 7 70	0.1764705882
55 22 75	0.1666666667
60 6 64	0.4000000000
53 6 70	0.1428571429
2 47 6	0.0175438596
70 4 75	0.1666666667
78 11 49	0.0240000000
6 7 64	0.2142857143
50 34 76	0.1250000000
8 10 75	0.1428571429
8 56 64	0.1666666667
14 54 50	0.0652173913
14 11 49	0.0259740260
4 3 50	0.0588235294
49 79 82	0.2222222222
1 8 50	0.0571428571
54 70 64	0.2222222222
10 0 70	0.0666666667
24 47 49	0.0434782609
4 78 50	0.0625000000
59 60 49	0.0194174757
10 54 64	0.1250000000
49 14 50	0.0444444444
14 53 82	0.1250000000
42 13 70	0.1111111111
65 20 50	0.0476190476
49 48 82	0.2000000000
6 18 6	0.0300751880
19 68 75	0.2857142857
8 8 34	0.0357142857
60 50 34	0.0769230769
77 21 70	0.0425531915
54 54 75	0.1666666667
49 53 49	0.0114942529
4 6 70	0.0800000000
53 14 64	0.1428571429
52 78 50	0.0487804878
78 54 49	0.0204081633
11 54 70	0.1052631579
8 2 49	0.0303030303
32 8 64	0.1428571429
54 50 50	0.0800000000
66 22 6	0.0322580645
20 88 75	0.1666666667
1 61 64	0.1818181818
10 10 75	0.1428571429
54 32 75	0.4444444444
52 57 70	0.0625000000
59 54 75	0.1666666667
77 50 70	0.1111111111
24 60 75	0.1666666667
19 59 75	0.1666666667
8 49 76	0.1666666667
49 11 49	0.0066666667
11 78 75	0.1666666667
60 59 70	0.0714285714
78 59 75	0.2857142857
52 54 75	0.1666666667
78 53 70	0.1052631579
6 11 70	0.0322580645
11 14 6	0.0151515152
4 78 6	0.0285714286
56 63 0	0.0243902439
70 34 48	0.0769230769
52 31 75	0.1666666667
53 32 64	0.2222222222
53 1 6	0.0149253731
8 6 75	0.1666666667
54 1 6	0.0070422535
66 19 49	0.0095238095
8 11 70	0.0909090909
42 47 70	0.1250000000
66 56 34	0.0400000000
78 7 64	0.2000000000
60 49 70	0.1111111111
50 29 82	0.1666666667
50 13 64	0.2500000000
1 13 70	0.0952380952
69 1 70	0.0930232558
13 61 82	0.2500000000
66 2 82	0.1250000000
68 20 70	0.1333333333
50 52 70	0.0588235294
50 60 75	0.1666666667
53 56 70	0.1153846154
54 59 70	0.0769230769
54 11 70	0.0952380952
54 78 50	0.0625000000
60 60 50	0.0769230769
42 13 75	0.1666666667
70 5 75	0.1250000000
46 50 76	0.1666666667
8 14 6	0.0238095238
47 14 75	0.2857142857
59 4 75	0.1666666667
4 49 50	0.0714285714
2 59 70	0.0689655172
11 53 49	0.0144927536
53 4 75	0.1666666667
8 6 76	0.1666666667
19 7 75	0.1666666667
4 11 64	0.2727272727
49 22 75	0.1666666667
47 11 70	0.0833333333
1 57 64	0.2727272727
60 7 6	0.0588235294
4 57 64	0.1250000000
70 51 75	0.1666666667
78 7 50	0.0476190476
32 57 6	0.0322580645
14 59 6	0.0126582278
70 52 75	0.2857142857
70 7 50	0.0869565217
42 49 82	0.1250000000
48 14 64	0.1428571429
47 0 49	0.0125000000
60 8 50	0.0714285714
78 14 49	0.0294117647
57 32 50	0.0810810811
53 54 6	0.0263157895
57 4 64	0.2500000000
49 14 49	0.0222222222
60 54 64	0.1428571429
53 65 76	0.1666666667
1 49 6	0.0057471264
53 68 64	0.1428571429
14 11 64	0.1250000000
54 4 6	0.0416666667
68 52 64	0.1250000000
6 50 76	0.1666666667
59 68 75	0.1428571429
49 50 64	0.1428571429
5 56 0	0.0034364261
4 13 64	0.2307692308
42 57 75	0.1666666667
50 60 50	0.0769230769
53 57 50	0.0952380952
59 50 6	0.0129870130
3 20 49	0.0158730159
70 15 75	0.1666666667
32 1 49	0.0079365079
4 52 70	0.0714285714
10 0 50	0.0625000000
46 1 75	0.3750000000
78 46 70	0.1000000000
52 60 75	0.2857142857
60 46 70	0.1111111111
60 57 64	0.1428571429
53 54 49	0.0208333333
59 10 75	0.0769230769
65 7 49	0.0555555556
70 5 34	0.0588235294
56 78 49	0.0217391304
50 29 50	0.0588235294
1 54 49	0.0161290323
78 48 50	0.1052631579
49 32 64	0.4166666667
13 1 50	0.0434782609
78 6 76	0.2500000000
70 18 82	0.3333333333
54 4 75	0.1666666667
1 7 6	0.0327868852
57 4 70	0.0833333333
53 57 75	0.2857142857
54 46 50	0.0769230769
32 50 34	0.0769230769
32 7 50	0.0800000000
60 47 49	0.0185185185
1 68 75	0.1428571429
1 61 82	0.1666666667
53 53 70	0.1111111111
46 6 49	0.0136054422
14 1 6	0.0120481928
49 0 70	0.0666666667
49 0 49	0.0092592593
78 1 50	0.0540540541
42 47 49	0.0163934426
65 9 64	0.1428571429
53 32 6	0.0400000000
1 2 64	0.1111111111
14 10 75	0.1250000000
47 57 49	0.0119521912
6 10 75	0.0833333333
60 11 70	0.0625000000
48 10 64	0.1000000000
32 65 64	0.2000000000
2 6 6	0.0082304527
8 1 75	0.1666666667
50 57 50	0.0769230769
53 47 64	0.1428571429
8 51 34	0.0454545455
14 1 49	0.0178571429
1 70 75	0.1428571429
53 53 49	0.0555555556
70 22 34	0.0769230769
66 22 64	0.1428571429
70 34 76	0.1666666667
6 54 49	0.0163934426
1 6 70	0.0789473684
54 49 50	0.0833333333
24 50 70	0.1250000000
54 78 75	0.1666666667
8 7 50	0.0606060606
14 50 50	0.1111111111
59 2 75	0.2857142857
66 19 64	0.2000000000
66 19 6	0.0240963855
70 9 75	0.1428571429
32 59 70	0.0500000000
53 13 64	0.3333333333
57 4 75	0.1666666667
55 19 49	0.0303030303
1 50 50	0.0800000000
54 13 70	0.1052631579
6 14 6	0.0139860140
50 59 49	0.0212765957
32 60 64	0.1111111111
61 19 64	0.1250000000
47 60 70	0.0740740741
53 54 64	0.1428571429
6 29 82	0.2000000000
61 7 70	0.0869565217
11 68 75	0.1428571429
66 46 70	0.1428571429
8 7 70	0.1818181818
1 8 75	0.2857142857
6 54 6	0.0200000000
68 3 64	0.1250000000
11 65 76	0.2857142857
11 78 64	0.1111111111
61 7 49	0.0043103448
50 46 70	0.1250000000
53 56 75	0.3750000000
8 70 75	0.1428571429
6 13 70	0.0816326531
32 32 50	0.0769230769
65 7 70	0.1111111111
66 59 64	0.3636363636
4 66 75	0.3076923077
14 6 76	0.1250000000
24 54 64	0.1428571429
49 2 49	0.0054945055
49 32 70	0.0476190476
1 7 70	0.1000000000
54 50 34	0.0769230769
70 19 6	0.0217391304
32 50 75	0.1666666667
14 4 75	0.1666666667
49 54 6	0.0172413793
57 46 50	0.0571428571
54 7 75	0.2857142857
52 46 70	0.0909090909
32 14 6	0.0204081633
50 18 50	0.0322580645
11 8 64	0.2727272727
46 52 75	0.1666666667
11 68 64	0.1428571429
68 3 50	0.0833333333
61 51 82	0.0909090909
14 53 50	0.0833333333
11 32 49	0.0155038760
66 49 49	0.0175438596
53 70 64	0.1428571429
1 4 6	0.0200000000
57 54 50	0.0937500000
8 59 49	0.0212765957
1 14 6	0.0294117647
77 6 75	0.1666666667
68 55 76	0.1666666667
13 8 6	0.0243902439
48 47 50	0.0500000000
24 59 50	0.0833333333
78 70 64	0.1428571429
1 54 64	0.1250000000
8 59 50	0.0833333333
57 60 64	0.1666666667
50 14 50	0.0500000000
46 60 49	0.0204081633
11 14 75	0.1666666667
14 14 50	0.0500000000
14 7 75	0.1666666667
59 32 70	0.0714285714
11 7 70	0.1428571429
4 57 70	0.0714285714
57 52 70	0.0645161290
46 68 75	0.1428571429
77 50 64	0.1428571429
22 47 75	0.1666666667
57 50 76	0.1666666667
1 65 75	0.2222222222
1 32 49	0.0095238095
53 59 49	0.0294117647
50 66 75	0.3000000000
78 48 64	0.1250000000
50 70 64	0.1428571429
14 13 70	0.0769230769
8 11 49	0.0232558140
11 68 76	0.2857142857
49 10 75	0.1000000000
46 60 6	0.0222222222
8 49 82	0.1428571429
57 78 50	0.0487804878
46 6 70	0.1000000000
50 5 34	0.0769230769
59 88 50	0.0769230769
70 52 70	0.0909090909
53 46 70	0.1111111111
50 11 49	0.0232558140
8 14 64	0.1428571429
32 32 49	0.0123456790
6 54 64	0.1428571429
32 4 49	0.0526315789
70 18 6	0.0294117647
11 4 75	0.1666666667
68 20 64	0.1250000000
54 50 6	0.0243902439
4 78 75	0.1666666667
13 20 6	0.0166666667
60 49 76	0.1250000000
42 8 64	0.1428571429
50 57 75	0.1666666667
13 4 49	0.0526315789
50 32 70	0.1111111111
42 6 75	0.2857142857
13 60 49	0.0156250000
6 7 75	0.1666666667
48 49 82	0.2857142857
1 68 64	0.1428571429
42 3 50	0.1111111111
48 13 50	0.0625000000
24 60 50	0.0769230769
69 31 49	0.0200000000
10 3 50	0.0540540541
1 50 34	0.0952380952
46 60 50	0.0740740741
57 54 6	0.0200000000
1 88 50	0.0769230769
60 78 49	0.0156250000
42 1 64	0.1428571429
42 52 64	0.1666666667
42 66 82	0.2857142857
47 78 70	0.0555555556
14 70 64	0.1428571429
66 63 50	0.0909090909
60 6 75	0.1666666667
53 49 6	0.0136986301
68 7 70	0.1111111111
32 48 6	0.0263157895
14 11 70	0.1333333333
1 60 64	0.1111111111
65 4 75	0.1666666667
49 56 6	0.0141843972
32 1 50	0.0434782609
46 60 64	0.1428571429
14 8 75	0.1666666667
53 14 6	0.0238095238
13 50 75	0.1428571429
42 49 6	0.0294117647
60 32 70	0.1111111111
13 60 75	0.1666666667
70 20 6	0.0357142857
32 53 76	0.1666666667
11 53 76	0.1666666667
50 23 49	0.0136986301
60 70 64	0.2000000000
1 88 75	0.1666666667
6 57 70	0.0625000000
50 7 50	0.0344827586
11 59 6	0.0070921986
11 10 75	0.1000000000
60 3 50	0.0714285714
54 53 70	0.0769230769
47 88 75	0.1666666667
4 59 50	0.0526315789
13 50 34	0.0769230769
42 65 75	0.1428571429
11 54 75	0.1666666667
32 7 6	0.0222222222
66 22 75	0.2857142857
50 22 64	0.2222222222
4 46 50	0.0500000000
54 32 49	0.0114942529
6 2 75	0.1666666667
8 1 49	0.0161290323
8 4 6	0.0476190476
4 2 49	0.0227272727
1 78 70	0.0833333333
65 55 34	0.0476190476
60 1 49	0.0111111111
54 14 6	0.0192307692
14 7 50	0.0400000000
54 54 6	0.0263157895
54 50 64	0.1428571429
57 54 70	0.0666666667
53 60 50	0.0769230769
1 32 70	0.0555555556
11 88 50	0.0769230769
32 54 50	0.1111111111
8 7 64	0.2222222222
4 47 50	0.0370370370
60 57 75	0.1666666667
53 59 50	0.0500000000
19 64 30	0.1250000000
13 2 75	0.1666666667
1 49 76	0.0833333333
42 1 75	0.1666666667
47 10 75	0.1000000000
53 14 75	0.1666666667
57 7 75	0.1666666667
32 14 75	0.1666666667
32 7 64	0.1250000000
14 65 76	0.1666666667
4 48 6	0.0263157895
13 11 49	0.0090909091
14 46 70	0.1111111111
8 52 75	0.1666666667
11 53 70	0.0666666667
66 24 50	0.0769230769
50 59 6	0.0333333333
50 32 49	0.0555555556
53 20 49	0.0029940120
4 70 64	0.1428571429
68 3 75	0.1666666667
50 48 76	0.1250000000
54 32 70	0.0555555556
54 48 64	0.1250000000
8 74 37	0.1111111111
53 47 6	0.0126582278
6 60 75	0.2857142857
11 49 76	0.1538461538
11 78 6	0.0243902439
42 66 75	0.1666666667
14 49 6	0.0088495575
54 6 6	0.0043668122
1 7 75	0.1666666667
54 52 70	0.0526315789
1 50 6	0.0243902439
8 7 75	0.1666666667
54 53 76	0.1666666667
46 52 49	0.0095238095
60 10 75	0.1428571429
50 6 76	0.1666666667
54 14 64	0.1428571429
57 13 70	0.0476190476
78 48 6	0.0263157895
78 50 64	0.1428571429
6 29 50	0.0588235294
47 49 6	0.0043478261
66 73 64	0.1000000000
13 32 49	0.0104166667
78 78 50	0.0526315789
54 78 6	0.0285714286
60 11 49	0.0112359551
13 7 6	0.0222222222
50 19 75	0.1666666667
