0	0.0000000000
1	0.0000000000
2	0.0000000000
3	0.0000000000
4	0.0526315789
5	0.0000000000
6	0.0000000000
7	0.0000000000
8	0.0000000000
9	0.0000000000
10	0.0000000000
11	0.0000000000
12	0.0000000000
13	0.0000000000
14	0.0000000000
15	0.0000000000
16	0.0000000000
17	0.0000000000
18	0.0000000000
19	0.0000000000
20	0.0000000000
21	0.0000000000
22	0.0000000000
23	0.0000000000
24	0.0000000000
25	0.0000000000
26	0.0000000000
27	0.0000000000
28	0.0000000000
29	0.0000000000
30	0.0000000000
31	0.0000000000
32	0.0000000000
33	0.0000000000
34	0.0000000000
35	0.0000000000
36	0.0000000000
37	0.0000000000
38	0.0000000000
39	0.0000000000
40	0.0000000000
41	0.0000000000
42	0.0000000000
43	0.0000000000
44	0.0000000000
45	0.0000000000
46	0.0000000000
47	0.0000000000
48	0.0000000000
49	0.0000000000
50	0.0000000000
51	0.0000000000
52	0.0000000000
53	0.0000000000
54	0.0000000000
55	0.0000000000
56	0.0000000000
57	0.0000000000
58	0.0000000000
59	0.0000000000
60	0.0000000000
61	0.0000000000
62	0.0000000000
63	0.0000000000
64	0.0000000000
65	0.0000000000
66	0.0000000000
67	0.0000000000
68	0.0000000000
69	0.0000000000
70	0.0000000000
71	0.1333333333
72	0.0000000000
73	0.0000000000
74	0.0000000000
75	0.0000000000
76	0.0000000000
77	0.0000000000
78	0.0000000000
79	0.0000000000
81	0.0000000000
82	0.0000000000
83	0.0000000000
84	0.0000000000
85	0.0000000000
86	0.0000000000
87	0.0000000000
88	0.0000000000
89	0.0000000000
90	0.0000000000
91	0.0000000000
92	0.0000000000
4 5	0.2727272727
71 51	0.0344827586
52 50 2	0.0054945055
71 10 55	0.2244897959
52 8	0.1408450704
4 51	0.1666666667
52 70 5	0.1224489796
4 2	0.0263157895
4 2 51	0.3333333333
71 50 80	0.5333333333
52 8 5	0.3529411765
52 50 5	0.4000000000
80 5	0.2857142857
52 0 8	0.0869565217
80 10 55	0.2734693878
80 51	0.2777777778
4 34 71	0.0714285714
4 27	0.0416666667
52 13 8	0.1938775510
4 10 3	0.0070422535
52 66 56	0.0347490347
52 3 8	0.0933333333
52 66 55	0.2184873950
4 10 55	0.2156862745
3 80	0.2222222222
52 14 8	0.1276595745
52 50 80	0.3786982249
80 68 5	0.4285714286
4 9 56	0.1428571429
4 4 8	0.1515151515
52 8 51	0.2500000000
52 53 8	0.1637931034
52 49 80	0.5434782609
3 71 5	0.1538461538
52 1 8	0.1369047619
80 51 2	0.0606060606
4 49 56	0.0028328612
3 80 5	0.2222222222
3 80 2	0.1428571429
4 25 80	0.5333333333
52 48 8	0.0344827586
71 49 56	0.0500000000
80 25 80	0.4358974359
4 64 80	0.3389830508
52 59 8	0.0963855422
71 48 5	0.1666666667
52 78 8	0.0722891566
80 9 56	0.2225913621
52 70 22	0.2222222222
80 49 56	0.1777777778
52 60 8	0.1600000000
3 4 22	0.1428571429
3 4 62	0.0082644628
71 9 56	0.1081081081
3 1 8	0.1477272727
80 10 3	0.2424242424
52 50 8	0.1818181818
80 9 3	0.1376146789
71 10 3	0.0769230769
4 5 5	0.1818181818
80 50 71	0.1555555556
2 80	0.2307692308
49 8	0.1818181818
3 71	0.0769230769
71 63 8	0.2941176471
3 4	0.0588235294
52 68 55	0.2075471698
1 52 70	0.1538461538
52 1 50	0.0428015564
52 50	0.0458015267
80 22 51	0.4500000000
1 52 80	0.1428571429
4 54 70	0.0409836066
3 80 51	0.1818181818
71 49 8	0.1562500000
4 6 70	0.0398009950
49 6 80	0.3636363636
52 70	0.0526315789
1 64 80	0.2666666667
4 54 50	0.0229885057
49 14 70	0.1428571429
52 75 80	0.3461538462
52 46 8	0.2258064516
71 54 70	0.0333333333
52 32 70	0.0740740741
52 78 70	0.0937500000
4 49 55	0.1562500000
52 65 55	0.2037037037
49 47 4	0.0740740741
4 9 3	0.1379310345
4 5 68	0.1111111111
52 78 50	0.0180180180
76 80	0.1428571429
7 8	0.1818181818
3 32 70	0.0909090909
22 50	0.0416666667
7 52 50	0.0588235294
7 70	0.1111111111
9 56	0.1875000000
4 8	0.1916666667
22 8	0.2857142857
22 7 8	0.3333333333
22 65 80	0.3750000000
19 70	0.1666666667
3 8	0.1521739130
9 20 8	0.1746031746
19 4 70	0.1428571429
3 13 70	0.0434782609
19 68 55	0.2857142857
9 56 51	0.2666666667
22 54 70	0.1818181818
4 1 8	0.1543859649
22 53 8	0.3250000000
4 47 70	0.0347826087
46 49 55	0.4000000000
3 3 80	0.4615384615
22 70	0.2000000000
3 53 8	0.1463414634
22 60 70	0.1250000000
22 8 51	0.1666666667
3 59 50	0.0374331551
52 1 70	0.0666666667
2 4 70	0.1153846154
3 47 8	0.1791044776
3 52 8	0.1275510204
3 59 8	0.1374045802
22 1 8	0.2800000000
3 52 50	0.0426008969
2 52 8	0.2592592593
7 50 50	0.0769230769
3 66 56	0.0452488688
52 47 70	0.0705882353
7 3 8	0.0909090909
3 6 70	0.0291262136
9 22 8	0.2758620690
19 8	0.1111111111
48 80	0.3333333333
48 4 8	0.2750000000
4 7 8	0.1459854015
48 3 50	0.0476190476
80 25 4	0.1764705882
48 52 50	0.0367647059
83 74 5	0.1818181818
83 0 80	0.4833333333
4 70 80	0.5102040816
46 37 80	0.5087719298
4 78 8	0.1507936508
4 6 4	0.0312500000
4 47 8	0.1244444444
4 6 8	0.1662468514
4 8 51	0.2500000000
83 49 55	0.3333333333
4 52 8	0.1264705882
4 66 55	0.2051282051
46 74 22	0.2857142857
80 51 22	0.5294117647
46 28	0.1428571429
83 28	0.3333333333
18 13 8	0.2555555556
4 66 56	0.0369047619
80 48	0.0909090909
18 10	0.0571428571
80 2	0.0285714286
18 48 8	0.2105263158
18 3 8	0.2203791469
4 65 55	0.1621621622
18 70	0.0909090909
18 53 8	0.2093023256
30 62 48	0.0347826087
30 62	0.0289855072
80 50 80	0.4578313253
18 20 70	0.0536585366
80 51 51	0.1818181818
18 3 70	0.0625000000
18 7 70	0.0394736842
18 8	0.0869565217
30 24 8	0.3142857143
30 18 8	0.2000000000
18 49 8	0.2482269504
18 20 8	0.2589743590
4 6 80	0.4383561644
18 7 8	0.2171428571
18 52 50	0.0545454545
18 3 80	0.3846153846
18 50 80	0.5128205128
80 54 50	0.0191637631
4 48 8	0.0769230769
18 56 8	0.1531531532
4 8 5	0.4675324675
4 57 50	0.0304054054
4 53 80	0.2000000000
4 78 50	0.0227272727
18 50	0.0243902439
18 11 8	0.1428571429
29 82 80	0.5625000000
29 50	0.0588235294
18 49 50	0.0300429185
4 46 8	0.1090909091
52 52 50	0.0326340326
24 8	0.1379310345
36 64 80	0.5000000000
29 3 8	0.1610169492
18 6 80	0.5434782609
29 8	0.2000000000
52 13 50	0.0432098765
30 80	0.2000000000
29 26 55	0.0909090909
18 52 10	0.0245901639
29 7 10	0.0259740260
18 7 50	0.0397350993
3 52 80	0.3636363636
18 57 8	0.2333333333
29 1 8	0.2500000000
2 80 48	0.3333333333
18 20 50	0.0377358491
3 50 80	0.4025974026
52 49 8	0.1623931624
29 68 80	0.2500000000
3 70 5	0.1034482759
24 8 5	0.2173913043
52 11 50	0.0285714286
29 64 80	0.6086956522
24 50 80	0.4716981132
3 46 8	0.2608695652
18 1 8	0.2692307692
36 20 8	0.1515151515
1 6 50	0.0816326531
49 47 8	0.2857142857
49 46 8	0.4000000000
49 52 70	0.0476190476
52 54 70	0.0606060606
71 49 55	0.2941176471
49 6 70	0.0555555556
1 52 4	0.1052631579
3 71 51	0.0434782609
49 65 55	0.2500000000
71 22 51	0.2727272727
52 32 50	0.0526315789
52 8 68	0.0238095238
48 80 5	0.6296296296
48 71	0.1666666667
48 1 8	0.1818181818
48 49 80	0.3333333333
48 18 70	0.3000000000
48 4	0.0377358491
48 52 8	0.1643835616
48 46 74	0.1666666667
48 71 5	0.2500000000
80 68	0.0769230769
48 80 22	0.3750000000
80 22	0.1000000000
48 52 70	0.1282051282
48 80 68	0.3636363636
48 9 56	0.3636363636
80 5 68	0.4090909091
48 80 2	0.2916666667
48 49 71	0.1818181818
48 3 8	0.1454545455
48 4 70	0.0937500000
4 59 8	0.1285714286
4 3 8	0.0841121495
46 28 51	0.2727272727
30 62 8	0.3023255814
4 49 80	0.4696969697
4 11 8	0.1584699454
4 57 8	0.1649484536
4 32 50	0.0256410256
4 13 8	0.1666666667
4 49 10	0.0126050420
4 8 48	0.3684210526
30 62 80	0.3846153846
4 6 50	0.0300157978
80 49 55	0.4054054054
4 70	0.0153846154
18 19 70	0.0487804878
18 59 10	0.0075187970
30 50 71	0.1538461538
18 50 8	0.2291666667
30 9 56	0.4090909091
18 66 56	0.0634920635
18 3 10	0.0144628099
4 8 8	0.1500000000
18 70 5	0.1764705882
4 6 71	0.0779220779
18 52 70	0.0793650794
80 24 8	0.2000000000
18 52 8	0.2132352941
18 8 8	0.1923076923
30 52 70	0.1904761905
18 6 8	0.2266666667
30 62 55	0.1333333333
30 52 8	0.2307692308
18 6 70	0.0504201681
18 66 55	0.2777777778
18 48 70	0.2500000000
9 75 80	0.3846153846
4 0 8	0.1578947368
19 6 50	0.0512820513
76 24 8	0.2857142857
52 11 8	0.1562500000
2 80 68	0.1764705882
52 3 71	0.0666666667
19 47 8	0.3611111111
7 11 70	0.2500000000
22 49 8	0.2500000000
52 8 8	0.1204819277
52 7 70	0.0952380952
22 50 8	0.2500000000
52 14 50	0.0105263158
22 8 50	0.0689655172
22 49 50	0.0606060606
3 70 80	0.4375000000
7 70 80	0.3333333333
3 3 8	0.1448275862
3 60 50	0.0800000000
3 4 8	0.1521739130
4 14 8	0.1084337349
4 42 8	0.1500000000
52 53 50	0.0299401198
3 59 70	0.0405405405
4 1 10	0.0058651026
7 68 55	0.1428571429
19 60 8	0.2307692308
4 22	0.1428571429
2 80 51	0.3269230769
4 34 4	0.0291262136
49 4	0.0588235294
1 54 50	0.0714285714
49 52 50	0.0789473684
52 64 80	0.4166666667
71 5	0.1250000000
6 47 8	0.1250000000
1 49 80	0.2307692308
6 49 80	0.4000000000
4 53 50	0.0278637771
1 8	0.0909090909
1 11 50	0.0416666667
49 80	0.2222222222
6 3 50	0.0625000000
49 59 50	0.0714285714
49 4 48	0.1428571429
4 68 55	0.1379310345
52 59 50	0.0350877193
80 54 70	0.0638297872
30 3 70	0.2352941176
30 83 74	0.2857142857
30 3 10	0.0571428571
4 62 56	0.0750000000
1 50 80	0.4166666667
71 22	0.1428571429
1 11 8	0.1111111111
49 80 22	0.1666666667
49 49 8	0.0909090909
52 47 8	0.1717791411
71 51 22	0.1666666667
71 54 50	0.0114942529
71 59 50	0.0833333333
1 8 50	0.0909090909
6 64 80	0.3333333333
4 62 48	0.0135135135
4 62 51	0.0147058824
46 74 5	0.3333333333
4 59 50	0.0335195531
4 52 50	0.0317460317
80 4 8	0.1428571429
16 50 80	0.4117647059
4 49 8	0.1788617886
4 53 8	0.1269035533
4 60 8	0.1623931624
3 6 80	0.4310344828
3 32 8	0.1875000000
4 88 8	0.1818181818
3 78 8	0.0344827586
52 52 8	0.0927835052
52 8 22	0.4166666667
52 68 56	0.2368421053
2 80 5	0.2820512821
4 75 80	0.4482758621
3 66 55	0.1690140845
3 11 8	0.1265822785
4 68 56	0.2542372881
4 52 10	0.0188679245
3 50	0.0307692308
18 8 50	0.0638297872
24 6 50	0.0625000000
9 64 80	0.3846153846
24 6 80	0.3000000000
24 60 50	0.0571428571
18 6 50	0.0583554377
3 13 50	0.0342857143
52 21 50	0.0645161290
36 75 80	0.4500000000
18 6 4	0.0352112676
24 50	0.0243902439
3 64 80	0.3714285714
24 48 8	0.1379310345
24 54 50	0.0625000000
30 4 70	0.2000000000
30 18 70	0.2857142857
4 8 50	0.0217391304
4 13 10	0.0280373832
83 10 55	0.3513513514
22 78 8	0.1818181818
7 49 80	0.2222222222
2 3 8	0.2272727273
22 0 8	0.2916666667
52 8 70	0.0588235294
46 10 55	0.4615384615
22 1 70	0.2222222222
22 11 70	0.1666666667
3 14 70	0.0588235294
22 50 71	0.1538461538
19 3 8	0.2142857143
76 18 8	0.0588235294
22 6 8	0.3023255814
48 49 4	0.1176470588
48 4 62	0.0158730159
48 80 51	0.4230769231
48 83 74	0.2500000000
48 76 80	0.3000000000
48 46 28	0.1666666667
48 3 4	0.0344827586
48 4 5	0.3000000000
48 24 8	0.2954545455
80 22 5	0.2000000000
48 4 2	0.0246913580
48 4 22	0.2857142857
52 32 8	0.2278481013
24 1 8	0.1454545455
3 1 50	0.0375939850
24 66 55	0.1750000000
18 55 80	0.3846153846
29 49 8	0.3095238095
29 6 80	0.5625000000
30 22 8	0.1428571429
4 3 80	0.1538461538
29 78 8	0.2173913043
29 3 50	0.0466321244
18 11 50	0.0169491525
29 20 8	0.1648351648
29 6 8	0.2666666667
18 47 50	0.0230769231
3 8 22	0.2500000000
24 47 8	0.1219512195
18 19 8	0.2235294118
18 52 4	0.0470588235
4 13 50	0.0250000000
4 32 8	0.2121212121
18 3 50	0.0417335474
18 47 80	0.3076923077
4 11 50	0.0324675325
18 52 80	0.3846153846
4 8 22	0.6800000000
4 65 56	0.2941176471
4 70 22	0.2727272727
4 70 5	0.1538461538
4 47 80	0.3846153846
2 80 22	0.3076923077
52 54 50	0.0333333333
29 7 8	0.1744186047
36 20 50	0.0405405405
29 32 8	0.2857142857
29 50 80	0.6500000000
52 7 50	0.0294117647
52 2 8	0.2083333333
29 10	0.0909090909
3 6 50	0.0463576159
18 75 80	0.6363636364
24 66 56	0.0296296296
4 2 8	0.2153846154
18 59 8	0.2543859649
24 48 50	0.0606060606
29 20 50	0.0519480519
3 8 5	0.2500000000
18 47 8	0.1907894737
3 57 8	0.0888888889
3 13 8	0.1919191919
18 26 55	0.1379310345
48 3 10	0.0350877193
83 28 51	0.3529411765
18 24 8	0.2187500000
4 1 70	0.0341880342
18 11 10	0.0476190476
18 10 51	0.0083333333
30 2 80	0.3333333333
18 57 10	0.0416666667
4 3 50	0.0439024390
18 56 50	0.0342465753
18 82 80	0.5892857143
4 47 50	0.0202020202
18 14 8	0.1250000000
4 8 70	0.0192307692
18 2 8	0.1851851852
80 51 68	0.2500000000
48 71 22	0.2857142857
30 18 10	0.1052631579
18 65 55	0.2380952381
18 1 70	0.0333333333
18 6 10	0.0257510730
18 56 70	0.0172413793
4 52 70	0.0357142857
18 60 8	0.1481481481
18 26 56	0.3809523810
29 52 8	0.2352941176
18 49 80	0.5416666667
52 68 80	0.3750000000
3 50 50	0.0175438596
52 7 8	0.1022727273
49 6 8	0.1612903226
49 6 50	0.0816326531
71 24 50	0.0465116279
52 49 70	0.0476190476
3 80 68	0.1428571429
1 6 71	0.1111111111
52 3 50	0.0338983051
49 7 70	0.2222222222
71 50 71	0.1363636364
48 18 8	0.0454545455
3 4 5	0.1818181818
52 57 8	0.1655629139
4 27 22	0.1666666667
4 25 4	0.1428571429
3 71 22	0.1428571429
18 24 50	0.0784313725
48 49 8	0.1818181818
18 47 4	0.0361445783
18 50 71	0.0555555556
30 3 8	0.1290322581
80 2 51	0.2777777778
48 24 50	0.0156250000
80 5 48	0.2380952381
30 62 56	0.1212121212
4 60 50	0.0241545894
80 48 5	0.2500000000
48 3 70	0.1034482759
80 5 5	0.1481481481
30 50 80	0.1111111111
4 14 50	0.0211640212
4 1 50	0.0246913580
18 52 71	0.0952380952
3 2 80	0.2727272727
52 8 2	0.0086956522
49 49 80	0.4615384615
49 80 5	0.2222222222
49 80 51	0.2222222222
52 52 80	0.2857142857
4 68 80	0.2340425532
49 71 48	0.1428571429
1 57 50	0.0769230769
4 62 8	0.1071428571
1 8 48	0.1428571429
6 6 4	0.0625000000
49 2 80	0.1250000000
1 68 56	0.1250000000
1 65 55	0.1250000000
4 62 80	0.3684210526
49 13 50	0.0416666667
6 3 4	0.0588235294
19 59 8	0.1666666667
7 57 8	0.2142857143
3 6 8	0.1458333333
7 59 8	0.2142857143
22 6 4	0.0476190476
22 54 50	0.0434782609
19 7 50	0.0769230769
3 52 70	0.0337078652
22 64 80	0.4375000000
22 65 55	0.2500000000
3 7 70	0.1304347826
3 47 70	0.0462962963
19 59 70	0.1111111111
22 32 8	0.2352941176
7 7 8	0.3000000000
52 49 10	0.0106382979
19 13 8	0.2000000000
22 6 80	0.5714285714
4 14 70	0.0227272727
4 8 68	0.0151515152
9 19 8	0.1428571429
3 54 70	0.0869565217
4 3 70	0.0425531915
22 0 70	0.0666666667
9 56 68	0.1428571429
76 4 8	0.2083333333
3 47 50	0.0207715134
22 57 8	0.2592592593
22 53 50	0.0491803279
2 83 28	0.2500000000
1 13 8	0.0555555556
52 3 80	0.3636363636
4 24 50	0.0465116279
6 6 80	0.2857142857
49 52 4	0.0434782609
1 8 8	0.1000000000
36 7 8	0.1304347826
18 21 8	0.0769230769
3 32 50	0.0505050505
29 24 50	0.0740740741
4 49 50	0.0124223602
29 56 50	0.0434782609
24 65 55	0.1333333333
24 0 8	0.1666666667
3 8 8	0.0769230769
3 8 50	0.0392156863
18 65 80	0.2857142857
3 48 8	0.1025641026
3 3 50	0.0365296804
24 52 8	0.0779220779
24 78 50	0.0232558140
36 56 8	0.1500000000
29 11 8	0.2000000000
24 50 8	0.1818181818
24 47 50	0.0434782609
18 60 50	0.0689655172
18 32 8	0.1891891892
29 22 8	0.0769230769
18 31 10	0.0434782609
22 53 70	0.0952380952
19 50 8	0.2000000000
7 48 8	0.2352941176
7 50 80	0.3076923077
52 52 70	0.0493827160
7 52 8	0.2272727273
7 11 8	0.1000000000
19 49 8	0.1875000000
7 52 70	0.1818181818
19 32 8	0.2272727273
2 4 8	0.2452830189
52 57 70	0.0581395349
22 8 8	0.1333333333
7 46 8	0.3333333333
52 11 70	0.0857142857
29 49 80	0.5384615385
24 6 8	0.1500000000
18 68 80	0.4117647059
29 8 8	0.0833333333
3 6 4	0.0219780220
24 32 8	0.1176470588
24 49 80	0.3888888889
52 65 80	0.4000000000
3 8 51	0.1363636364
3 4 70	0.1000000000
1 49 70	0.2000000000
1 49 8	0.0588235294
49 8 50	0.0909090909
49 70 80	0.1666666667
49 60 50	0.0769230769
49 14 8	0.1111111111
52 70 80	0.2857142857
3 2 8	0.1578947368
3 50 5	0.2222222222
6 3 8	0.0714285714
49 80 48	0.1428571429
71 5 5	0.0909090909
1 52 50	0.0888888889
49 6 4	0.0370370370
4 62 28	0.1666666667
4 22 51	0.2727272727
1 32 8	0.0909090909
6 47 80	0.1428571429
22 32 50	0.0689655172
52 60 50	0.0325203252
22 52 10	0.0270270270
7 66 56	0.0909090909
22 60 8	0.2916666667
76 3 8	0.1666666667
19 53 8	0.2631578947
22 49 10	0.0344827586
4 7 50	0.0214723926
4 3 10	0.0150943396
4 53 70	0.0198019802
83 28 68	0.1111111111
18 13 50	0.0382165605
18 59 50	0.0414201183
4 48 5	0.1666666667
16 76 80	0.2941176471
24 52 50	0.0661764706
52 21 8	0.0555555556
24 6 4	0.0468750000
24 59 50	0.0444444444
29 56 8	0.0833333333
9 19 50	0.0625000000
18 57 50	0.0549450549
3 3 4	0.0512820513
24 57 8	0.1142857143
29 55 80	0.3846153846
49 8 48	0.1428571429
49 32 70	0.1111111111
52 4 8	0.0714285714
1 13 50	0.0416666667
49 7 8	0.1538461538
3 11 70	0.0444444444
22 11 8	0.2222222222
19 4 8	0.1111111111
7 8 8	0.1818181818
3 14 8	0.0800000000
7 57 70	0.1250000000
22 6 10	0.0250000000
19 6 70	0.1764705882
19 32 50	0.0750000000
19 8 51	0.1666666667
19 49 80	0.4000000000
76 18 10	0.0416666667
52 4 70	0.1111111111
9 20 70	0.0625000000
19 54 50	0.0434782609
52 8 50	0.0470588235
52 88 8	0.1250000000
3 53 70	0.0434782609
3 8 70	0.0400000000
46 10 3	0.0449438202
52 53 70	0.0181818182
19 64 80	0.4000000000
22 47 8	0.3529411765
22 6 50	0.0434782609
22 50 70	0.1000000000
7 32 8	0.1250000000
49 4 51	0.1666666667
71 59 8	0.0666666667
4 62 27	0.1000000000
49 64 80	0.3333333333
4 62 50	0.0392156863
71 34 71	0.1428571429
29 59 8	0.2682926829
3 52 4	0.0235294118
18 78 8	0.2000000000
4 3 4	0.0357142857
4 59 10	0.0111731844
36 3 8	0.1566265060
29 47 8	0.2558139535
29 66 56	0.0285714286
29 13 8	0.2500000000
29 47 50	0.0400000000
29 49 10	0.0243902439
24 68 55	0.1578947368
3 50 8	0.1785714286
29 6 50	0.0447761194
24 3 8	0.0740740741
24 53 8	0.0833333333
30 80 2	0.0909090909
4 8 2	0.0053475936
48 7 8	0.0909090909
29 49 50	0.0422535211
29 19 8	0.1290322581
18 22 8	0.0769230769
24 53 50	0.0476190476
29 1 50	0.0740740741
18 3 71	0.0952380952
48 29 70	0.1250000000
16 50 71	0.1379310345
49 54 50	0.0714285714
49 32 8	0.0909090909
1 3 8	0.1111111111
80 24 50	0.0200000000
52 59 70	0.1136363636
1 3 80	0.2222222222
4 6 10	0.0080321285
83 49 56	0.0400000000
48 83 28	0.2857142857
4 24 8	0.0740740741
1 70 80	0.1666666667
6 3 80	0.2857142857
1 59 50	0.0714285714
6 59 50	0.0476190476
1 6 8	0.0967741935
71 34 4	0.0606060606
52 49 50	0.0368098160
3 88 8	0.1818181818
19 50 80	0.1000000000
9 3 10	0.0294117647
52 3 4	0.0681818182
22 52 8	0.2352941176
19 8 70	0.1666666667
22 50 80	0.3666666667
22 66 55	0.3200000000
19 6 80	0.5333333333
7 47 8	0.2666666667
4 0 50	0.0111111111
3 2 70	0.0800000000
3 11 10	0.0163934426
29 13 50	0.0384615385
29 60 8	0.2307692308
29 52 50	0.0400000000
24 11 8	0.0540540541
52 57 50	0.0500000000
29 78 50	0.0333333333
18 19 50	0.0373831776
52 3 70	0.1000000000
71 59 70	0.0454545455
49 47 80	0.2222222222
49 11 70	0.0909090909
18 47 70	0.0232558140
18 60 10	0.0540540541
29 57 8	0.2500000000
24 7 8	0.0714285714
24 53 80	0.2727272727
30 52 50	0.0149253731
29 8 50	0.0666666667
19 6 4	0.0666666667
7 8 68	0.1000000000
52 2 70	0.0909090909
19 1 70	0.2142857143
19 88 50	0.0769230769
22 52 50	0.0657894737
19 66 55	0.1764705882
22 7 50	0.0357142857
76 18 70	0.2000000000
3 13 10	0.0211267606
22 70 80	0.3333333333
19 2 8	0.1818181818
19 68 80	0.3750000000
19 13 70	0.0909090909
7 13 50	0.0625000000
4 11 70	0.0297029703
22 6 71	0.1250000000
76 29 10	0.0909090909
30 62 70	0.0869565217
18 65 56	0.2727272727
48 18 10	0.0303030303
52 47 50	0.0245614035
24 57 50	0.0434782609
76 18 50	0.0645161290
24 8 8	0.1111111111
18 32 50	0.0694444444
24 13 50	0.0571428571
3 75 80	0.3043478261
2 46 28	0.2500000000
3 68 56	0.1304347826
4 27 2	0.0434782609
48 71 51	0.0454545455
52 47 80	0.2727272727
49 52 8	0.0555555556
49 52 80	0.2857142857
49 4 22	0.1666666667
49 4 5	0.2500000000
49 13 8	0.1111111111
1 1 50	0.0833333333
1 57 8	0.1111111111
24 11 50	0.0655737705
18 1 50	0.0588235294
24 1 50	0.0533333333
30 7 8	0.1818181818
29 7 50	0.0360360360
6 13 50	0.0625000000
4 48 50	0.0379746835
18 50 70	0.0434782609
18 2 70	0.0588235294
18 2 10	0.0370370370
3 65 56	0.0909090909
3 10 5	0.0210526316
18 3 4	0.0242424242
3 48 50	0.0408163265
24 78 8	0.0645161290
24 75 80	0.1250000000
3 57 50	0.0390625000
1 10 51	0.0344827586
49 4 70	0.2500000000
49 1 50	0.0833333333
52 14 70	0.0769230769
4 2 70	0.0222222222
4 60 70	0.0294117647
19 46 8	0.2857142857
22 13 50	0.0666666667
19 47 50	0.0535714286
22 46 8	0.1666666667
9 7 8	0.1379310345
22 6 70	0.1538461538
1 60 8	0.1111111111
6 10 5	0.0833333333
6 6 50	0.0937500000
49 59 8	0.1111111111
1 52 8	0.0869565217
1 6 80	0.2727272727
6 6 8	0.1000000000
24 52 10	0.0240963855
29 65 80	0.2500000000
22 52 70	0.1428571429
7 48 70	0.1111111111
3 7 50	0.0309278351
7 78 8	0.1818181818
3 88 50	0.0476190476
19 75 80	0.2500000000
30 62 2	0.0120481928
29 57 50	0.0769230769
18 53 50	0.0196078431
83 74 22	0.1250000000
4 47 4	0.0090909091
2 2 80	0.1764705882
48 3 80	0.1428571429
3 7 8	0.1162790698
3 57 70	0.0212765957
19 47 70	0.1000000000
22 57 50	0.0681818182
76 52 70	0.2500000000
19 7 70	0.1666666667
2 52 50	0.0638297872
1 8 22	0.1666666667
1 3 50	0.0869565217
1 46 8	0.1000000000
18 49 70	0.0352941176
18 1 10	0.0149253731
48 48 80	0.2727272727
1 3 4	0.1000000000
49 7 50	0.0476190476
49 47 71	0.0833333333
1 52 71	0.1111111111
49 54 70	0.1538461538
3 60 10	0.0400000000
29 59 50	0.0363636364
29 68 55	0.2307692308
18 50 50	0.0142857143
52 13 70	0.0425531915
19 1 50	0.0625000000
7 52 10	0.0434782609
22 13 8	0.2500000000
3 60 8	0.1000000000
52 23 50	0.0714285714
24 59 8	0.0769230769
29 4 8	0.2000000000
29 70 5	0.0909090909
3 59 10	0.0056179775
30 62 50	0.0169491525
3 3 70	0.0454545455
19 11 8	0.2500000000
7 13 8	0.1538461538
7 1 8	0.1666666667
52 88 50	0.0769230769
19 49 10	0.0400000000
7 47 50	0.0500000000
4 78 70	0.0545454545
29 19 50	0.0487804878
18 54 50	0.0487804878
30 80 5	0.2000000000
49 71 22	0.1666666667
52 52 4	0.0138888889
18 49 10	0.0095238095
48 3 71	0.1111111111
48 29 8	0.1000000000
18 50 2	0.0144927536
1 8 5	0.2500000000
46 49 56	0.0333333333
3 14 50	0.0208333333
22 49 80	0.2500000000
9 3 70	0.0909090909
2 52 70	0.1764705882
22 3 8	0.1111111111
76 4 70	0.0714285714
19 53 70	0.0909090909
76 29 8	0.1000000000
3 47 4	0.0245901639
19 6 8	0.2692307692
18 4 8	0.0769230769
3 6 10	0.0046296296
29 42 8	0.1250000000
24 3 50	0.0701754386
9 24 8	0.1739130435
24 3 80	0.1428571429
24 14 50	0.0243902439
3 11 50	0.0314960630
19 52 8	0.1818181818
4 59 70	0.0454545455
19 66 56	0.0465116279
19 49 70	0.1666666667
22 32 70	0.0769230769
3 65 80	0.2857142857
7 1 50	0.0625000000
24 8 51	0.1666666667
24 68 80	0.2727272727
24 13 8	0.1000000000
3 53 80	0.1818181818
18 7 10	0.0222222222
18 11 70	0.0434782609
49 66 56	0.0666666667
1 60 50	0.0769230769
6 59 8	0.1428571429
18 59 70	0.0161290323
4 27 5	0.0454545455
36 56 50	0.0392156863
22 75 80	0.2500000000
7 13 10	0.0588235294
19 57 8	0.2500000000
3 8 48	0.2857142857
71 5 68	0.1250000000
71 24 8	0.0740740741
49 11 50	0.0416666667
71 9 3	0.0769230769
6 13 8	0.0909090909
1 7 50	0.0476190476
52 10 5	0.0133333333
24 68 56	0.0714285714
18 10 5	0.0289855072
52 65 56	0.1176470588
29 3 10	0.0140845070
36 3 50	0.0575539568
18 13 10	0.0097087379
49 4 27	0.0416666667
24 8 22	0.2000000000
76 80 68	0.1666666667
7 3 50	0.0588235294
4 4 70	0.0175438596
3 1 70	0.0487804878
7 8 70	0.1250000000
2 3 70	0.1538461538
18 6 71	0.0740740741
80 4 70	0.0540540541
29 6 10	0.0204081633
76 80 51	0.1818181818
52 13 10	0.0142857143
19 54 70	0.1818181818
22 2 8	0.1818181818
19 6 71	0.1250000000
19 32 70	0.1875000000
22 60 50	0.0512820513
22 11 50	0.0357142857
3 54 50	0.0555555556
24 14 8	0.0555555556
3 70 22	0.1875000000
9 24 50	0.0740740741
9 56 48	0.3333333333
2 3 50	0.0645161290
22 49 70	0.0666666667
52 8 48	0.2000000000
1 59 70	0.0769230769
6 49 8	0.0833333333
3 4 2	0.0322580645
9 19 70	0.1578947368
7 3 10	0.0500000000
3 68 55	0.1666666667
1 3 71	0.0833333333
49 2 70	0.1111111111
49 50 80	0.1666666667
1 6 4	0.0740740741
19 49 50	0.0400000000
7 8 51	0.3333333333
46 61 50	0.1538461538
29 60 50	0.0588235294
3 47 80	0.2307692308
22 1 50	0.0547945205
3 47 71	0.0555555556
19 13 50	0.0476190476
22 0 50	0.0294117647
76 2 80	0.0909090909
22 4 8	0.1111111111
76 80 48	0.1428571429
49 59 70	0.0769230769
83 28 5	0.1111111111
49 71 5	0.0833333333
7 48 50	0.0526315789
22 47 50	0.0322580645
52 47 71	0.0625000000
9 7 10	0.0270270270
7 32 50	0.0769230769
29 32 50	0.0476190476
29 11 50	0.0322580645
4 62 55	0.0666666667
24 3 10	0.0169491525
22 57 70	0.1578947368
9 3 50	0.1000000000
46 56 70	0.1666666667
29 24 8	0.1304347826
49 57 50	0.0769230769
1 59 8	0.0555555556
18 68 55	0.1578947368
9 20 50	0.0493827160
3 65 55	0.1111111111
7 11 50	0.0625000000
7 6 4	0.0952380952
49 2 8	0.0833333333
1 6 70	0.1111111111
19 1 8	0.2105263158
29 50 5	0.1666666667
30 22 50	0.0416666667
36 26 56	0.2727272727
24 8 50	0.0344827586
29 70 22	0.1666666667
48 30 80	0.1111111111
19 11 70	0.1538461538
19 57 50	0.0555555556
7 6 50	0.0769230769
18 8 70	0.0833333333
18 47 71	0.0588235294
7 59 10	0.0666666667
29 8 51	0.1250000000
1 14 50	0.0500000000
1 7 8	0.0769230769
19 13 10	0.0588235294
7 50 71	0.1111111111
9 22 70	0.1333333333
22 47 70	0.0909090909
9 3 8	0.1304347826
4 57 70	0.0196078431
19 8 50	0.0666666667
22 8 70	0.1250000000
49 11 8	0.0555555556
1 3 70	0.0909090909
29 15 10	0.0104166667
29 53 8	0.1538461538
1 66 56	0.0333333333
76 29 50	0.0588235294
76 52 50	0.0625000000
3 68 80	0.1428571429
4 65 80	0.0500000000
24 32 50	0.0689655172
49 13 70	0.0909090909
4 76 80	0.0909090909
18 8 2	0.0256410256
19 52 50	0.0312500000
29 26 56	0.2222222222
30 19 8	0.1111111111
18 50 5	0.1428571429
3 3 10	0.0108695652
24 59 10	0.0222222222
24 46 8	0.1578947368
9 7 70	0.0666666667
24 13 10	0.0200000000
30 4 8	0.1818181818
52 47 4	0.0144927536
7 14 8	0.1666666667
18 15 10	0.0084745763
18 70 22	0.1538461538
76 3 70	0.1111111111
19 78 8	0.1250000000
1 2 8	0.0833333333
76 52 8	0.1000000000
3 3 71	0.0500000000
24 47 4	0.0212765957
24 0 50	0.0294117647
22 14 8	0.2857142857
22 2 70	0.1111111111
52 50 70	0.0344827586
1 8 51	0.1666666667
18 57 70	0.0277777778
29 54 50	0.0370370370
36 7 50	0.0294117647
49 14 50	0.0500000000
1 66 55	0.1000000000
19 57 70	0.1875000000
3 52 10	0.0106951872
29 6 4	0.0512820513
18 68 56	0.0714285714
29 66 55	0.1875000000
49 71 51	0.0500000000
19 88 8	0.1250000000
76 29 70	0.1250000000
29 50 8	0.1000000000
30 80 22	0.1666666667
7 50 8	0.1250000000
7 47 70	0.1250000000
4 7 70	0.0147058824
29 68 56	0.1250000000
7 6 8	0.1250000000
22 66 56	0.0206185567
29 14 8	0.0833333333
49 10 5	0.0526315789
24 47 80	0.1428571429
19 60 50	0.0588235294
18 88 50	0.