0	0.0000000000
1	0.0000000000
2	0.0000000000
3	0.0000000000
4	0.0000000000
5	0.0000000000
6	0.0000000000
7	0.0000000000
8	0.1666666667
9	0.0000000000
10	0.0000000000
11	0.0000000000
12	0.0000000000
13	0.0000000000
14	0.0000000000
15	0.0000000000
16	0.0000000000
17	0.0000000000
18	0.0000000000
19	0.0000000000
20	0.0000000000
21	0.0000000000
22	0.0000000000
23	0.0000000000
24	0.0000000000
25	0.0000000000
26	0.0000000000
27	0.0000000000
28	0.0000000000
29	0.0000000000
30	0.0000000000
31	0.0000000000
32	0.0000000000
33	0.0000000000
34	0.0000000000
35	0.0000000000
36	0.0000000000
37	0.0000000000
38	0.0000000000
39	0.0000000000
40	0.0000000000
41	0.0000000000
42	0.0000000000
43	0.0000000000
44	0.0000000000
45	0.0000000000
46	0.0000000000
47	0.0000000000
48	0.0000000000
49	0.0000000000
50	0.0000000000
51	0.0000000000
52	0.0000000000
53	0.0000000000
54	0.0000000000
55	0.0000000000
56	0.0000000000
57	0.0000000000
58	0.0000000000
59	0.0000000000
60	0.0000000000
61	0.0000000000
62	0.0000000000
63	0.0000000000
64	0.0000000000
65	0.0000000000
66	0.0000000000
67	0.0000000000
68	0.0000000000
69	0.0000000000
70	0.0000000000
71	0.0000000000
72	0.0000000000
73	0.0000000000
74	0.0000000000
75	0.0000000000
76	0.0000000000
77	0.0000000000
78	0.0000000000
79	0.0000000000
80	0.0000000000
82	0.0000000000
83	0.0000000000
84	0.0000000000
85	0.0000000000
86	0.0000000000
87	0.0000000000
88	0.0000000000
89	0.0000000000
90	0.0000000000
91	0.0000000000
92	0.0000000000
57 57 8	0.1666666667
52 3 81	0.5000000000
57 8	0.1666666667
48 8	0.1666666667
14 8	0.1666666667
14 11 8	0.1666666667
52 81	0.2857142857
14 59 81	0.1666666667
57 2 81	0.1666666667
47 3 8	0.2000000000
6 81	0.2857142857
6 13 81	0.3750000000
13 49 8	0.0645161290
48 60 8	0.1666666667
32 81	0.1666666667
11 60 8	0.1666666667
3 13 81	0.5833333333
11 8	0.1666666667
6 6 81	0.5454545455
48 11 81	0.1666666667
6 13 8	0.1600000000
75 18 8	0.1666666667
57 2 8	0.1666666667
52 52 81	0.5454545455
59 52 8	0.0500000000
59 6 81	0.5000000000
59 78 81	0.2857142857
49 1 8	0.0606060606
49 59 81	0.3750000000
47 52 8	0.0277777778
32 3 8	0.0588235294
52 49 81	0.5000000000
59 59 8	0.1000000000
32 6 81	0.2857142857
49 6 81	0.5000000000
13 13 81	0.3750000000
57 59 81	0.1666666667
47 31 81	0.3750000000
49 13 81	0.5833333333
6 1 8	0.0784313725
75 18 81	0.2857142857
49 7 8	0.0606060606
6 59 8	0.0588235294
48 6 81	0.1666666667
49 59 8	0.0961538462
11 2 81	0.1666666667
6 6 8	0.0526315789
6 1 81	0.3750000000
52 78 8	0.0294117647
49 52 81	0.4444444444
3 59 8	0.0603448276
59 3 81	0.5833333333
59 59 81	0.3750000000
49 13 8	0.3103448276
3 3 8	0.0833333333
52 1 81	0.5454545455
49 52 8	0.0666666667
13 52 8	0.0588235294
47 31 8	0.3750000000
57 6 81	0.1666666667
77 1 8	0.0571428571
53 3 8	0.0576923077
3 6 81	0.5000000000
47 52 81	0.3750000000
11 59 81	0.1666666667
59 52 81	0.3750000000
52 52 8	0.0592592593
47 3 81	0.1666666667
11 2 8	0.1666666667
64 3 8	0.1052631579
59 49 8	0.0508474576
77 1 81	0.3750000000
53 15 81	0.4444444444
32 52 8	0.0545454545
64 29 81	0.2857142857
77 6 81	0.1666666667
13 49 81	0.6428571429
10 7 81	0.2857142857
52 1 8	0.1315789474
13 52 81	0.4444444444
78 81	0.1666666667
6 8	0.0400000000
32 60 8	0.2857142857
52 8	0.0909090909
13 60 8	0.1111111111
32 59 8	0.0909090909
13 57 81	0.1666666667
6 59 81	0.4444444444
13 13 8	0.1470588235
78 8	0.1666666667
52 3 8	0.0563380282
47 13 81	0.1666666667
52 59 8	0.0487804878
6 3 81	0.4444444444
13 8	0.0434782609
3 52 8	0.0560747664
3 3 81	0.4444444444
47 6 81	0.5454545455
2 6 8	0.0714285714
6 11 8	0.0625000000
59 49 81	0.5833333333
60 59 8	0.1666666667
32 6 8	0.0465116279
32 32 81	0.1666666667
78 11 8	0.1666666667
78 6 81	0.1666666667
3 13 8	0.1481481481
52 13 81	0.5000000000
59 3 8	0.1578947368
48 57 8	0.1666666667
59 78 8	0.0232558140
52 13 8	0.1600000000
32 13 8	0.1379310345
75 3 8	0.0833333333
6 49 81	0.3750000000
6 78 81	0.2857142857
13 3 8	0.1250000000
3 59 81	0.6428571429
60 78 81	0.1666666667
13 1 8	0.1200000000
52 60 8	0.0625000000
13 11 8	0.0357142857
13 32 81	0.1666666667
3 6 8	0.0612244898
10 15 81	0.3750000000
2 60 8	0.1666666667
61 7 81	0.4444444444
59 60 8	0.0588235294
2 78 81	0.1666666667
64 29 8	0.1333333333
61 56 81	0.3750000000
59 32 81	0.1666666667
2 59 8	0.0588235294
60 60 8	0.1666666667
49 78 8	0.0487804878
52 2 8	0.0833333333
47 6 8	0.0892857143
78 78 81	0.1666666667
61 56 8	0.0476190476
57 60 81	0.1666666667
6 78 8	0.1052631579
32 52 81	0.2857142857
14 57 8	0.1666666667
49 32 81	0.1666666667
6 3 8	0.1132075472
57 57 81	0.1666666667
6 57 8	0.0416666667
52 57 8	0.0714285714
52 60 81	0.1666666667
3 52 81	0.3750000000
49 49 81	0.4444444444
32 14 81	0.1666666667
11 60 81	0.1666666667
59 1 8	0.0500000000
52 78 81	0.2857142857
14 57 81	0.1666666667
48 11 8	0.1666666667
14 2 81	0.1666666667
75 3 81	0.1666666667
49 1 81	0.1666666667
11 11 8	0.1666666667
48 57 81	0.1666666667
60 13 81	0.1666666667
49 78 81	0.1666666667
52 14 8	0.0357142857
52 59 81	0.2857142857
49 18 81	0.2857142857
2 6 81	0.1666666667
2 52 8	0.0500000000
6 14 8	0.0714285714
32 48 81	0.1666666667
78 52 81	0.1666666667
61 7 8	0.0266666667
78 59 81	0.1666666667
53 56 8	0.1428571429
13 6 81	0.2857142857
78 14 81	0.1666666667
52 48 8	0.1111111111
53 15 8	0.1666666667
49 6 8	0.0468750000
14 2 8	0.1666666667
8 35 8	0.1666666667
14 6 81	0.1666666667
59 1 81	0.1666666667
49 18 8	0.1666666667
78 59 8	0.0666666667
52 31 8	0.2857142857
78 3 81	0.1666666667
64 3 81	0.2857142857
48 60 81	0.1666666667
53 56 81	0.2857142857
78 14 8	0.1666666667
59 6 8	0.0379746835
78 60 8	0.1666666667
78 48 8	0.1666666667
2 13 8	0.1111111111
32 3 81	0.1666666667
77 6 8	0.0454545455
81 54 81	0.2857142857
52 48 81	0.1666666667
2 3 8	0.0909090909
52 11 81	0.1666666667
32 13 81	0.2857142857
13 2 8	0.0833333333
3 1 8	0.0555555556
78 3 8	0.0454545455
3 1 81	0.1666666667
49 7 81	0.1666666667
10 15 8	0.1666666667
53 3 81	0.1666666667
48 59 81	0.1666666667
57 60 8	0.1666666667
49 29 8	0.1000000000
47 49 8	0.0666666667
3 48 8	0.0263157895
47 49 81	0.1666666667
52 32 81	0.1666666667
11 6 81	0.1666666667
52 49 8	0.0303030303
13 2 81	0.1666666667
11 11 81	0.1666666667
78 57 8	0.1666666667
6 48 8	0.0212765957
13 3 81	0.3750000000
6 32 81	0.1666666667
52 2 81	0.1666666667
13 11 81	0.1666666667
14 11 81	0.1666666667
52 11 8	0.0512820513
78 13 81	0.1666666667
59 14 81	0.1666666667
78 78 8	0.1666666667
52