0	0.0000000000
1	0.0000000000
2	0.0000000000
3	0.0000000000
4	0.0000000000
5	0.0000000000
6	0.0000000000
7	0.0000000000
8	0.0000000000
9	0.0000000000
10	0.0000000000
11	0.0000000000
12	0.0000000000
13	0.0000000000
14	0.0000000000
15	0.0000000000
16	0.0000000000
17	0.0000000000
18	0.0000000000
19	0.0000000000
20	0.0000000000
21	0.0000000000
22	0.0000000000
23	0.0000000000
24	0.0000000000
25	0.0000000000
26	0.0000000000
27	0.0000000000
28	0.0000000000
29	0.0000000000
30	0.0000000000
31	0.0000000000
32	0.0000000000
33	0.0000000000
34	0.0000000000
35	0.0000000000
36	0.0000000000
37	0.0000000000
38	0.0000000000
39	0.0000000000
40	0.0000000000
41	0.0000000000
42	0.0000000000
43	0.0000000000
44	0.0000000000
45	0.0000000000
46	0.0000000000
47	0.0980392157
48	0.0000000000
49	0.0000000000
50	0.0512820513
51	0.0000000000
52	0.0000000000
53	0.0000000000
54	0.0000000000
55	0.0000000000
56	0.0000000000
57	0.0000000000
58	0.0000000000
59	0.0000000000
60	0.0000000000
61	0.0000000000
62	0.0000000000
63	0.0000000000
64	0.0000000000
65	0.0000000000
66	0.0000000000
67	0.1666666667
68	0.0000000000
70	0.0625000000
71	0.0000000000
72	0.0000000000
73	0.0000000000
74	0.0000000000
75	0.0000000000
76	0.0000000000
77	0.0000000000
78	0.0000000000
79	0.0000000000
80	0.0000000000
81	0.0000000000
82	0.0000000000
83	0.0000000000
84	0.0000000000
85	0.0000000000
86	0.0000000000
87	0.0000000000
88	0.0000000000
89	0.0000000000
90	0.0000000000
91	0.0000000000
92	0.0000000000
49 70	0.0681818182
49 69	0.3018867925
13 52 69	0.4642857143
13 63 70	0.0704225352
59 47	0.0689655172
59 47 69	0.3863636364
32 47	0.0694444444
47 52 47	0.0830388693
14 52 70	0.0645161290
32 13 69	0.3478260870
47 60 47	0.1588785047
32 47 70	0.0487804878
53 19 69	0.4375000000
11 49 47	0.1031390135
59 69	0.4358974359
13 69	0.4146341463
47 47	0.1354166667
6 53 70	0.0845070423
3 6 69	0.4571428571
6 70	0.0508474576
52 47	0.1111111111
6 69	0.3396226415
13 48 69	0.4150943396
47 70	0.0377358491
13 70	0.0588235294
6 13 69	0.3815028902
13 49 69	0.4406332454
52 52 69	0.4586206897
6 60 70	0.0483870968
49 20 69	0.3989637306
13 47 69	0.4500000000
13 13 69	0.4083333333
59 70	0.0697674419
6 1 69	0.3504273504
64 3 70	0.0250000000
75 3 70	0.0476190476
57 52 69	0.4406779661
3 52 69	0.4476190476
3 6 47	0.1325051760
57 60 69	0.2777777778
32 49 69	0.3064516129
49 52 69	0.4397163121
48 60 69	0.3571428571
75 18 69	0.4400000000
47 6 69	0.3764044944
14 52 69	0.4054054054
52 52 70	0.0803324100
53 3 69	0.3846153846
59 2 70	0.1515151515
13 63 47	0.4651162791
32 3 69	0.3580246914
48 47 69	0.4827586207
59 59 47	0.0684104628
13 20 69	0.3783783784
14 6 69	0.3818181818
6 47 47	0.1544943820
11 60 69	0.4705882353
47 60 69	0.3055555556
47 4 70	0.0967741935
6 6 69	0.3982035928
59 1 69	0.4864864865
59 78 69	0.4363636364
49 19 69	0.3800000000
47 21 70	0.0731707317
49 47 70	0.0324074074
52 59 69	0.4464285714
49 0 70	0.0487804878
49 13 47	0.0962732919
47 7 70	0.0851063830
59 59 69	0.4188034188
6 0 69	0.2777777778
6 0 70	0.0392156863
59 66 22	0.0625000000
52 3 69	0.4973821990
77 49 47	0.0769230769
6 60 47	0.0955414013
59 2 69	0.4509803922
52 53 69	0.4062500000
47 14 70	0.0645161290
49 49 70	0.0601092896
69 24 69	0.4615384615
77 6 70	0.0526315789
49 52 47	0.1041335453
48 13 69	0.5897435897
49 6 69	0.4148471616
49 46 70	0.1428571429
14 47 69	0.2941176471
6 3 47	0.0929203540
14 13 69	0.3478260870
11 47 69	0.3260869565
32 6 69	0.3253012048
48 47 70	0.1509433962
3 2 69	0.4696969697
13 6 47	0.1255886970
81 54 69	0.1428571429
52 14 70	0.0909090909
52 53 70	0.0714285714
3 59 69	0.4185463659
57 47 69	0.3658536585
59 46 70	0.2500000000
49 53 47	0.1263157895
14 6 70	0.0363636364
59 6 47	0.1166219839
3 47 47	0.1578947368
49 1 69	0.3736263736
14 11 69	0.2941176471
49 7 69	0.4137931034
32 52 69	0.3561643836
52 49 47	0.1082949309
10 3 69	0.3714285714
11 59 69	0.3863636364
3 32 70	0.0632911392
14 2 69	0.3125000000
49 0 69	0.3214285714
57 13 69	0.3750000000
11 59 70	0.0243902439
47 52 70	0.0679611650
48 49 69	0.6078431373
8 67	0.3529411765
52 67	0.4186046512
3 59 67	0.3351063830
8 32 69	0.4347826087
52 69	0.3829787234
11 67	0.4285714286
66 5 77	0.4769230769
47 6 67	0.2934782609
47 69	0.3333333333
57 59 69	0.3555555556
3 47	0.0952380952
78 4 69	0.3333333333
78 14 47	0.1081081081
1 69	0.3448275862
14 6 50	0.0828402367
57 67	0.2500000000
11 13 69	0.3432835821
49 47	0.0641711230
50 59 69	0.4375000000
78 67	0.2941176471
49 77	0.2881355932
59 3 47	0.0926243568
59 47 67	0.2786885246
52 49 77	0.4256198347
3 67	0.2500000000
1 13 77	0.2469135802
49 15 67	0.4042553191
11 52 69	0.3859649123
3 69	0.3200000000
49 67	0.2400000000
1 7 67	0.3181818182
48 67	0.3333333333
57 57 67	0.2592592593
1 59 69	0.4390243902
66 59 69	0.4375000000
32 4 69	0.2857142857
59 32 47	0.1156069364
48 1 69	0.4800000000
65 20 47	0.1224489796
59 7 47	0.1463414634
78 47	0.0945945946
66 46 67	0.2500000000
59 52 70	0.0537634409
14 47	0.1388888889
1 6 47	0.1219047619
1 11 50	0.0509554140
7 67	0.2307692308
57 69	0.3043478261
52 78 69	0.3913043478
52 8 67	0.4038461538
1 3 67	0.2637362637
57 47 47	0.1171875000
3 77	0.2500000000
13 47	0.0979020979
46 60 67	0.1764705882
1 59 77	0.1639344262
7 50	0.0491803279
1 10 77	0.3750000000
57 13 67	0.2068965517
1 6 77	0.1971830986
6 78 47	0.0880000000
11 69	0.3043478261
1 77	0.1500000000
14 53 70	0.0740740741
6 61 77	0.4516129032
47 48	0.0952380952
78 13 47	0.1414141414
3 57 70	0.0306122449
1 67	0.2173913043
46 67	0.1111111111
47 59 50	0.0366972477
48 49 47	0.1077844311
3 13 69	0.4649681529
1 52 77	0.1166666667
32 69	0.1600000000
52 3 47	0.0941759603
52 13 47	0.0871313673
59 6 67	0.3653846154
1 14 47	0.0875000000
48 52 77	0.1818181818
50 69	0.1538461538
13 32 47	0.0805369128
70 54 69	0.2857142857
52 77	0.1935483871
52 61 77	0.4375000000
50 23 67	0.5333333333
48 3 47	0.1078431373
1 52 67	0.3804347826
50 48	0.1333333333
13 49 77	0.3207547170
65 3 47	0.0895522388
13 6 50	0.0691489362
7 46 70	0.2500000000
48 49 77	0.6034482759
32 6 67	0.1836734694
48 66 77	0.7619047619
7 47	0.0333333333
48 49 67	0.4500000000
6 48 47	0.0880503145
59 77	0.1250000000
2 49 70	0.0158730159
1 70 52	0.0769230769
6 59 67	0.3125000000
78 59 67	0.3500000000
59 67	0.2857142857
32 52 47	0.0756302521
49 59 50	0.0455407970
6 49 69	0.4104803493
64 52 47	0.0410958904
3 3 47	0.0887096774
49 15 47	0.0513698630
59 50	0.0446428571
67 2	0.2142857143
49 52 50	0.0387742339
2 13 69	0.3111111111
6 3 69	0.4381625442
47 2	0.0434782609
6 47	0.1000000000
49 52 2	0.0044117647
49 8 69	0.4482758621
52 52 47	0.1054519369
47 50	0.0486486486
78 13 50	0.0878378378
52 7 47	0.1681415929
6 6 47	0.1173671689
49 50	0.0538461538
47 47 47	0.1200000000
6 50	0.0532544379
77 2	0.2000000000
52 32 50	0.0669856459
3 50	0.0296296296
47 49 69	0.4123711340
53 56 69	0.3595505618
78 49 50	0.0764705882
59 8 47	0.1328671329
59 59 50	0.0492307692
49 24 69	0.4400000000
52 50	0.0474452555
49 7 47	0.1033434650
47 78 69	0.3000000000
52 46 47	0.3611111111
3 48 47	0.0830564784
49 32 47	0.0625000000
47 46 47	0.4000000000
78 59 50	0.0909090909
52 49 69	0.4686192469
59 14 69	0.3500000000
49 49 69	0.3793103448
78 6 50	0.0829875519
52 13 50	0.0429292929
52 57 69	0.4935064935
52 52	0.0017953321
49 52	0.0084033613
4 62	0.0158730159
4 13 52	0.0082644628
71 56 52	0.0625000000
71 59 52	0.0172413793
49 1 52	0.0014684288
1 49 52	0.0067698259
1 1 52	0.0027100271
4 3 52	0.0061162080
4 76 69	0.1666666667
4 25 69	0.1666666667
1 50 69	0.2777777778
4 31 52	0.0108695652
4 1 52	0.0062500000
4 47 69	0.2941176471
30 50 69	0.1666666667
4 49 52	0.0027100271
80 50 69	0.2857142857
3 8 47	0.1363636364
49 47 47	0.1344743276
3 11 69	0.4722222222
52 13 69	0.4021739130
48 59 69	0.5000000000
3 53 77	0.4461538462
49 56 67	0.3095238095
48 6 67	0.6486486486
13 67	0.2173913043
52 11 67	0.3777777778
59 48 77	0.1052631579
48 47	0.0888888889
59 70 52	0.0615384615
10 77	0.3076923077
49 7 70	0.0372670807
52 52 67	0.4562043796
53 15 77	0.1764705882
52 49 70	0.0585585586
3 32 77	0.2187500000
3 57 69	0.5068493151
49 57 47	0.0990990991
47 21 77	0.1379310345
3 3 67	0.2322580645
53 77	0.1000000000
52 32 77	0.3030303030
48 57 50	0.0253164557
49 47 67	0.2839506173
3 47 50	0.0567567568
52 47 67	0.3333333333
6 3 67	0.2816901408
13 60 69	0.3333333333
6 49 70	0.0373831776
48 54 69	0.6000000000
3 13 47	0.0937996820
13 4 67	0.3000000000
59 49 52	0.0040677966
52 70	0.0535714286
3 59 77	0.1966527197
59 3 69	0.3916083916
52 52 77	0.2146341463
48 6 77	0.3783783784
59 6 50	0.0567260940
3 10 77	0.4285714286
6 6 67	0.3841463415
47 13 47	0.0973782772
6 6 50	0.0584158416
61 77	0.1818181818
52 48 67	0.4772727273
52 47 69	0.4154929577
6 49 47	0.0994082840
49 1 50	0.0481927711
6 47 50	0.0649350649
78 47 47	0.1768292683
32 77	0.1250000000
53 3 77	0.2031250000
13 69 48	0.5000000000
69 4 47	0.2705882353
49 13 50	0.0522193211
53 21 47	0.0740740741
49 52 67	0.3813229572
13 77	0.2258064516
13 13 67	0.2763157895
60 3 69	0.3333333333
13 2 67	0.4285714286
10 7 67	0.4177215190
14 6 47	0.1250000000
13 4 47	0.1219512195
10 51 77	0.6226415094
47 14 47	0.1857142857
52 3 67	0.3050847458
78 77	0.1428571429
14 3 69	0.3600000000
6 60 69	0.3658536585
13 47 48	0.0909090909
10 3 47	0.0957854406
49 6 47	0.1220930233
78 47 67	0.2941176471
14 3 47	0.0714285714
49 20 67	0.3647798742
60 6 69	0.2777777778
49 6 50	0.0490196078
11 7 47	0.1724137931
54 69	0.1333333333
4 69	0.1333333333
13 7 50	0.0240000000
60 47	0.1111111111
7 50 69	0.3571428571
8 47	0.1666666667
14 47 50	0.0760869565
54 50	0.0600000000
46 50	0.0816326531
54 47 50	0.0782608696
60 50	0.0800000000
11 50	0.0370370370
46 47	0.3076923077
52 47 50	0.0624277457
13 47 50	0.0559701493
6 54 47	0.1028037383
57 46 47	0.2800000000
57 47	0.1176470588
8 50	0.0156250000
14 50	0.0294117647
59 52 69	0.3952095808
52 2 50	0.1182795699
4 6 47	0.0636042403
1 59 50	0.0745614035
60 54 47	0.1428571429
8 47 69	0.2916666667
54 47	0.1470588235
60 69	0.2727272727
8 69	0.1538461538
66 3 69	0.4117647059
7 50 47	0.1282051282
1 3 47	0.0954545455
49 20 47	0.1491344874
2 49 47	0.0946969697
65 7 47	0.0900000000
6 53 50	0.0593607306
32 50	0.0468750000
14 69	0.3333333333
13 50	0.0288461538
8 49 47	0.0859375000
49 54 69	0.3181818182
49 52 70	0.0519125683
53 69	0.2500000000
3 3 69	0.4207650273
1 54 69	0.2916666667
66 22	0.0454545455
6 59 69	0.4382022472
53 22 47	0.1190476190
6 54 69	0.4444444444
88 59 70	0.0833333333
49 59 70	0.0441988950
13 46 70	0.1621621622
47 53 70	0.0636363636
2 70	0.0588235294
47 47 69	0.3703703704
53 70	0.0666666667
59 49 47	0.0896551724
49 56 47	0.0895522388
10 20 70	0.0800000000
47 54 70	0.0232558140
6 13 70	0.0206185567
8 6 47	0.1083333333
1 70	0.0400000000
1 49 69	0.4363636364
46 70	0.1538461538
2 52 69	0.4019607843
2 69	0.1764705882
49 15 69	0.3720930233
13 57 69	0.4358974359
53 20 50	0.0396226415
49 46 50	0.0972222222
59 47 2	0.0235849057
52 8 47	0.1588235294
49 32 50	0.0508474576
13 49 50	0.0665004156
13 54 69	0.3913043478
59 52 47	0.1047745358
13 3 47	0.1013289037
13 7 47	0.1363636364
13 52 50	0.0506329114
10 7 47	0.0922619048
78 69	0.2000000000
32 47 50	0.0383275261
3 88 50	0.0810810811
49 18 47	0.0807453416
13 46 47	0.3076923077
3 59 47	0.0881776617
32 49 50	0.0478723404
10 20 47	0.1538461538
78 47 2	0.0408163265
2 67 2	0.2857142857
53 32 50	0.0625000000
32 69 2	0.1470588235
66 56 69	0.4062500000
52 46 50	0.1111111111
64 3 50	0.0588235294
6 7 47	0.1693548387
64 3 69	0.2926829268
54 46 50	0.1481481481
50 47	0.1153846154
66 24 47	0.0952380952
53 47	0.0645161290
49 77 2	0.3877551020
54 57 47	0.1153846154
60 52 47	0.1041666667
52 77 2	0.1200000000
57 50	0.0487804878
32 3 47	0.0726072607
64 52 2	0.0307692308
13 13 47	0.0970297030
11 32 47	0.1411764706
68 20 47	0.0847457627
53 49 69	0.2592592593
6 24 50	0.0900000000
54 50 69	0.3333333333
57 6 47	0.1230283912
47 52 50	0.0313588850
2 6 47	0.1138211382
47 57 69	0.4032258065
53 54 50	0.0545454545
47 23 50	0.0531400966
1 50	0.0250000000
60 47 47	0.1481481481
46 6 50	0.0810810811
59 48 69	0.3500000000
3 63 47	0.4183673469
54 3 69	0.3714285714
60 7 50	0.0285714286
57 57 47	0.1181102362
11 7 69	0.4285714286
7 60 47	0.1578947368
52 53 67	0.3584905660
2 59 77	0.1714285714
53 20 69	0.3478260870
3 13 67	0.2346938776
46 52 50	0.0458715596
52 48 69	0.4423076923
52 53 47	0.1545064378
78 50	0.0487804878
3 8 67	0.3043478261
2 52 50	0.0462184874
66 19 69	0.3200000000
11 4 67	0.5000000000
4 3 69	0.2162162162
4 3 47	0.0584415584
42 6 47	0.2692307692
52 47 47	0.1620553360
11 47	0.1194029851
70 3 50	0.0485436893
49 47 48	0.0833333333
3 52 77	0.1891891892
47 52 69	0.3504273504
66 22 47	0.0923076923
4 47	0.0540540541
52 78 67	0.3617021277
14 14 50	0.1162790698
7 69	0.3000000000
6 59 50	0.0548204159
47 52 67	0.2905982906
8 52 47	0.0760869565
78 49 47	0.1346938776
1 6 67	0.3750000000
6 77	0.1724137931
49 50 47	0.1186440678
78 69 2	0.1538461538
59 11 47	0.0888888889
50 23 47	0.1527777778
69 48	0.1000000000
11 54 50	0.0777777778
14 67	0.1818181818
54 46 47	0.4615384615
10 7 69	0.3950617284
7 49 77	0.2000000000
50 24 50	0.1194029851
78 59 77	0.1714285714
6 67	0.3703703704
6 77 2	0.2608695652
1 57 67	0.3611111111
59 50 69	0.2857142857
3 13 50	0.0465686275
47 49 52	0.0044792833
49 48 67	0.2857142857
11 6 67	0.4130434783
70 52 69	0.4736842105
78 3 47	0.1106557377
47 67	0.2272727273
6 49 77	0.3258928571
59 48 67	0.1315789474
3 52 67	0.3842105263
46 53 47	0.2048192771
6 50 67	0.1538461538
52 49 50	0.0778625954
52 59 47	0.0820584145
49 1 77	0.1607142857
3 50 47	0.1382978723
8 6 50	0.0467289720
69 1 67	0.4600000000
49 78 69	0.4264705882
53 67	0.1000000000
1 13 47	0.0842696629
57 32 69	0.4687500000
53 69 48	0.2500000000
6 3 77	0.1946308725
50 67	0.2000000000
49 53 77	0.4406779661
52 50 47	0.1197916667
32 14 67	0.2222222222
70 54 67	0.2857142857
57 47 67	0.2962962963
52 47 48	0.1228070175
66 77	0.3636363636
1 52 47	0.0829787234
52 54 50	0.0311284047
7 0 67	0.2727272727
6 48 50	0.0190476190
6 18 77	0.3333333333
50 66 77	0.4615384615
6 48 67	0.2444444444
6 29 47	0.1219512195
49 51 77	0.4352941176
50 11 69	0.2380952381
49 13 67	0.2222222222
1 78 67	0.3000000000
13 78 67	0.3076923077
59 6 69	0.3814432990
13 49 47	0.1106194690
48 49 52	0.0088691796
49 66 77	0.4067796610
49 5 77	0.4778761062
52 3 77	0.2411347518
52 7 67	0.4651162791
52 13 77	0.2420382166
48 6 47	0.1363636364
48 52 69	0.5000000000
59 52 50	0.0417163290
48 8 67	0.5333333333
48 7 67	0.6153846154
53 5 77	0.4285714286
49 13 69	0.3566878981
49 47 69	0.3620689655
59 50 48	0.0833333333
6 59 47	0.0789473684
49 1 67	0.3125000000
52 1 67	0.4017857143
6 47 69	0.4040404040
59 47 47	0.1290322581
49 32 67	0.4545454545
59 6 70	0.0427807487
3 2 47	0.1642857143
32 4 70	0.0869565217
8 1 69	0.2800000000
78 57 47	0.1666666667
52 50 67	0.3125000000
49 61 77	0.3846153846
66 3 67	0.3944954128
3 4 69	0.3333333333
48 69	0.2500000000
13 1 67	0.2439024390
3 52 50	0.0382653061
47 23 67	0.3030303030
52 53 77	0.5061728395
1 2 67	0.2727272727
46 6 77	0.1290322581
10 20 67	0.3636363636
6 4 67	0.3962264151
11 1 77	0.2500000000
65 3 69	0.3877551020
11 70	0.0333333333
2 6 69	0.3538461538
32 53 69	0.1000000000
49 6 70	0.0562770563
32 1 69	0.2727272727
13 49 70	0.0432432432
2 57 69	0.2142857143
1 6 70	0.0227272727
3 46 70	0.2173913043
3 47 69	0.4403669725
13 6 70	0.0497237569
65 22 47	0.1182795699
53 3 47	0.0930599369
8 46 70	0.1666666667
47 42 69	0.1428571429
59 54 50	0.0404040404
61 56 47	0.0875912409
3 46 47	0.3953488372
52 1 69	0.4437086093
52 32 47	0.1076233184
52 52 50	0.0364109233
61 3 50	0.0354609929
52 67 2	0.2600000000
49 49 47	0.0864864865
3 14 69	0.2941176471
3 54 69	0.4186046512
3 48 50	0.0295566502
49 78 47	0.0766550523
47 13 69	0.4235294118
32 13 47	0.0664206642
2 47 69	0.3157894737
61 20 50	0.0478723404
60 13 47	0.0434782609
3 69 2	0.1230769231
52 7 50	0.0674157303
3 70	0.0243902439
59 59 67	0.2343750000
52 11 77	0.2105263158
52 66 77	0.5420560748
52 14 67	0.4385964912
52 2 47	0.1707317073
6 2 77	0.1935483871
48 14 67	0.5789473684
13 54 67	0.2941176471
48 70 52	0.1500000000
59 47 48	0.0606060606
49 8 67	0.2558139535
52 57 47	0.1309523810
49 7 67	0.3277310924
48 3 67	0.3666666667
59 3 77	0.1860465116
59 11 67	0.2647058824
52 1 77	0.2619047619
53 3 67	0.2685185185
59 8 67	0.3181818182
48 47 47	0.1395348837
52 13 67	0.2831858407
69 21 47	0.1483870968
32 67	0.0909090909
47 6 47	0.1070336391
59 47 50	0.0469565217
13 52 47	0.1114023591
6 14 77	0.1818181818
14 13 77	0.2105263158
6 66 77	0.4166666667
49 53 67	0.2608695652
3 52 47	0.1075376884
10 15 77	0.2345679012
60 13 69	0.2800000000
47 57 47	0.1282051282
49 0 47	0.0808080808
52 0 47	0.1156069364
47 59 69	0.2978723404
6 57 67	0.2173913043
6 6 77	0.2043010753
60 6 50	0.0470588235
59 49 77	0.2965116279
14 52 47	0.0727272727
61 3 67	0.2777777778
32 13 67	0.0975609756
78 59 69	0.3863636364
49 50 48	0.0833333333
2 52 67	0.2808988764
13 6 67	0.4567901235
11 3 47	0.0719696970
11 11 69	0.4285714286
2 47	0.0882352941
3 57 47	0.1173913043
11 8 69	0.5238095238
11 52 47	0.0736842105
7 1 69	0.3703703704
11 11 50	0.0625000000
4 32 47	0.1282051282
11 53 47	0.1470588235
4 49 69	0.2619047619
11 50 2	0.0175438596
66 3 47	0.0808080808
50 3 50	0.0504587156
8 60 50	0.0408163265
11 59 50	0.0388349515
67 23 47	0.1111111111
8 4 47	0.1111111111
57 47 50	0.0381355932
1 52 50	0.0468164794
7 60 50	0.0602409639
60 49 69	0.2272727273
7 49 47	0.1170212766
13 3 50	0.0303643725
49 47 2	0.0240549828
1 2 50	0.1132075472
67 20 69	0.1111111111
4 53 47	0.0943396226
59 6 77	0.1844660194
70 52	0.0909090909
52 2 77	0.2972972973
11 60 50	0.0408163265
8 59 67	0.2727272727
8 6 69	0.4057971014
6 3 50	0.0343601896
7 6 47	0.1491935484
6 13 47	0.0916666667
78 11 50	0.0967741935
59 49 69	0.4478527607
78 2 50	0.1555555556
8 52 50	0.0163934426
6 78 67	0.2708333333
52 60 47	0.1415929204
59 69 2	0.1836734694
78 57 69	0.5806451613
11 53 50	0.0454545455
59 46 50	0.0833333333
11 1 69	0.4310344828
14 69 48	0.3333333333
6 53 77	0.4000000000
8 14 50	0.0689655172
13 49 67	0.4502164502
14 53 77	0.4210526316
57 49 67	0.3043478261
32 59 69	0.3859649123
65 24 67	0.2857142857
1 49 47	0.1073298429
52 69 48	0.5238095238
48 6 69	0.5322580645
13 3 77	0.1710526316
59 1 77	0.1960784314
66 49 47	0.1171171171
3 14 67	0.3636363636
50 1 67	0.5312500000
57 6 67	0.3673469388
1 59 67	0.3720930233
59 11 69	0.4210526316
1 53 50	0.0895522388
7 70	0.0625000000
1 6 69	0.4125874126
3 3 77	0.1958762887
13 64 52	0.0759493671
57 6 69	0.4022988506
49 22 47	0.0967741935
78 6 47	0.1842105263
47 57 50	0.0532786885
61 7 69	0.4000000000
2 52 47	0.1387024609
53 15 69	0.4516129032
78 52 47	0.1336206897
13 47 47	0.1642857143
13 6 69	0.4213483146
64 24 69	0.2333333333
53 19 50	0.0360824742
75 24 47	0.1600000000
53 20 47	0.1335227273
47 8 50	0.0045248869
78 3 69	0.4603174603
49 47 50	0.0446549391
52 8 69	0.4000000000
77 21 47	0.0631578947
3 50 50	0.0178571429
64 29 47	0.0947368421
53 15 47	0.0300000000
11 6 69	0.4470588235
13 57 47	0.0769230769
57 14 69	0.3333333333
50 24 47	0.2162162162
66 7 47	0.0852941176
66 3 50	0.0337711069
65 4 47	0.1764705882
50 11 47	0.1071428571
32 50 50	0.0392156863
54 78 47	0.0555555556
53 56 47	0.0568862275
64 29 69	0.3666666667
11 32 50	0.0863309353
78 53 50	0.0909090909
53 47 50	0.0693069307
54 52 69	0.4444444444
6 78 69	0.4333333333
66 77 2	0.2727272727
49 8 47	0.1214285714
11 59 47	0.0662650602
1 77 2	0.2500000000
54 47 47	0.1230769231
6 49 50	0.0747663551
75 4 47	0.1754385965
53 47 69	0.2631578947
13 53 47	0.0952380952
3 7 47	0.1397849462
3 13 77	0.1880341880
13 53 77	0.6190476190
52 60 70	0.0657894737
59 32 69	0.4727272727
52 11 69	0.4430379747
52 70 52	0.1058823529
47 52 77	0.1562500000
3 6 67	0.4409448819
48 49 50	0.0377358491
49 78 67	0.3018867925
47 53 67	0.2586206897
49 11 67	0.2222222222
3 66 77	0.4285714286
53 51 77	0.3882352941
6 70 52	0.0796460177
52 10 77	0.5581395349
11 66 77	0.5454545455
42 49 47	0.1818181818
54 67	0.1000000000
65 22 69	0.3846153846
78 53 47	0.1923076923
57 52 67	0.3584905660
3 1 69	0.4395604396
78 66 77	0.7500000000
59 1 50	0.0533980583
57 14 50	0.0348837209
11 53 77	0.5000000000
13 52 77	0.1505376344
78 11 69	0.5357142857
47 50 67	0.2068965517
78 52 67	0.5000000000
69 1 50	0.0861423221
14 1 69	0.3928571429
1 57 47	0.1301369863
69 2	0.0416666667
1 46 50	0.0842105263
78 1 67	0.6000000000
10 7 50	0.0352564103
71 50 69	0.1666666667
4 34 69	0.2857142857
53 49 67	0.0833333333
53 6 77	0.2272727273
1 53 77	0.4615384615
2 50	0.0689655172
52 48 77	0.2058823529
53 49 77	0.2307692308
1 1 77	0.1250000000
8 49 77	0.4848484848
49 11 69	0.3636363636
53 52 67	0.2692307692
1 11 47	0.1181102362
13 50 77	0.4615384615
53 59 50	0.0377358491
66 56 50	0.0562500000
6 49 67	0.3274336283
65 3 77	0.1935483871
1 49 50	0.0687285223
49 49 50	0.0618181818
57 78 67	0.1666666667
49 36 77	0.4285714286
57 8 67	0.3225806452
1 49 77	0.3666666667
13 13 77	0.2244897959
52 4 69	0.4230769231
77 4 69	0.0909090909
48 59 47	0.0833333333
47 23 70	0.0410958904
6 14 47	0.1273885350
13 1 69	0.3111111111
6 48 70	0.0094339623
13 7 69	0.3888888889
47 53 47	0.1563981043
59 59 70	0.0550458716
11 49 70	0.0434782609
59 47 70	0.0858895706
77 6 69	0.3043478261
4 52 52	0.0039525692
47 66 77	0.4086021505
47 32 50	0.0631578947
70 15 67	0.4000000000
11 50 52	0.0169491525
49 59 69	0.3953488372
13 3 67	0.2500000000
78 1 69	0.5526315789
52 59 77	0.2190476190
70 3 47	0.1351351351
78 49 69	0.5142857143
49 7 50	0.0432692308
47 48 47	0.0701754386
14 32 50	0.1555555556
14 57 50	0.1016949153
52 48 47	0.0962343096
14 49 69	0.3333333333
59 54 69	0.3076923077
77 4 70	0.1000000000
13 14 47	0.1157024793
48 57 69	0.5000000000
49 53 70	0.0400000000
3 32 69	0.4800000000
59 54 70	0.0512820513
47 4 69	0.3695652174
52 78 70	0.0357142857
14 59 47	0.0612244898
3 63 70	0.0886075949
13 3 69	0.4303797468
32 3 70	0.0163934426
61 3 69	0.3018867925
32 49 70	0.0645161290
52 52 52	0.0002921414
64 52 69	0.2962962963
49 11 47	0.0828729282
49 69 2	0.1142857143
59 50 2	0.0134228188
49 4 47	0.1452282158
53 56 50	0.0465116279
49 67 2	0.1666666667
78 67 2	0.2380952381
47 7 50	0.0683760684
32 6 47	0.0776397516
64 4 69	0.3793103448
49 59 47	0.0641025641
64 24 47	0.1604938272
47 67 2	0.2222222222
64 4 47	0.1235955056
2 59 69	0.3666666667
3 47 2	0.0329670330
67 4 47	0.2285714286
60 60 69	0.1250000000
54 57 69	0.4400000000
54 6 50	0.0803571429
78 1 50	0.0833333333
50 57 69	0.3750000000
1 4 47	0.0967741935
6 4 47	0.1551724138
52 54 47	0.1094527363
2 59 47	0.0886075949
32 8 69	0.3333333333
57 78 69	0.2857142857
78 47 69	0.3921568627
57 78 47	0.0714285714
13 78 47	0.0788177340
2 3 50	0.0285714286
6 53 47	0.1307692308
6 50 2	0.0193236715
60 32 50	0.0769230769
47 31 47	0.0538461538
32 47 69	0.2916666667
78 52 50	0.0582524272
3 32 50	0.0643776824
49 14 69	0.3333333333
47 53 50	0.0544412607
10 20 69	0.4406779661
32 47 47	0.1104294479
52 60 69	0.4468085106
13 67 2	0.1250000000
78 13 69	0.4814814815
47 46 50	0.1145038168
47 0 50	0.0434782609
10 15 47	0.0341880342
47 49 50	0.0666666667
2 3 69	0.3278688525
52 7 69	0.4166666667
13 46 50	0.0924855491
64 29 50	0.0461538462
6 7 50	0.0746753247
13 13 50	0.0563909774
49 2 50	0.1147540984
47 6 50	0.0591836735
78 6 69	0.4800000000
49 20 50	0.0570032573
49 48 69	0.3571428571
48 1 67	0.5714285714
52 60 67	0.3000000000
59 49 70	0.0802919708
52 59 67	0.3678160920
48 13 77	0.3421052632
48 59 70	0.1250000000
48 59 67	0.6000000000
48 14 77	0.1538461538
3 11 47	0.0977777778
49 7 77	0.1714285714
6 48 69	0.4100000000
48 4 70	0.0588235294
3 46 67	0.4400000000
49 49 67	0.3020833333
52 32 69	0.5070422535
6 59 77	0.1636363636
6 46 70	0.1212121212
48 14 70	0.1538461538
13 63 67	0.4230769231
59 69 48	0.2666666667
3 20 70	0.0645161290
48 32 47	0.0980392157
49 24 47	0.1805555556
48 14 47	0.1296296296
52 11 50	0.0469798658
46 61 77	0.4468085106
48 10 77	0.5000000000
52 4 67	0.5000000000
48 47 67	0.4736842105
6 0 67	0.1470588235
52 50 48	0.1063829787
47 0 69	0.3800000000
3 20 69	0.5263157895
48 1 77	0.3684210526
6 60 67	0.2333333333
6 11 50	0.0308370044
14 77	0.1250000000
49 52 77	0.1692307692
2 49 67	0.2826086957
60 47 69	0.1500000000
32 49 47	0.0622009569
60 3 67	0.0952380952
6 46 67	0.2941176471
60 53 77	0.0909090909
60 32 47	0.1153846154
49 53 69	0.3666666667
49 14 50	0.0224719101
77 6 67	0.2666666667
49 0 67	0.1428571429
32 47 67	0.2121212121
49 59 77	0.1400000000
49 18 67	0.3571428571
7 32 67	0.2857142857
11 8 67	0.3437500000
78 53 77	0.6206896552
50 52 67	0.4000000000
66 49 69	0.5555555556
53 19 70	0.0571428571
52 32 67	0.4074074074
11 1 67	0.3076923077
57 14 47	0.1538461538
59 66 77	0.4716981132
52 4 47	0.1129032258
8 24 69	0.3076923077
3 69 48	0.4000000000
13 52 67	0.4166666667
13 53 50	0.0500000000
6 78 77	0.2325581395
52 0 70	0.0447761194
8 69 48	0.4166666667
11 2 50	0.1555555556
1 48 69	0.3529411765
54 52 50	0.0487804878
7 49 69	0.3823529412
65 24 47	0.0666666667
1 54 47	0.0845070423
8 59 69	0.4090909091
4 2 47	0.0833333333
57 49 69	0.4788732394
70 7 47	0.1125000000
1 32 69	0.4000000000
66 56 47	0.0900900901
6 13 50	0.0453400504
11 46 50	0.1340206186
13 1 50	0.0254237288
50 52 69	0.4242424242
14 54 69	0.3809523810
42 6 77	0.1666666667
14 66 77	0.5000000000
59 49 67	0.2608695652
8 11 47	0.0888888889
47 4 67	0.2727272727
54 32 50	0.1093750000
78 3 67	0.2830188679
57 49 47	0.0952380952
7 8 69	0.4000000000
47 6 77	0.1313131313
13 32 67	0.5263157895
42 66 77	0.3750000000
6 53 69	0.4736842105
59 10 77	0.4117647059
7 57 47	0.1607142857
7 52 69	0.5806451613
46 10 77	0.3921568627
47 32 47	0.1308411215
57 1 67	0.3658536585
3 57 67	0.2307692308
6 11 47	0.0904255319
8 11 50	0.0636363636
46 6 69	0.3469387755
8 14 47	0.2000000000
57 53 67	0.1333333333
49 29 77	0.4137931034
1 61 77	0.3500000000
47 32 67	0.3636363636
7 57 67	0.2000000000
78 7 47	0.2000000000
1 3 77	0.2500000000
48 13 47	0.0857142857
8 6 67	0.3529411765
1 69 48	0.3333333333
66 82 52	0.0833333333
49 20 70	0.0353982301
7 14 70	0.1000000000
70 52 67	0.4615384615
53 15 67	0.4107142857
68 3 67	0.1764705882
47 54 69	0.2413793103
11 52 67	0.3090909091
57 49 77	0.3578947368
8 60 69	0.3478260870
8 57 47	0.0689655172
50 53 77	0.4666666667
66 51 77	0.3770491803
3 78 77	0.1944444444
14 52 77	0.2058823529
6 14 67	0.4651162791
11 6 47	0.1282894737
6 10 77	0.4500000000
11 78 50	0.0227272727
50 14 67	0.3571428571
6 60 50	0.0508474576
49 21 47	0.0740740741
67 1 67	0.2666666667
47 46 70	0.1111111111
8 9 22	0.0487804878
53 22 69	0.3636363636
7 11 70	0.0869565217
3 6 70	0.0592592593
8 49 69	0.4390243902
52 2 69	0.4177215190
88 46 47	0.1428571429
46 6 47	0.1104294479
6 14 70	0.0833333333
65 52 69	0.1818181818
8 56 69	0.2222222222
1 53 69	0.4285714286
68 19 69	0.4000000000
57 6 70	0.0625000000
1 11 69	0.3571428571
53 11 50	0.0519480519
49 32 69	0.4393939394
47 21 69	0.3714285714
2 3 47	0.0772357724
53 77 2	0.5000000000
57 7 50	0.0588235294
54 6 47	0.1219512195
11 13 47	0.0825688073
60 57 69	0.2500000000
54 59 50	0.0377358491
60 47 50	0.0744680851
1 3 69	0.3818181818
54 49 69	0.4210526316
53 14 47	0.1764705882
60 13 50	0.0540540541
54 67 2	0.2500000000
49 4 69	0.3970588235
7 66 77	0.4358974359
50 13 47	0.0925925926
32 6 77	0.1320754717
13 49 52	0.0032894737
49 59 67	0.2954545455
66 49 70	0.0833333333
47 59 47	0.0698924731
3 20 50	0.0728476821
47 11 50	0.0495495495
14 70 52	0.1500000000
50 3 69	0.3970588235
1 46 67	0.3571428571
13 11 67	0.2812500000
78 54 47	0.1000000000
48 8 47	0.1860465116
3 32 67	0.3333333333
6 8 47	0.1324503311
49 29 47	0.1219512195
13 8 47	0.1086956522
3 67 2	0.1071428571
64 24 50	0.0791366906
61 7 47	0.0921052632
52 59 50	0.0529531568
6 67 2	0.2580645161
6 0 47	0.0840336134
49 24 50	0.0639269406
69 1 69	0.4800000000
3 6 50	0.0592417062
61 3 47	0.0990099010
49 4 70	0.0504201681
47 7 47	0.1758241758
59 48 50	0.0232558140
3 48 69	0.3593750000
59 48 47	0.0650887574
77 1 50	0.0307692308
59 49 50	0.0620525060
59 77 2	0.1052631579
3 1 50	0.0568181818
3 78 69	0.4042553191
47 21 50	0.0310559006
47 50 69	0.2678571429
49 50 69	0.2352941176
49 56 69	0.3611111111
49 64 52	0.0548387097
67 31 47	0.0777777778
60 2 69	0.0625000000
61 7 77	0.1500000000
13 47 67	0.3666666667
60 6 77	0.0740740741
49 82 52	0.0606060606
61 7 67	0.2166666667
47 57 67	0.2564102564
53 56 67	0.2040816327
14 32 77	0.1111111111
61 3 77	0.1500000000
6 8 67	0.2666666667
52 57 67	0.3400000000
61 55 52	0.0769230769
3 1 67	0.3015873016
32 13 50	0.0461538462
78 2 77	0.1333333333
6 47 67	0.3376623377
3 2 77	0.2592592593
52 54 67	0.3148148148
52 11 70	0.0392156863
47 53 77	0.3913043478
49 6 67	0.3394495413
10 5 77	0.4285714286
6 6 70	0.0390879479
78 69 48	0.4545454545
69 31 67	0.6666666667
47 8 47	0.1369863014
50 18 69	0.4583333333
3 59 50	0.0530164534
4 78 67	0.1176470588
57 67 2	0.1500000000
1 1 69	0.3773584906
13 48 47	0.0840000000
59 3 67	0.2477876106
47 3 69	0.3820224719
11 54 67	0.3125000000
70 23 47	0.1500000000
3 59 70	0.0319767442
59 14 47	0.1000000000
8 66 77	0.5312500000
65 7 50	0.0296296296
11 53 67	0.2777777778
1 59 47	0.0815217391
8 8 67	0.3846153846
53 19 67	0.2571428571
3 54 67	0.2380952381
59 54 47	0.0869565217
70 29 77	0.5555555556
8 6 70	0.0384615385
57 2 69	0.4722222222
1 11 70	0.0338983051
11 47 50	0.0592885375
59 78 47	0.0810810811
6 0 50	0.0197368421
4 47 47	0.0740740741
10 15 69	0.4062500000
47 0 47	0.1156069364
54 4 47	0.1176470588
52 88 69	0.3076923077
1 57 69	0.3488372093
54 13 47	0.1016949153
8 7 50	0.0555555556
3 53 69	0.3939393939
46 53 50	0.0658682635
57 52 47	0.0950704225
52 50 69	0.2500000000
4 69 2	0.1764705882
59 53 50	0.0422535211
2 13 47	0.0824742268
67 1 69	0.2888888889
50 29 67	0.3636363636
78 13 77	0.2682926829
50 6 50	0.0547945205
49 10 77	0.3414634146
49 2 69	0.2500000000
52 11 47	0.1201550388
47 3 47	0.0859188544
53 14 67	0.3571428571
66 21 47	0.0740740741
70 7 67	0.3333333333
13 32 50	0.0568181818
7 1 50	0.0616438356
47 3 67	0.2439024390
52 78 50	0.0274725275
65 5 77	0.4210526316
48 11 70	0.1212121212
48 53 77	0.7142857143
13 11 69	0.3720930233
2 52 70	0.0161290323
48 59 50	0.0384615385
47 21 47	0.0918918919
13 57 50	0.0142857143
48 11 47	0.1052631579
53 56 77	0.1000000000
13 46 67	0.2631578947
3 11 50	0.0522388060
48 32 77	0.1428571429
4 52 69	0.2083333333
4 48 69	0.1428571429
42 46 50	0.1666666667
59 50 50	0.0202020202
8 32 47	0.1276595745
52 46 67	0.5000000000
42 13 67	0.1666666667
14 54 67	0.1428571429
11 3 69	0.3666666667
57 1 69	0.3921568627
8 47 50	0.0434782609
78 47 48	0.0909090909
65 3 70	0.0465116279
8 78 69	0.2307692308
57 54 70	0.0851063830
66 56 70	0.0545454545
59 57 69	0.3833333333
7 47 47	0.1406250000
1 13 69	0.3736263736
6 46 47	0.3103448276
32 57 69	0.3214285714
88 47 69	0.1111111111
1 52 69	0.4210526316
48 32 67	0.3333333333
1 2 77	0.1904761905
48 13 50	0.0379746835
7 13 70	0.0476190476
59 1 70	0.0555555556
1 32 77	0.2000000000
8 11 69	0.5312500000
3 60 47	0.0943396226
32 7 67	0.1333333333
11 49 77	0.4222222222
50 1 70	0.0769230769
4 11 50	0.0326086957
50 60 47	0.0869565217
78 47 50	0.0662251656
3 63 50	0.0854700855
6 14 69	0.3000000000
32 8 47	0.0757575758
60 11 69	0.2941176471
53 11 47	0.1034482759
13 20 47	0.1473684211
57 3 47	0.0744186047
10 0 47	0.1219512195
54 32 69	0.3684210526
47 2 50	0.1038961039
60 4 47	0.0909090909
66 7 50	0.0358565737
47 31 69	0.3600000000
4 6 69	0.2048192771
4 49 47	0.0647482014
54 59 69	0.3181818182
66 7 69	0.3243243243
14 53 50	0.0666666667
46 1 69	0.4634146341
59 2 47	0.1296296296
1 78 69	0.3414634146
14 54 47	0.1320754717
7 13 69	0.4583333333
4 1 69	0.2542372881
46 60 69	0.2666666667
4 32 50	0.0724637681
32 6 50	0.0301724138
14 32 69	0.3529411765
13 47 2	0.0325581395
3 46 50	0.1077586207
13 60 50	0.0303030303
78 8 67	0.5555555556
3 1 77	0.2121212121
50 29 47	0.1694915254
6 47 48	0.1264367816
14 4 67	0.3333333333
57 6 50	0.0497925311
1 57 50	0.0308641975
78 59 47	0.0885416667
13 6 77	0.2330097087
11 2 47	0.2352941176
8 13 69	0.2962962963
13 63 50	0.0946372240
8 32 70	0.0857142857
66 22 69	0.3157894737
8 3 69	0.3888888889
65 20 69	0.3333333333
6 7 70	0.0724637681
2 14 47	0.1818181818
6 32 69	0.4074074074
47 47 70	0.0333333333
32 42 69	0.2222222222
68 20 69	0.3333333333
57 53 69	0.5294117647
49 49 77	0.2864583333
3 14 77	0.1851851852
2 6 77	0.1000000000
48 4 69	0.4166666667
69 31 47	0.1222222222
49 48 77	0.3214285714
48 49 70	0.1282051282
49 1 70	0.0273972603
48 57 47	0.1034482759
6 13 77	0.2137404580
48 13 67	0.3913043478
52 14 77	0.1538461538
57 59 70	0.0434782609
6 1 70	0.0116279070
14 59 69	0.3000000000
14 59 70	0.0625000000
59 78 70	0.0487804878
32 59 67	0.2571428571
8 13 77	0.2666666667
50 6 47	0.0842105263
6 4 69	0.4307692308
2 57 67	0.1176470588
50 6 69	0.4074074074
8 10 77	0.4545454545
13 4 69	0.3888888889
49 6 77	0.1652892562
53 47 67	0.2142857143
53 54 69	0.2500000000
57 52 77	0.1351351351
49 60 77	0.0454545455
2 1 67	0.1764705882
6 29 69	0.2666666667
32 69 48	0.2857142857
61 51 77	0.2758620690
53 24 67	0.2352941176
3 6 77	0.2248062016
77 50 67	0.1818181818
47 59 67	0.1428571429
61 20 47	0.1317829457
61 7 50	0.0403225806
10 7 77	0.1818181818
61 20 67	0.1428571429
78 11 67	0.2727272727
66 7 67	0.2203389831
4 31 67	0.1000000000
75 4 69	0.3809523810
4 8 47	0.0694444444
57 2 50	0.1320754717
42 53 77	0.3750000000
66 59 50	0.0329670330
4 3 67	0.1200000000
14 13 47	0.1038961039
14 67 2	0.4166666667
13 61 77	0.4615384615
52 49 67	0.4271844660
4 1 77	0.0714285714
57 57 69	0.4090909091
47 2 47	0.1562500000
70 3 69	0.5116279070
3 47 67	0.3243243243
10 7 70	0.0506329114
46 60 47	0.2075471698
13 11 47	0.0915032680
7 32 69	0.3333333333
8 53 47	0.0566037736
50 59 67	0.4000000000
65 20 67	0.2727272727
7 60 67	0.2105263158
46 66 77	0.3043478261
50 1 77	0.3636363636
3 53 50	0.0619469027
2 6 50	0.0657276995
3 50 2	0.0102564103
47 49 47	0.0955414013
47 23 47	0.1207729469
2 69 2	0.2352941176
54 59 47	0.0476190476
2 78 69	0.3076923077
32 47 2	0.0181818182
49 46 47	0.3333333333
52 1 50	0.0386740331
8 46 67	0.4545454545
52 2 67	0.4666666667
14 6 67	0.2608695652
49 11 77	0.0769230769
6 24 47	0.2121212121
14 52 67	0.4500000000
2 7 50	0.0454545455
2 49 77	0.2435897436
50 54 69	0.3181818182
11 11 67	0.2000000000
49 54 47	0.0781250000
68 19 70	0.0303030303
32 57 70	0.0487804878
6 19 69	0.1818181818
7 52 47	0.1000000000
66 46 70	0.3000000000
59 60 69	0.3636363636
65 7 70	0.0625000000
53 48 69	0.1250000000
32 2 70	0.1111111111
7 11 69	0.4736842105
53 1 69	0.1500000000
52 47 70	0.0514705882
6 57 69	0.3859649123
75 24 69	0.1538461538
52 7 70	0.0933333333
47 53 69	0.3448275862
13 7 70	0.0666666667
11 49 69	0.5068493151
32 2 69	0.3684210526
59 32 70	0.0392156863
75 3 69	0.2941176471
13 8 67	0.2068965517
59 57 67	0.2142857143
48 78 69	0.5384615385
48 11 67	0.3076923077
3 52 70	0.0629921260
78 3 77	0.2820512821
13 2 69	0.3947368421
70 23 77	0.1428571429
52 3 70	0.0390625000
50 1 69	0.4722222222
47 8 67	0.3111111111
7 6 69	0.3939393939
50 3 67	0.2894736842
50 57 67	0.3333333333
52 59 70	0.0526315789
8 24 67	0.2222222222
69 21 77	0.4000000000
13 32 69	0.4146341463
6 47 2	0.0401337793
3 60 69	0.3333333333
3 50 69	0.3055555556
78 14 69	0.2222222222
59 57 50	0.0502283105
77 4 47	0.1739130435
47 50 47	0.1239669421
47 0 70	0.0526315789
48 46 50	0.0769230769
48 46 67	0.4444444444
53 20 67	0.2647058824
10 64 52	0.0909090909
52 54 69	0.4745762712
13 54 50	0.0470588235
3 88 69	0.3076923077
48 4 67	0.5000000000
78 8 47	0.2222222222
42 52 69	0.1666666667
11 2 69	0.4000000000
78 53 69	0.3888888889
78 49 77	0.5000000000
6 11 69	0.4482758621
42 47 50	0.1081081081
78 7 67	0.5333333333
59 78 67	0.2093023256
14 0 47	0.0869565217
70 3 77	0.2727272727
46 53 67	0.2800000000
47 88 69	0.2727272727
3 32 47	0.0888888889
48 32 50	0.0468750000
8 52 69	0.4848484848
32 14 47	0.1194029851
49 4 67	0.3076923077
70 54 50	0.0813953488
57 13 70	0.0769230769
50 31 67	0.2857142857
59 52 67	0.3146853147
52 57 50	0.0409556314
47 47 50	0.0445859873
52 53 50	0.0470588235
61 56 77	0.0476190476
3 63 67	0.2500000000
67 4 67	0.2000000000
6 1 67	0.3010752688
13 2 47	0.1460674157
46 61 47	0.2040816327
61 24 67	0.2500000000
3 54 50	0.0395480226
14 78 67	0.2222222222
49 48 47	0.0740740741
32 32 77	0.0869565217
46 52 77	0.1481481481
57 52 50	0.0374149660
1 32 47	0.0810810811
3 61 77	0.4814814815
14 13 50	0.0961538462
8 13 47	0.0853658537
42 47 67	0.2500000000
14 11 47	0.1428571429
14 57 69	0.4444444444
59 52 77	0.1481481481
70 20 67	0.1818181818
3 7 69	0.3181818182
68 19 50	0.0194174757
54 6 69	0.3181818182
57 46 50	0.0865384615
32 1 50	0.0224719101
53 46 50	0.0434782609
53 8 50	0.0158730159
53 6 69	0.3125000000
54 11 50	0.0645161290
64 52 50	0.0303030303
54 47 69	0.2272727273
6 18 69	0.3333333333
53 32 69	0.2000000000
50 60 50	0.0303030303
3 2 50	0.1089108911
32 13 70	0.0270270270
59 46 47	0.3461538462
10 3 70	0.0547945205
57 49 70	0.0697674419
59 53 69	0.5000000000
52 13 70	0.0576923077
49 78 70	0.0208333333
64 4 70	0.0222222222
57 59 47	0.0683229814
8 4 67	0.5000000000
3 78 67	0.2222222222
2 3 67	0.1739130435
11 6 50	0.0672268908
48 3 69	0.3928571429
78 60 69	0.4000000000
46 53 70	0.0566037736
11 8 47	0.1632653061
8 2 70	0.0588235294
7 60 69	0.3529411765
48 52 67	0.6176470588
77 1 69	0.2903225806
69 4 69	0.4000000000
13 50 50	0.0338983051
3 53 47	0.1467889908
49 70 52	0.0694444444
48 52 47	0.1082802548
69 31 69	0.2000000000
48 64 52	0.0909090909
2 52 77	0.1785714286
6 32 77	0.2647058824
48 47 50	0.0432098765
3 14 47	0.1007751938
2 8 69	0.1818181818
14 47 47	0.1481481481
8 59 50	0.0222222222
54 11 47	0.1014492754
4 52 47	0.0473933649
46 56 69	0.3636363636
70 20 47	0.1379310345
13 20 50	0.0888888889
50 52 50	0.0407608696
7 7 50	0.1052631579
54 7 47	0.1891891892
6 29 50	0.0344827586
54 69 2	0.2941176471
2 49 69	0.3382352941
46 52 47	0.1287128713
60 1 69	0.2727272727
4 49 50	0.0833333333
68 3 69	0.2352941176
54 3 47	0.0510948905
61 24 69	0.2727272727
47 54 50	0.0530973451
64 3 47	0.0575539568
66 63 67	0.2222222222
7 3 47	0.0854700855
50 47 67	0.3000000000
13 52 70	0.0396039604
14 54 50	0.0759493671
50 36 77	0.3750000000
1 50 67	0.0833333333
54 2 47	0.2068965517
1 32 50	0.0413793103
47 32 69	0.4285714286
42 1 69	0.3333333333
59 32 50	0.0645161290
6 13 67	0.2252252252
14 1 50	0.0263157895
70 4 69	0.3333333333
49 78 77	0.2000000000
52 57 70	0.0288461538
48 11 69	0.6071428571
48 69 48	0.4444444444
47 69 2	0.1388888889
50 19 67	0.1428571429
66 63 47	0.3157894737
50 18 47	0.0687022901
14 49 77	0.3783783784
78 13 67	0.2413793103
46 52 69	0.3448275862
4 13 69	0.2380952381
60 11 47	0.1041666667
47 13 50	0.0552486188
32 52 67	0.1846153846
78 60 67	0.3000000000
60 64 52	0.0833333333
10 15 67	0.5312500000
49 56 50	0.0576923077
7 6 70	0.0294117647
57 2 70	0.1034482759
8 57 70	0.0512820513
57 32 70	0.0952380952
1 52 70	0.0877192982
57 47 70	0.0571428571
47 65 22	0.0202020202
66 19 70	0.0270270270
7 52 77	0.1764705882
32 50 48	0.0740740741
1 8 47	0.1136363636
8 57 50	0.0275229358
65 51 77	0.3636363636
8 8 69	0.4166666667
49 2 77	0.3090909091
53 6 67	0.3157894737
2 32 69	0.1818181818
53 52 69	0.3103448276
53 6 47	0.1028037383
8 57 69	0.4642857143
66 22 70	0.0769230769
32 6 70	0.0533333333
8 2 69	0.4800000000
32 11 69	0.2962962963
8 53 69	0.2857142857
32 54 69	0.2307692308
54 49 47	0.0854700855
11 47 47	0.1241379310
2 59 50	0.0611111111
65 52 47	0.0322580645
1 69 2	0.0512820513
1 8 69	0.2500000000
11 48 69	0.2142857143
54 32 47	0.1891891892
60 59 69	0.2272727273
50 3 47	0.0941176471
6 32 47	0.0909090909
54 13 69	0.2564102564
1 6 50	0.0319410319
53 88 47	0.1111111111
50 46 47	0.2142857143
32 52 50	0.0489690722
78 88 69	0.3636363636
70 7 69	0.3333333333
57 13 77	0.2068965517
66 3 77	0.2222222222
57 50 48	0.0689655172
57 47 48	0.1428571429
1 8 67	0.2857142857
53 11 67	0.2307692308
8 7 67	0.5000000000
50 18 67	0.4782608696
3 2 67	0.3846153846
6 7 67	0.3500000000
32 61 77	0.1666666667
61 56 67	0.1304347826
32 32 67	0.2142857143
14 61 77	0.2500000000
59 14 77	0.1333333333
59 2 77	0.1851851852
52 78 77	0.1707317073
47 46 67	0.3529411765
3 47 70	0.0790697674
59 11 70	0.0555555556
57 66 77	0.5000000000
66 59 77	0.2272727273
50 6 77	0.2272727273
1 11 67	0.3200000000
49 2 67	0.3888888889
57 50 67	0.2000000000
11 53 69	0.2857142857
47 47 2	0.0337837838
70 52 50	0.0454545455
47 49 77	0.3089430894
1 2 47	0.1445783133
52 14 69	0.3571428571
4 13 77	0.0869565217
7 13 50	0.0634920635
54 6 77	0.0740740741
6 2 47	0.1478260870
61 56 69	0.3095238095
32 59 47	0.0535714286
3 3 50	0.0233918129
59 7 50	0.0571428571
54 14 47	0.2500000000
7 67 2	0.2857142857
65 3 50	0.0258620690
54 53 69	0.3076923077
57 8 47	0.1632653061
4 32 69	0.2380952381
78 2 69	0.4166666667
49 56 77	0.1590909091
57 46 70	0.2083333333
78 52 77	0.2285714286
11 3 67	0.1739130435
49 15 77	0.2043010753
3 57 77	0.1428571429
57 7 69	0.2352941176
59 2 50	0.0983606557
13 66 77	0.3214285714
59 1 67	0.3018867925
6 11 67	0.2972972973
3 66 22	0.0298507463
48 52 50	0.0292397661
46 52 67	0.2962962963
14 46 47	0.4000000000
11 50 47	0.1929824561
14 57 47	0.1764705882
54 1 69	0.3142857143
1 50 47	0.0833333333
75 18 47	0.0512820513
75 18 77	0.1428571429
52 0 69	0.3617021277
3 8 69	0.4848484848
59 60 47	0.1058823529
59 67 2	0.2800000000
59 57 47	0.1127450980
50 49 77	0.4102564103
70 3 67	0.5238095238
7 64 52	0.0357142857
66 49 67	0.3888888889
50 8 47	0.1600000000
4 57 69	0.1724137931
60 59 47	0.0375000000
10 0 69	0.3076923077
60 52 50	0.0810810811
4 53 50	0.0273972603
1 67 2	0.2142857143
4 52 67	0.1136363636
42 32 50	0.0416666667
2 13 67	0.2105263158
50 18 77	0.4500000000
8 2 47	0.2647058824
47 54 47	0.0933333333
64 29 77	0.1304347826
1 32 67	0.4545454545
7 1 67	0.3636363636
6 18 67	0.3636363636
1 2 69	0.3783783784
57 1 77	0.2368421053
66 22 67	0.2352941176
1 48 67	0.1875000000
6 1 77	0.1839080460
78 49 67	0.3636363636
50 3 77	0.2352941176
67 23 50	0.0666666667
13 7 67	0.3043478261
4 1 50	0.0454545455
11 54 69	0.5416666667
11 13 50	0.0610687023
1 88 47	0.0952380952
52 88 50	0.0810810811
47 4 47	0.1864406780
49 57 69	0.3728813559
59 78 50	0.0158730159
48 59 77	0.2500000000
3 47 48	0.0649350649
13 60 47	0.0735294118
78 3 50	0.0281690141
10 20 50	0.0437636761
77 6 47	0.0597014925
59 59 77	0.1428571429
47 47 48	0.1111111111
60 59 77	0.1250000000
14 49 47	0.0978260870
75 24 50	0.1228070175
88 4 70	0.1111111111
6 59 70	0.0285714286
50 52 70	0.0612244898
7 57 69	0.2400000000
3 3 70	0.0277777778
32 59 70	0.0370370370
11 69 48	0.4545454545
6 3 70	0.0211864407
78 54 67	0.3000000000
3 60 77	0.1176470588
59 3 50	0.0208333333
3 48 67	0.3137254902
13 10 77	0.4482758621
75 36 77	0.1764705882
13 57 77	0.1333333333
75 52 69	0.3076923077
42 7 67	0.1666666667
11 4 47	0.1071428571
6 57 47	0.0985915493
69 1 77	0.4400000000
3 11 70	0.0652173913
59 53 70	0.0689655172
66 2 77	0.4285714286
59 14 50	0.0120481928
70 18 67	0.4444444444
7 59 47	0.0769230769
1 14 67	0.3181818182
57 8 69	0.4782608696
8 13 67	0.3000000000
53 47 2	0.0222222222
6 69 2	0.1692307692
54 52 47	0.0687500000
54 7 50	0.0853658537
8 47 2	0.0483870968
60 52 67	0.2000000000
60 49 77	0.0666666667
6 88 69	0.1428571429
6 2 50	0.1320754717
49 19 47	0.0701754386
6 50 47	0.1311475410
3 78 47	0.0663265306
77 21 50	0.0240963855
50 24 69	0.2500000000
53 2 47	0.1923076923
7 0 50	0.0476190476
13 14 50	0.0253164557
6 19 47	0.0285714286
1 1 50	0.0526315789
53 14 50	0.0434782609
8 47 48	0.2500000000
48 47 48	0.1304347826
49 22 69	0.2500000000
69 4 70	0.0571428571
48 14 69	0.0909090909
48 32 69	0.4761904762
13 78 69	0.4313725490
77 23 47	0.0714285714
52 14 50	0.0374331551
32 67 2	0.2727272727
3 7 50	0.0594059406
46 14 47	0.2000000000
66 56 67	0.3333333333
49 18 77	0.3404255319
8 1 77	0.3448275862
50 6 67	0.4666666667
50 52 47	0.1106719368
7 59 69	0.2727272727
7 7 67	0.2500000000
65 22 50	0.0507246377
49 50 50	0.0303030303
4 66 77	0.0857142857
8 8 47	0.2000000000
7 47 67	0.2142857143
54 13 77	0.0714285714
57 47 2	0.0196078431
47 8 69	0.3666666667
78 2 47	0.1754385965
42 6 69	0.4000000000
54 49 50	0.0681818182
14 49 50	0.0793650794
2 1 69	0.2500000000
53 20 70	0.0322580645
65 7 69	0.4375000000
88 78 69	0.2000000000
47 11 70	0.0266666667
6 2 70	0.0344827586
88 49 69	0.1250000000
6 7 69	0.3214285714
47 50 50	0.0322580645
59 11 50	0.0322580645
11 46 67	0.2857142857
1 66 77	0.3902439024
4 59 69	0.0952380952
70 19 50	0.0634920635
78 48 69	0.2500000000
1 1 67	0.3513513514
54 4 69	0.2222222222
59 50 52	0.0044247788
11 32 69	0.4736842105
13 57 67	0.2432432432
13 60 67	0.3000000000
52 54 70	0.0319148936
52 49 52	0.0068243858
59 7 69	0.2631578947
48 6 50	0.0327868852
3 50 67	0.2692307692
52 60 50	0.0482456140
47 78 50	0.0098039216
50 8 69	0.2000000000
54 1 50	0.0769230769
57 69 2	0.1612903226
60 6 47	0.0701754386
53 47 47	0.1489361702
11 78 47	0.0515463918
11 1 50	0.0542168675
57 50 69	0.2727272727
4 67 2	0.2727272727
11 46 47	0.4000000000
54 88 47	0.1111111111
6 2 69	0.3584905660
57 54 69	0.5483870968
88 52 69	0.1111111111
47 2 69	0.3243243243
13 48 70	0.0175438596
53 59 69	0.3500000000
57 3 69	0.3846153846
68 7 69	0.2857142857
66 3 70	0.0277777778
47 13 77	0.1639344262
2 13 77	0.1724137931
49 0 50	0.0427350427
61 19 67	0.2000000000
49 60 47	0.0526315789
32 3 77	0.1041666667
78 2 67	0.2222222222
8 49 70	0.0740740741
78 49 70	0.0178571429
66 59 67	0.4285714286
11 11 70	0.0178571429
11 13 77	0.1509433962
48 52 70	0.1578947368
78 54 69	0.5555555556
47 10 77	0.3809523810
57 6 77	0.1818181818
11 49 67	0.2608695652
6 57 77	0.1333333333
57 70 52	0.0816326531
66 15 77	0.1355932203
49 32 77	0.1555555556
11 59 67	0.1666666667
6 24 69	0.3750000000
50 54 47	0.1403508772
65 15 69	0.3125000000
7 6 77	0.2647058824
70 7 77	0.1666666667
57 32 50	0.0625000000
14 53 47	0.1272727273
78 50 47	0.2187500000
13 78 77	0.1818181818
66 19 47	0.0869565217
57 1 50	0.0469798658
53 24 69	0.3043478261
32 3 50	0.0260869565
48 6 70	0.1166666667
48 57 67	0.4166666667
3 54 47	0.0825688073
48 53 69	0.3333333333
1 13 50	0.0445544554
8 59 47	0.0612244898
4 2 50	0.0666666667
7 11 50	0.0677966102
7 49 50	0.0615384615
60 8 69	0.3333333333
59 7 70	0.1081081081
57 46 67	0.3846153846
8 14 67	0.5294117647
1 78 77	0.1379310345
57 14 67	0.3200000000
8 53 77	0.5666666667
32 8 67	0.0833333333
1 78 70	0.0312500000
59 32 77	0.2068965517
57 53 77	0.4814814815
57 32 67	0.2500000000
11 52 70	0.0196078431
47 60 70	0.0615384615
7 57 50	0.0769230769
7 46 50	0.0769230769
8 24 50	0.0465116279
14 32 47	0.1666666667
3 20 47	0.1212121212
49 22 50	0.0202020202
60 78 50	0.0408163265
11 47 2	0.0396039604
11 78 69	0.3461538462
57 4 47	0.1111111111
66 63 50	0.0689655172
48 46 70	0.2857142857
70 18 77	0.4642857143
13 3 70	0.0145985401
50 49 70	0.0666666667
6 42 69	0.1250000000
70 54 47	0.1914893617
49 24 67	0.2916666667
61 77 2	0.2727272727
2 47 47	0.0689655172
78 52 69	0.4489795918
47 78 47	0.0593220339
32 32 69	0.3750000000
78 77 2	0.1538461538
3 14 50	0.0196078431
49 29 69	0.3333333333
49 88 47	0.0952380952
6 50 50	0.0366972477
50 8 67	0.3000000000
64 4 67	0.1666666667
13 70 52	0.0634920635
11 3 77	0.1428571429
6 49 52	0.0045067601
53 11 69	0.1818181818
66 15 47	0.0340909091
4 13 47	0.0826446281
57 7 47	0.1355932203
8 7 47	0.1891891892
60 2 47	0.1200000000
47 49 67	0.3333333333
10 3 67	0.4150943396
61 56 50	0.0618556701
61 19 69	0.2631578947
3 0 77	0.4666666667
48 78 67	0.2000000000
59 46 67	0.3125000000
47 13 67	0.1764705882
3 57 50	0.0500000000
78 7 50	0.0757575758
53 24 50	0.0224719101
59 78 77	0.1666666667
52 0 67	0.1951219512
1 88 69	0.3846153846
7 52 67	0.3783783784
6 14 50	0.0454545455
46 3 69	0.4285714286
3 54 70	0.0769230769
53 46 70	0.0666666667
6 57 70	0.0149253731
88 13 69	0.2222222222
4 59 67	0.0666666667
14 8 69	0.2857142857
78 49 52	0.0061728395
53 8 69	0.2307692308
70 51 77	0.2222222222
8 3 67	0.2380952381
53 66 77	0.1333333333
54 13 50	0.0909090909
11 14 47	0.2075471698
1 78 47	0.0606060606
8 78 50	0.0277777778
54 3 50	0.0357142857
6 46 50	0.0955414013
1 60 47	0.0897435897
10 3 50	0.0319148936
32 32 50	0.0444444444
6 60 77	0.0952380952
11 47 70	0.0133333333
10 54 69	0.1818181818
52 48 70	0.0408163265
70 36 77	0.5000000000
49 13 77	0.1724137931
8 52 67	0.3421052632
42 3 47	0.1034482759
59 8 69	0.3333333333
54 66 77	0.0769230769
52 78 47	0.0746268657
54 11 69	0.4400000000
49 60 50	0.0454545455
8 14 70	0.0714285714
68 19 67	0.1904761905
50 47 69	0.2857142857
42 57 69	0.2857142857
14 50 47	0.1764705882
78 50 67	0.3333333333
14 2 67	0.1428571429
47 70 52	0.0340909091
14 13 67	0.2307692308
13 77 2	0.2800000000
53 21 69	0.1111111111
52 8 50	0.0039840637
6 9 22	0.0285714286
32 54 70	0.0526315789
67 7 47	0.0344827586
67 56 69	0.0909090909
88 52 70	0.1818181818
11 46 70	0.0952380952
1 7 69	0.3125000000
53 13 69	0.2000000000
49 19 70	0.0447761194
59 57 70	0.0131578947
48 78 47	0.0857142857
59 53 77	0.3902439024
52 42 69	0.1818181818
47 50 2	0.0115384615
11 50 50	0.0273972603
49 2 70	0.0606060606
3 53 67	0.2000000000
48 53 67	0.2000000000
48 8 69	0.1538461538
1 49 70	0.0714285714
78 6 67	0.4857142857
48 1 50	0.0277777778
7 60 70	0.0333333333
50 59 47	0.0769230769
7 59 77	0.1250000000
8 49 67	0.3571428571
68 52 69	0.1818181818
57 3 77	0.2250000000
53 59 67	0.2857142857
13 11 50	0.0301204819
53 4 69	0.3076923077
13 54 47	0.1269841270
70 18 69	0.3684210526
11 7 70	0.0800000000
48 1 70	0.0952380952
57 2 47	0.1833333333
1 49 67	0.4000000000
59 2 67	0.2500000000
48 66 22	0.0833333333
3 88 47	0.1428571429
77 23 50	0.0540540541
49 88 69	0.3076923077
32 46 47	0.3125000000
46 7 47	0.4000000000
10 9 22	0.0909090909
61 48 77	0.1666666667
78 78 67	0.2941176471
49 57 67	0.1960784314
13 32 77	0.2352941176
69 21 69	0.4333333333
61 64 52	0.0645161290
47 11 67	0.2000000000
2 49 52	0.0018939394
6 8 69	0.4848484848
57 13 47	0.0930232558
13 11 77	0.1333333333
11 50 69	0.2000000000
54 57 50	0.0581395349
50 11 50	0.0579710145
57 48 47	0.0645161290
68 4 47	0.1176470588
14 14 69	0.1428571429
49 50 2	0.0179640719
7 2 50	0.1379310345
65 22 67	0.2500000000
57 8 50	0.0071428571
11 64 52	0.0638297872
42 13 47	0.1764705882
57 13 50	0.0583333333
54 2 50	0.1351351351
54 53 50	0.0810810811
60 54 50	0.0555555556
46 67 2	0.2222222222
32 54 47	0.0731707317
53 3 50	0.0298507463
4 57 47	0.1046511628
78 54 70	0.0800000000
8 47 47	0.1168831169
14 1 67	0.4583333333
59 60 67	0.1666666667
11 10 77	0.3333333333
47 11 47	0.0952380952
65 24 69	0.2631578947
7 8 67	0.2500000000
57 59 77	0.1562500000
46 3 67	0.2083333333
8 46 50	0.0945945946
8 2 50	0.1176470588
7 6 67	0.3783783784
8 56 47	0.1200000000
7 49 67	0.2307692308
78 78 69	0.4736842105
47 13 70	0.0363636364
6 47 70	0.0404040404
49 54 70	0.0303030303
59 14 67	0.3225806452
66 75 52	0.0655737705
57 7 67	0.3913043478
13 48 67	0.2444444444
53 53 77	0.2666666667
8 1 67	0.5200000000
52 14 47	0.1062801932
78 46 50	0.1641791045
14 0 69	0.2500000000
49 11 50	0.0322580645
7 6 50	0.0597014925
46 53 69	0.2800000000
47 14 50	0.0437956204
66 24 69	0.1818181818
32 77 2	0.1666666667
52 46 70	0.1515151515
69 24 67	0.2222222222
48 54 50	0.0410958904
47 48 69	0.2941176471
13 78 50	0.0312500000
52 31 67	0.3125000000
61 20 69	0.3333333333
3 13 70	0.0535714286
8 4 69	0.3684210526
42 52 67	0.2857142857
14 59 77	0.0833333333
54 7 67	0.1333333333
70 19 47	0.1276595745
42 53 50	0.1538461538
6 48 77	0.1627906977
88 59 69	0.1000000000
47 11 69	0.3571428571
6 54 70	0.0357142857
1 32 70	0.0212765957
47 6 70	0.0592105263
32 65 22	0.0277777778
2 7 47	0.1034482759
59 4 47	0.0789473684
70 54 70	0.0625000000
50 78 69	0.3636363636
50 13 77	0.2727272727
7 11 47	0.1041666667
65 7 67	0.3478260870
3 11 67	0.2258064516
69 24 50	0.0615384615
48 54 47	0.0888888889
48 32 70	0.1153846154
4 48 67	0.1176470588
46 7 50	0.0980392157
3 60 67	0.2666666667
1 46 47	0.2272727273
54 53 77	0.2500000000
78 50 69	0.3571428571
49 69 48	0.3636363636
6 1 50	0.0354838710
7 7 47	0.2272727273
54 48 69	0.1818181818
78 78 77	0.1052631579
49 75 52	0.0645161290
60 10 77	0.2222222222
57 3 67	0.2727272727
8 3 47	0.0270270270
11 7 67	0.3636363636
8 60 67	0.2000000000
50 29 77	0.4285714286
32 57 67	0.1538461538
53 50 48	0.0714285714
78 11 47	0.1428571429
47 54 67	0.1176470588
8 47 67	0.2105263158
1 7 50	0.0431034483
67 23 67	0.2666666667
13 8 69	0.3181818182
65 24 50	0.0142857143
14 0 50	0.0172413793
4 57 50	0.0594059406
11 11 47	0.1181102362
4 7 50	0.0631578947
59 4 69	0.2941176471
52 0 50	0.0451977401
59 53 47	0.1492537313
8 59 77	0.2307692308
78 50 52	0.0190476190
50 7 67	0.3636363636
6 54 67	0.2500000000
75 4 67	0.1428571429
70 19 67	0.2307692308
59 61 77	0.3333333333
53 24 47	0.0701754386
75 3 47	0.0701754386
7 8 47	0.1500000000
14 7 69	0.2857142857
66 46 50	0.1162790698
47 2 70	0.0975609756
1 11 77	0.1111111111
14 53 69	0.3529411765
59 14 70	0.0769230769
2 49 50	0.0838709677
60 49 50	0.0851063830
49 14 47	0.1140350877
8 35 69	0.1428571429
32 52 70	0.0666666667
3 20 67	0.2500000000
60 49 47	0.0789473684
49 66 22	0.0327868852
49 2 47	0.0894308943
7 32 70	0.0384615385
47 59 70	0.0465116279
50 3 70	0.0281690141
50 32 47	0.1250000000
70 55 52	0.0476190476
50 49 69	0.2916666667
1 13 67	0.2037037037
2 57 47	0.0566037736
49 14 67	0.2758620690
2 46 67	0.1250000000
11 47 48	0.0769230769
48 60 47	0.0689655172
6 64 52	0.0506329114
48 78 70	0.0833333333
47 47 67	0.2285714286
47 64 52	0.0784313725
8 32 50	0.0779220779
1 3 50	0.0198412698
78 60 47	0.0909090909
68 20 50	0.0412371134
11 8 50	0.0081967213
50 29 50	0.0487804878
14 49 52	0.0046511628
48 60 77	0.1111111111
3 50 48	0.0526315789
48 50 48	0.0714285714
52 31 69	0.3684210526
7 46 47	0.1250000000
7 0 69	0.2916666667
32 7 70	0.0526315789
53 78 67	0.1818181818
6 18 47	0.0826446281
11 54 47	0.1406250000
50 49 50	0.0571428571
11 47 67	0.1724137931
53 13 77	0.1785714286
57 10 77	0.3529411765
53 6 50	0.0434782609
57 54 67	0.2222222222
57 66 22	0.0263157895
50 59 50	0.0263157895
6 4 70	0.0263157895
49 60 69	0.3461538462
50 14 47	0.1562500000
32 49 67	0.1200000000
78 78 47	0.0875000000
14 3 50	0.0144927536
61 19 47	0.0943396226
14 11 50	0.1304347826
47 7 67	0.2647058824
78 57 50	0.0636363636
4 47 50	0.0306122449
8 13 50	0.0754716981
53 52 47	0.0508474576
54 50 2	0.0303030303
32 48 69	0.3076923077
52 50 50	0.0182481752
46 14 50	0.0909090909
6 32 50	0.0661764706
13 2 50	0.1034482759
50 2 69	0.2941176471
6 78 70	0.0212765957
10 48 77	0.2500000000
14 14 67	0.3846153846
48 11 50	0.0449438202
65 3 67	0.3030303030
52 64 52	0.0714285714
32 2 47	0.0526315789
13 13 70	0.0394736842
42 49 67	0.2857142857
4 13 50	0.0454545455
54 49 77	0.1304347826
1 53 47	0.1451612903
3 2 70	0.0943396226
8 11 70	0.0750000000
53 9 22	0.0769230769
59 50 67	0.2777777778
48 50 52	0.0138888889
1 7 47	0.1166666667
14 32 67	0.2500000000
49 0 52	0.0056818182
47 3 77	0.1904761905
49 53 50	0.0597014925
52 60 77	0.1600000000
4 49 77	0.0754716981
70 4 67	0.4166666667
78 57 67	0.4000000000
70 5 77	0.3636363636
78 10 77	0.3888888889
14 57 67	0.1428571429
66 15 67	0.2666666667
6 36 77	0.4117647059
2 77 2	0.2857142857
54 78 69	0.3125000000
59 42 69	0.2500000000
77 23 70	0.0344827586
59 4 70	0.0740740741
11 7 50	0.0593220339
60 2 50	0.0769230769
32 57 47	0.0561797753
4 8 69	0.3529411765
68 52 47	0.0645161290
78 8 69	0.5000000000
32 59 50	0.0389610390
77 21 69	0.3000000000
49 49 52	0.0038781163
53 57 69	0.3750000000
53 78 69	0.1666666667
11 52 77	0.1136363636
42 59 50	0.1538461538
54 2 69	0.1176470588
54 54 67	0.1250000000
3 50 77	0.1818181818
65 20 50	0.0336134454
14 3 77	0.0666666667
4 52 77	0.0789473684
49 29 67	0.2222222222
46 1 67	0.2121212121
57 54 47	0.1000000000
7 32 50	0.0555555556
14 1 77	0.2857142857
59 32 67	0.3181818182
57 1 70	0.0270270270
11 60 47	0.1428571429
14 7 67	0.4166666667
49 57 70	0.0256410256
13 50 52	0.0076335878
3 70 52	0.0535714286
49 19 50	0.0355329949
13 54 70	0.0285714286
47 32 70	0.0161290323
6 11 70	0.0273972603
75 4 70	0.0303030303
60 78 47	0.0612244898
50 30 62	0.0099009901
70 23 70	0.1111111111
48 54 67	0.3636363636
49 19 67	0.1794871795
57 4 69	0.2631578947
6 69 48	0.3529411765
11 13 67	0.1428571429
59 7 67	0.3103448276
52 4 70	0.0454545455
2 59 67	0.1666666667
67 1 77	0.2000000000
46 56 67	0.2727272727
46 56 47	0.0857142857
60 46 50	0.0769230769
53 8 47	0.0769230769
49 18 69	0.4000000000
47 60 50	0.0585106383
2 47 2	0.0714285714
67 20 47	0.0400000000
1 60 69	0.2941176471
60 54 69	0.2500000000
11 52 50	0.0348432056
11 14 69	0.2727272727
2 50 2	0.0312500000
49 57 77	0.0769230769
66 49 50	0.0743801653
48 13 70	0.1111111111
48 3 77	0.3500000000
78 46 67	0.5000000000
50 59 70	0.0625000000
70 4 47	0.0909090909
59 50 47	0.1571428571
70 52 47	0.1111111111
50 48 52	0.0312500000
14 4 47	0.0625000000
54 52 67	0.0645161290
7 54 50	0.0178571429
66 15 69	0.3703703704
4 53 69	0.2941176471
60 78 69	0.2352941176
32 32 47	0.0512820513
4 78 47	0.0566037736
6 2 67	0.2857142857
11 67 2	0.1764705882
54 54 50	0.0937500000
7 11 67	0.1111111111
7 7 70	0.0588235294
50 70 52	0.1000000000
77 21 70	0.0434782609
10 54 70	0.0769230769
8 6 77	0.2051282051
32 13 77	0.1166666667
7 50 48	0.1071428571
57 49 52	0.0045941807
50 60 69	0.2500000000
57 3 50	0.0084033613
42 47 47	0.2272727273
11 6 77	0.2093023256
66 59 47	0.0970873786
52 2 70	0.1020408163
13 57 70	0.0208333333
32 46 70	0.0714285714
88 4 69	0.1428571429
47 0 67	0.1063829787
61 5 77	0.2272727273
14 59 67	0.3333333333
8 13 70	0.0434782609
67 31 69	0.3000000000
8 24 47	0.1034482759
7 47 69	0.4500000000
46 61 67	0.3703703704
68 7 47	0.0789473684
32 11 70	0.0263157895
88 2 69	0.1428571429
3 14 70	0.1153846154
49 11 70	0.0263157895
48 4 47	0.1153846154
14 47 2	0.0888888889
47 78 67	0.1333333333
61 19 50	0.0447761194
60 13 67	0.1764705882
70 15 47	0.0740740741
47 60 67	0.2222222222
32 50 2	0.0259740260
57 50 47	0.1276595745
57 57 50	0.0411764706
53 46 47	0.2000000000
53 88 69	0.1428571429
7 69 2	0.1666666667
53 4 47	0.1000000000
7 13 67	0.1666666667
6 50 48	0.0757575758
66 56 77	0.1219512195
60 46 47	0.3333333333
50 32 50	0.0810810811
50 52 2	0.0071428571
13 14 69	0.2777777778
1 57 70	0.0169491525
88 6 69	0.1666666667
6 22 47	0.0937500000
6 32 70	0.0434782609
7 59 67	0.1666666667
60 67 2	0.2222222222
13 50 69	0.0833333333
4 6 50	0.0381355932
52 69 2	0.0952380952
52 88 47	0.1428571429
14 52 50	0.0229885057
67 31 67	0.2666666667
42 3 69	0.4000000000
4 7 47	0.0975609756
42 49 77	0.4000000000
42 52 50	0.1176470588
42 2 47	0.2000000000
53 19 47	0.0849673203
65 55 52	0.0625000000
66 48 77	0.4117647059
6 29 77	0.4000000000
50 50 67	0.1428571429
2 66 77	0.2142857143
7 3 69	0.4400000000
46 3 77	0.0888888889
1 3 70	0.0147058824
13 47 70	0.0443037975
1 54 50	0.0219780220
42 49 69	0.4000000000
70 19 69	0.2777777778
13 14 67	0.4516129032
49 60 67	0.3157894737
64 52 67	0.0952380952
32 11 47	0.0555555556
6 53 67	0.2058823529
66 7 77	0.0434782609
52 66 22	0.0381679389
49 13 70	0.0373831776
65 15 47	0.0410958904
78 1 77	0.3461538462
53 54 47	0.1212121212
50 2 50	0.0869565217
6 57 50	0.0297029703
68 7 50	0.0571428571
7 54 47	0.0476190476
54 47 67	0.0588235294
52 47 2	0.0197183099
7 54 69	0.2500000000
14 10 77	0.2000000000
4 6 77	0.0487804878
2 13 50	0.0099009901
14 7 50	0.0952380952
48 57 70	0.0666666667
3 53 70	0.0222222222
7 0 47	0.1392405063
52 31 47	0.0408163265
49 54 50	0.0250000000
50 32 69	0.2307692308
4 48 47	0.0454545455
78 50 2	0.0161290323
47 23 77	0.1739130435
42 1 67	0.2857142857
78 54 50	0.0625000000
42 6 67	0.3333333333
50 8 50	0.0204081633
50 57 50	0.0363636364
88 78 70	0.0833333333
7 49 70	0.0384615385
46 47 48	0.1818181818
11 49 52	0.0093750000
49 78 50	0.0206896552
13 20 70	0.0392156863
3 78 70	0.0357142857
11 1 70	0.0212765957
32 4 47	0.1111111111
50 1 50	0.0640000000
65 7 77	0.1621621622
78 7 69	0.2727272727
57 32 47	0.1126760563
53 13 47	0.0731707317
53 60 47	0.0769230769
2 8 67	0.1428571429
50 29 69	0.4000000000
14 46 50	0.1764705882
14 49 67	0.1666666667
54 14 50	0.0500000000
42 11 50	0.1538461538
54 14 67	0.2727272727
42 57 47	0.1875000000
3 1 70	0.0273972603
6 22 69	0.1818181818
2 47 50	0.0560747664
7 2 69	0.2666666667
4 46 47	0.1666666667
7 47 50	0.0322580645
50 7 50	0.0535714286
75 3 50	0.1081081081
54 48 47	0.0645161290
42 10 77	0.1666666667
78 48 67	0.2222222222
14 8 50	0.0270270270
7 57 70	0.0277777778
2 7 70	0.0909090909
47 31 67	0.2380952381
10 33 77	0.2222222222
53 22 67	0.1818181818
50 78 70	0.0833333333
69 24 47	0.0689655172
7 14 47	0.2857142857
57 48 67	0.1538461538
1 64 52	0.0833333333
78 4 47	0.0625000000
32 49 77	0.1343283582
69 21 50	0.0444444444
77 1 77	0.0909090909
4 47 48	0.1000000000
50 23 77	0.3333333333
54 50 50	0.0425531915
4 47 2	0.0384615385
4 60 47	0.0740740741
48 46 47	0.2000000000
60 3 47	0.0166666667
77 50 47	0.0740740741
50 46 67	0.2500000000
57 59 67	0.2800000000
42 47 69	0.4545454545
4 59 77	0.1052631579
42 32 67	0.2857142857
7 13 47	0.1578947368
60 57 47	0.1428571429
11 3 50	0.0185185185
54 53 47	0.1666666667
50 2 47	0.2173913043
88 1 69	0.1428571429
47 78 70	0.0322580645
49 9 22	0.0212765957
57 57 70	0.0333333333
68 4 69	0.2222222222
3 50 52	0.0103448276
13 1 77	0.1052631579
66 55 52	0.0517241379
60 57 77	0.1428571429
2 6 67	0.2222222222
69 1 70	0.0212765957
47 7 69	0.1666666667
4 11 47	0.0588235294
57 59 50	0.0330578512
14 49 70	0.0416666667
14 78 77	0.2222222222
3 48 77	0.1818181818
66 22 50	0.0500000000
42 3 67	0.3000000000
54 60 47	0.1111111111
42 8 69	0.1666666667
47 59 77	0.1578947368
53 52 50	0.0325203252
57 53 47	0.1346153846
13 69 2	0.0740740741
13 20 67	0.3076923077
59 60 77	0.0952380952
50 13 69	0.2777777778
50 54 67	0.3333333333
8 47 70	0.0256410256
48 54 70	0.1034482759
13 50 48	0.0810810811
57 88 69	0.1428571429
1 4 69	0.2666666667
49 57 50	0.0225225225
13 32 70	0.0312500000
8 60 47	0.1176470588
11 70 52	0.0487804878
66 19 50	0.0300000000
50 22 50	0.0416666667
68 3 47	0.0769230769
1 46 70	0.1428571429
46 60 50	0.0649350649
14 7 47	0.1904761905
54 78 50	0.0204081633
48 78 77	0.1428571429
13 2 77	0.2758620690
10 3 77	0.1304347826
59 3 70	0.0095238095
66 19 67	0.1500000000
47 88 50	0.0344827586
78 6 70	0.0246913580
8 10 22	0.0857142857
66 0 77	0.1666666667
46 6 67	0.1904761905
7 78 69	0.1111111111
13 50 47	0.1111111111
78 48 47	0.0909090909
11 50 67	0.4117647059
50 42 69	0.1666666667
50 21 69	0.2000000000
57 54 50	0.0409836066
48 50 47	0.1363636364
3 48 70	0.0142857143
32 53 77	0.2500000000
8 14 69	0.3000000000
14 3 67	0.2307692308
60 69 2	0.2142857143
54 60 69	0.2857142857
1 60 67	0.0769230769
78 64 52	0.0819672131
7 3 67	0.3200000000
70 29 47	0.1304347826
52 48 50	0.0220588235
6 78 50	0.0220588235
48 7 69	0.2727272727
68 7 70	0.0555555556
50 47 47	0.1176470588
60 11 50	0.0370370370
3 7 70	0.0465116279
42 1 50	0.1176470588
11 14 50	0.0392156863
88 3 69	0.1111111111
7 54 70	0.0454545455
53 3 70	0.0222222222
75 52 47	0.0303030303
50 22 47	0.1428571429
78 14 50	0.0384615385
1 59 70	0.0459770115
50 7 69	0.3333333333
53 57 47	0.0625000000
8 78 47	0.0270270270
4 54 47	0.0208333333
67 3 47	0.0344827586
47 3 50	0.0137931034
65 15 67	0.4000000000
7 1 77	0.1923076923
70 64 52	0.0476190476
75 18 67	0.1904761905
4 11 69	0.2400000000
53 13 50	0.0750000000
52 1 70	0.0366972477
60 52 69	0.2307692308
54 54 47	0.1818181818
1 53 67	0.0714285714
47 50 48	0.0724637681
48 60 67	0.1428571429
13 53 69	0.3333333333
49 22 67	0.1250000000
60 13 77	0.0666666667
32 47 48	0.0769230769
57 14 70	0.0833333333
2 7 69	0.1250000000
47 66 22	0.0344827586
88 52 47	0.0357142857
54 14 69	0.3750000000
67 7 69	0.1111111111
78 53 67	0.2307692308
50 47 50	0.0547945205
77 1 70	0.0384615385
60 6 67	0.1428571429
61 75 52	0.0285714286
10 2 77	0.2222222222
32 60 69	0.0909090909
3 4 67	0.2941176471
14 6 77	0.1666666667
13 48 50	0.0240963855
70 18 47	0.0967741935
11 14 67	0.3125000000
4 3 77	0.1034482759
4 59 47	0.0447761194
68 19 47	0.0869565217
54 13 67	0.0526315789
32 50 47	0.0666666667
8 67 2	0.1500000000
54 47 2	0.0555555556
78 47 70	0.0111111111
6 50 69	0.2083333333
53 49 47	0.0459770115
50 54 50	0.0549450549
52 50 52	0.0053097345
49 54 67	0.1111111111
2 8 47	0.0789473684
7 3 77	0.2592592593
14 47 70	0.0384615385
7 32 47	0.1190476190
1 48 77	0.1176470588
47 57 70	0.0232558140
57 60 50	0.0188679245
69 4 67	0.4000000000
46 50 2	0.0327868852
2 78 47	0.0652173913
7 70 52	0.0714285714
50 47 48	0.1818181818
8 50 67	0.1818181818
13 50 2	0.0161290323
32 49 52	0.0054744526
1 50 48	0.0937500000
14 7 70	0.0666666667
78 46 70	0.1333333333
70 3 70	0.0285714286
46 53 77	0.2727272727
50 67 2	0.0833333333
13 4 70	0.0344827586
42 3 77	0.2000000000
42 13 77	0.2222222222
49 65 22	0.0119047619
50 57 47	0.0937500000
50 47 2	0.0303030303
1 60 77	0.0666666667
7 2 47	0.1666666667
6 32 67	0.4285714286
77 1 67	0.0454545455
49 46 67	0.2380952381
14 78 69	0.1000000000
14 50 2	0.0212765957
54 3 67	0.0416666667
4 8 67	0.0833333333
42 52 47	0.0714285714
59 64 52	0.0533333333
14 4 69	0.3333333333
54 54 69	0.4545454545
66 64 52	0.0697674419
1 66 22	0.0192307692
42 32 69	0.4444444444
13 11 70	0.0350877193
47 14 69	0.2727272727
46 70 52	0.0526315789
1 60 50	0.0416666667
42 13 50	0.1538461538
3 4 47	0.0588235294
3 7 67	0.3030303030
50 7 47	0.1428571429
60 59 50	0.0454545455
65 9 22	0.0476190476
7 1 70	0.0188679245
3 11 77	0.1428571429
32 48 47	0.0666666667
49 29 50	0.0344827586
4 60 69	0.1538461538
2 1 50	0.0263157895
11 6 70	0.0500000000
32 7 69	0.1818181818
54 88 50	0.0769230769
8 49 52	0.0063492063
49 32 70	0.0181818182
66 63 70	0.1250000000
7 49 52	0.0038461538
50 49 67	0.2000000000
52 32 70	0.0434782609
78 88 50	0.0689655172
66 72 77	0.1428571429
1 42 69	0.1250000000
42 59 47	0.0909090909
32 1 70	0.0434782609
4 52 50	0.0143540670
11 88 50	0.0952380952
1 78 50	0.0312500000
68 52 67	0.1538461538
2 70 52	0.0384615385
48 53 50	0.0312500000
57 69 48	0.3076923077
50 49 47	0.0641025641
59 54 67	0.1764705882
49 50 67	0.1333333333
70 4 70	0.0666666667
32 3 67	0.1090909091
7 47 48	0.2727272727
50 31 47	0.0909090909
78 11 70	0.0540540541
14 14 47	0.1200000000
54 50 47	0.1142857143
49 21 69	0.1111111111
78 2 70	0.0400000000
50 78 67	0.2222222222
8 56 77	0.2000000000
2 53 77	0.1250000000
59 53 67	0.1764705882
42 64 52	0.1000000000
49 56 70	0.0327868852
49 88 50	0.0540540541
4 1 67	0.1190476190
50 50 52	0.0153846154
88 49 70	0.1111111111
48 11 77	0.1111111111
42 7 69	0.1666666667
52 3 50	0.0099206349
13 60 77	0.1176470588
6 22 50	0.0161290323
8 69 2	0.0500000000
50 46 50	0.0888888889
4 14 47	0.1250000000
11 49 50	0.0689655172
14 2 47	0.1379310345
57 52 70	0.0344827586
50 50 47	0.0909090909
14 14 70	0.1000000000
11 4 69	0.4285714286
7 47 2	0.0465116279
4 46 67	0.1000000000
50 22 67	0.2857142857
32 60 67	0.1000000000
70 29 69	0.2000000000
1 2 70	0.0344827586
7 66 22	0.0263157895
50 11 67	0.2500000000
2 47 48	0.0714285714
78 6 77	0.2592592593
1 48 47	0.0547945205
2 50 69	0.1176470588
53 78 47	0.0606060606
53 54 67	0.2222222222
53 70 52	0.0740740741
48 61 77	0.2500000000
78 70 52	0.1176470588
1 14 69	0.1875000000
1 4 70	0.0416666667
3 64 52	0.0672268908
3 60 50	0.0235294118
53 14 69	0.1111111111
53 57 67	0.1333333333
75 52 67	0.1538461538
42 59 69	0.1428571429
70 52 2	0.0487804878
46 1 50	0.0224719101
50 49 52	0.0100000000
57 4 67	0.3846153846
1 53 70	0.0333333333
54 1 67	0.1200000000
1 50 52	0.0069930070
4 49 67	0.1176470588
78 61 77	0.2000000000
65 15 77	0.1666666667
50 69 48	0.3333333333
10 75 52	0.0625000000
48 7 50	0.0156250000
7 14 50	0.0277777778
88 47 70	0.0833333333
57 78 50	0.0303030303
2 78 67	0.1428571429
1 14 77	0.1764705882
11 69 2	0.1379310345
13 88 69	0.1428571429
11 60 67	0.2727272727
7 50 67	0.1333333333
8 7 69	0.3333333333
53 78 50	0.0285714286
53 8 67	0.1538461538
14 53 67	0.1875000000
57 50 52	0.0062500000
65 4 69	0.1111111111
61 24 50	0.0312500000
11 88 69	0.2222222222
2 46 50	0.0731707317
67 1 50	0.0476190476
48 78 50	0.0303030303
3 77 2	0.1739130435
52 50 2	0.0106666667
7 46 67	0.1250000000
8 70 52	0.1200000000
50 21 50	0.0322580645
2 1 77	0.1000000000
14 47 67	0.1538461538
75 3 77	0.0588235294
78 4 67	0.4444444444
3 78 50	0.0206185567
53 2 77	0.1000000000
49 48 50	0.0112994350
60 60 77	0.1250000000
14 0 67	0.1333333333
1 88 50	0.0540540541
57 49 50	0.0545454545
32 2 67	0.2222222222
60 11 77	0.1428571429
14 50 69	0.2000000000
53 59 47	0.0416666667
77 6 50	0.0175438596
11 54 70	0.0285714286
48 50 67	0.3000000000
47 49 70	0.0200000000
1 7 70	0.0370370370
70 20 69	0.2222222222
50 22 69	0.2857142857
47 69 48	0.1666666667
32 7 47	0.1250000000
54 6 67	0.0666666667
32 7 50	0.0266666667
60 47 2	0.0256410256
50 14 50	0.0465116279
47 88 47	0.0588235294
48 53 47	0.0967741935
64 29 67	0.1333333333
57 60 47	0.0500000000
50 13 67	0.2222222222
8 3 77	0.1333333333
7 14 67	0.3750000000
48 7 47	0.1379310345
42 57 67	0.2500000000
6 22 67	0.1818181818
32 66 22	0.0434782609
50 31 69	0.1250000000
46 1 77	0.1200000000
13 1 70	0.0384615385
60 60 47	0.1250000000
8 53 67	0.1764705882
32 1 67	0.0800000000
32 50 69	0.1250000000
59 11 77	0.1428571429
4 3 50	0.0178571429
70 15 77	0.1818181818
13 8 50	0.0082644628
32 46 50	0.0833333333
57 60 67	0.1111111111
42 53 47	0.2000000000
6 24 67	0.1818181818
2 11 67	0.1818181818
53 60 69	0.2222222222
42 32 47	0.1250000000
53 47 48	0.1333333333
49 42 69	0.1111111111
13 14 77	0.1363636364
60 32 69	0.2000000000
42 8 67	0.1666666667
70 7 50	0.0588235294
77 6 77	0.0833333333
7 13 77	0.1538461538
69 21 70	0.0571428571
14 8 47	0.2000000000
48 7 70	0.0555555556
50 21 47	0.1142857143
57 53 50	0.0588235294
49 48 70	0.0169491525
53 1 67	0.1904761905
4 6 67	0.0681818182
50 21 70	0.0909090909
32 14 69	0.2666666667
57 50 50	0.0158730159
42 46 47	0.1666666667
14 2 77	0.0909090909
53 64 52	0.0389610390
53 57 50	0.0196078431
60 8 47	0.1304347826
52 57 77	0.2105263158
50 47 70	0.0454545455
32 32 70	0.0588235294
54 59 77	0.0500000000
57 53 70	0.0476190476
53 60 50	0.0476190476
46 14 67	0.1818181818
6 54 50	0.0268456376
78 14 67	0.3000000000
67 3 69	0.1111111111
2 7 67	0.0909090909
32 11 67	0.2222222222
78 88 47	0.1176470588
3 65 22	0.0088495575
67 4 69	0.1333333333
10 21 47	0.0740740741
32 2 77	0.1538461538
32 54 67	0.1333333333
50 34 52	0.0606060606
88 3 47	0.0434782609
54 49 67	0.0666666667
59 4 67	0.2727272727
68 20 67	0.1052631579
7 52 50	0.0344827586
46 6 70	0.0322580645
54 10 77	0.0909090909
50 19 47	0.0666666667
60 32 67	0.1428571429
60 8 50	0.0294117647
59 60 50	0.0444444444
13 2 70	0.0588235294
50 64 52	0.0833333333
50 19 69	0.1428571429
59 57 77	0.1428571429
7 88 69	0.1428571429
46 52 70	0.0344827586
57 48 69	0.1818181818
66 59 70	0.0344827586
11 88 47	0.1538461538
53 88 50	0.0769230769
4 46 50	0.0634920635
42 7 47	0.1000000000
32 70 52	0.0512820513
53 75 52	0.0322580645
60 2 77	0.2222222222
32 52 77	0.0377358491
64 36 77	0.1153846154
48 53 70	0.0666666667
13 66 22	0.0370370370
13 48 77	0.1000000000
3 31 67	0.1666666667
8 50 47	0.0869565217
48 57 77	0.1111111111
53 1 77	0.1052631579
8 50 52	0.0161290323
7 59 50	0.0769230769
60 4 69	0.0909090909
8 52 77	0.1428571429
1 13 70	0.0196078431
8 64 52	0.0769230769
42 53 69	0.1428571429
60 49 52	0.0047169811
54 4 67	0.2857142857
53 4 67	0.0714285714
54 59 67	0.0625000000
4 10 77	0.0833333333
13 50 67	0.1428571429
4 47 67	0.0666666667
4 7 67	0.0588235294
53 32 47	0.1000000000
2 50 47	0.0588235294
4 60 50	0.0212765957
2 32 47	0.0588235294
8 46 47	0.2105263158
1 4 67	0.1111111111
60 52 77	0.0714285714
70 75 52	0.0526315789
13 53 70	0.0909090909
50 14 69	0.1111111111
78 46 47	0.3571428571
3 42 69	0.1428571429
53 2 50	0.1034482759
42 8 47	0.1000000000
60 61 77	0.1250000000
47 14 67	0.0800000000
13 78 70	0.0222222222
42 2 50	0.1538461538
11 2 70	0.0400000000
2 32 50	0.0344827586
60 2 67	0.1666666667
53 49 50	0.0434782609
6 19 67	0.0909090909
46 50 48	0.0800000000
65 64 52	0.0588235294
7 0 70	0.0285714286
46 1 70	0.0270270270
4 11 67	0.1333333333
2 10 77	0.1538461538
50 21 77	0.2222222222
10 0 50	0.0625000000
60 47 67	0.0714285714
4 54 50	0.0121951220
6 11 77	0.1333333333
14 8 67	0.2500000000
47 48 67	0.1904761905
7 59 70	0.1111111111
14 64 52	0.0357142857
50 78 50	0.0333333333
57 50 2	0.0090909091
53 2 69	0.1764705882
78 13 70	0.0212765957
7 10 77	0.2000000000
42 46 67	0.1666666667
54 1 77	0.0909090909
4 70 52	0.0263157895
7 52 70	0.0645161290
48 14 50	0.0434782609
46 3 47	0.0186915888
2 11 47	0.0384615385
50 13 50	0.0689655172
14 46 67	0.2500000000
49 55 52	0.0487804878
70 29 67	0.2857142857
53 53 47	0.1000000000
78 60 50	0.0270270270
7 47 70	0.0333333333
60 49 67	0.1818181818
57 64 52	0.0571428571
70 15 69	0.3333333333
11 48 47	0.0454545455
61 24 47	0.0952380952
78 50 48	0.0714285714
48 65 22	0.0285714286
1 57 77	0.1111111111
53 46 67	0.0555555556
50 23 50	0.0333333333
3 4 70	0.0303030303
13 42 69	0.1111111111
50 78 47	0.0740740741
14 78 47	0.0714285714
2 3 77	0.0937500000
49 14 77	0.0500000000
53 10 77	0.1111111111
14 50 52	0.0123456790
66 24 50	0.0312500000
78 57 70	0.0243902439
2 46 70	0.0909090909
53 67 2	0.0769230769
8 49 50	0.0428571429
4 78 69	0.1428571429
50 23 70	0.0434782609
10 77 2	0.1538461538
70 22 47	0.0526315789
10 82 52	0.0454545455
60 60 50	0.0769230769
66 33 77	0.1428571429
14 47 48	0.2500000000
1 54 70	0.0277777778
53 13 67	0.1666666667
3 8 50	0.0046082949
60 59 67	0.0769230769
8 57 67	0.1818181818
11 78 67	0.0800000000
60 7 69	0.1111111111
64 3 77	0.0384615385
50 52 77	0.1000000000
10 21 69	0.1111111111
53 55 52	0.0540540541
53 53 50	0.0769230769
42 11 69	0.1428571429
66 46 47	0.1111111111
66 21 69	0.1111111111
54 46 67	0.1111111111
53 59 77	0.0555555556
2 47 67	0.0588235294
54 7 69	0.2727272727
42 13 69	0.1250000000
54 47 48	0.0666666667
53 1 50	0.0204081633
1 54 67	0.1500000000
2 46 47	0.1250000000
46 7 67	0.1428571429
11 59 77	0.0303030303
13 53 67	0.1250000000
52 65 22	0.0169491525
42 59 77	0.1250000000
8 8 50	0.0129870130
2 11 69	0.1818181818
48 88 69	0.1428571429
6 29 67	0.2222222222
65 75 52	0.0769230769
14 2 50	0.1538461538
54 69 48	0.1428571429
46 60 70	0.0322580645
6 8 50	0.0045248869
66 49 77	0.1250000000
32 64 52	0.0344827586
47 50 52	0.0044843049
50 50 48	0.0833333333
53 49 52	0.0042918455
54 88 69	0.1428571429
60 32 77	0.1111111111
42 2 69	0.1428571429
32 59 77	0.0303030303
64 30 52	0.0400000000
4 57 67	0.1111111111
59 65 22	0.0120481928
4 13 67	0.0555555556
50 53 47	0.0625000000
42 59 67	0.1666666667
14 50 67	0.1111111111
50 10 77	0.2500000000
11 66 22	0.0270270270
11 32 70	0.0212765957
1 1 70	0.0217391304
13 0 77	