0	0.0000000000
1	0.1111111111
2	0.0000000000
3	0.0000000000
4	0.0000000000
5	0.0000000000
6	0.0434782609
7	0.0000000000
8	0.0000000000
9	0.0000000000
10	0.0000000000
11	0.0000000000
12	0.0000000000
13	0.0000000000
14	0.0000000000
15	0.0000000000
16	0.0000000000
17	0.0000000000
18	0.0000000000
19	0.0000000000
20	0.0000000000
21	0.1538461538
22	0.0000000000
23	0.0000000000
24	0.0000000000
25	0.0000000000
26	0.0000000000
27	0.0000000000
28	0.0000000000
29	0.0000000000
30	0.0000000000
32	0.0000000000
33	0.0000000000
34	0.0000000000
35	0.0000000000
36	0.0000000000
37	0.0000000000
38	0.0000000000
39	0.0000000000
40	0.0000000000
41	0.0000000000
42	0.0000000000
43	0.0000000000
44	0.0000000000
45	0.0000000000
46	0.0000000000
47	0.0000000000
48	0.0000000000
49	0.0000000000
50	0.0000000000
51	0.0000000000
52	0.0000000000
53	0.0000000000
54	0.0000000000
55	0.0000000000
56	0.0000000000
57	0.0000000000
58	0.0000000000
59	0.0000000000
60	0.0000000000
61	0.0000000000
62	0.0000000000
63	0.0000000000
64	0.0000000000
65	0.0000000000
66	0.0000000000
67	0.0000000000
68	0.0000000000
69	0.0000000000
70	0.0000000000
71	0.0000000000
72	0.0000000000
73	0.0000000000
74	0.0000000000
75	0.0000000000
76	0.0000000000
77	0.0000000000
78	0.0000000000
79	0.0000000000
80	0.0000000000
81	0.0000000000
82	0.0000000000
83	0.0000000000
84	0.0000000000
85	0.0000000000
86	0.0000000000
87	0.0000000000
88	0.0000000000
89	0.0000000000
90	0.0000000000
91	0.0000000000
92	0.0000000000
4 1	0.1875000000
31 7	0.1481481481
21 49	0.2906976744
21 10	0.3125000000
1 6 13	0.1026785714
31 52 10	0.1506849315
1 49 49	0.1287625418
31 15	0.2000000000
1 3	0.0620155039
1 66	0.2307692308
4 66	0.1666666667
23 32	0.2222222222
31 49	0.0666666667
21 53	0.2307692308
31 32	0.1666666667
1 1 49	0.2048780488
4 13	0.1333333333
4 6 3	0.0827586207
1 66 51	0.4117647059
21 49 5	0.3151515152
1 49	0.1687500000
4 3	0.2272727273
21 49 49	0.2555910543
1 52 48	0.1558441558
21 6 48	0.1382978723
6 24 3	0.1063829787
31 56 49	0.2549019608
4 3 10	0.3333333333
21 53 51	0.3355704698
21 47 31	0.8793103448
31 56	0.0740740741
31 3 59	0.1995305164
1 7 52	0.1785714286
1 13	0.0851063830
31 59 1	0.2068965517
23 3	0.1272727273
2 23	0.2000000000
21 61	0.2105263158
23 66	0.1951219512
23 13	0.1320754717
21 52	0.1111111111
31 61	0.1315789474
21 8 1	0.2500000000
1 6	0.0937500000
23 61	0.2000000000
31 59 59	0.2042253521
21 6 78	0.3103448276
21 66	0.2711864407
23 59 14	0.1904761905
21 49 10	0.3424657534
21 59	0.1000000000
23 47 53	0.2608695652
31 3	0.0546875000
1 8 49	0.3265306122
31 32 48	0.2727272727
4 0 13	0.2058823529
1 6 49	0.1497860200
21 13	0.1020408163
21 54 49	0.2898550725
23 53 15	0.3157894737
1 10	0.1515151515
23 49	0.2394366197
21 46 10	0.4054054054
23 1	0.1666666667
1 53	0.2291666667
23 6 10	0.3103448276
4 52 14	0.0666666667
21 52 49	0.2429245283
1 11 59	0.2105263158
4 1 53	0.2608695652
21 3 53	0.3194444444
31 52	0.0405405405
23 52 66	0.2338709677
21 1 10	0.3055555556
1 11 6	0.1071428571
21 78	0.2500000000
21 0 3	0.1333333333
31 59	0.0476190476
23 47 49	0.3064516129
23 52 52	0.1388012618
23 52	0.1176470588
1 8 66	0.2105263158
1 49 56	0.0769230769
21 3	0.1014492754
21 57 13	0.1585365854
23 49 51	0.3394495413
4 49	0.2222222222
31 5	0.2051282051
1 13 53	0.1322314050
21 32	0.2307692308
31 51 51	0.3936170213
21 49 13	0.1495327103
1 1	0.2857142857
23 47 3	0.1538461538
1 1 52	0.0743801653
23 11 1	0.3125000000
21 47 49	0.3371428571
23 10	0.2105263158
4 65 5	0.3636363636
23 13 61	0.3529411765
31 20 53	0.2627737226
1 52	0.1250000000
23 59 10	0.3255813953
1 61	0.0588235294
21 17 59	0.2903225806
31 49 18	0.1489361702
1 60 3	0.0776699029
21 49 15	0.2941176471
1 59 78	0.1408450704
1 3 32	0.1269841270
21 6 49	0.2401315789
21 3 6	0.1272727273
1 70 23	0.1111111111
1 6 6	0.1124361158
1 11 60	0.1250000000
21 66 2	0.0864197531
23 52 3	0.1125827815
21 3 59	0.2663934426
1 49 66	0.1075949367
21 57 66	0.1486486486
21 66 51	0.4055944056
21 0 49	0.3230769231
21 14 53	0.3157894737
21 60 49	0.2605042017
1 70 18	0.2500000000
1 78 59	0.1406250000
31 3 1	0.2415730337
1 2	0.1538461538
31 51	0.2105263158
6 18 10	0.3333333333
21 7 52	0.1967213115
31 3 13	0.1334622824
21 53 49	0.3333333333
31 7 1	0.1967213115
4 0 1	0.2500000000
31 10	0.0769230769
21 6	0.1046511628
31 2	0.2142857143
1 32 66	0.1132075472
23 6	0.1086956522
21 46 61	0.3205128205
23 6 49	0.2385620915
4 13 61	0.3000000000
6 18	0.1666666667
4 6	0.0740740741
23 6 78	0.3225806452
1 65 7	0.1785714286
23 14	0.1000000000
23 78	0.1428571429
31 6	0.0476190476
21 66 15	0.3218390805
1 59	0.1600000000
23 50 31	0.7058823529
31 3 3	0.0885668277
1 49 5	0.1835443038
1 7 49	0.2941176471
23 10 51	0.4342105263
21 2	0.0500000000
21 57 3	0.1805555556
31 48 59	0.1333333333
21 47 23	0.1500000000
31 3 66	0.1922196796
21 49 53	0.2912621359
23 50 18	0.3000000000
23 53	0.0869565217
21 75 18	0.2978723404
31 48	0.3333333333
31 13 49	0.1386623165
31 11 11	0.3750000000
21 49 66	0.2222222222
4 53 13	0.0833333333
1 52 53	0.1832797428
1 52 66	0.1447619048
1 54 6	0.1132075472
1 49 7	0.0970873786
1 67 1	0.1666666667
31 15 2	0.1785714286
23 32 53	0.2777777778
2 23 66	0.1714285714
4 1 61	0.3125000000
21 1 11	0.0454545455
31 52 78	0.1509433962
21 54 6	0.1132075472
23 53 5	0.5625000000
1 13 61	0.1290322581
1 3 59	0.1969365427
21 50 29	0.4347826087
1 52 52	0.1067073171
4 67 31	0.7058823529
1 64 29	0.1983471074
23 3 59	0.2625698324
1 78 66	0.2500000000
4 52	0.1904761905
21 6 6	0.1594202899
1 53 56	0.1120000000
31 6 66	0.1057401813
4 52 13	0.0909090909
2 4 13	0.1612903226
4 0 49	0.3230769231
23 49 53	0.3466666667
31 78	0.1764705882
4 57 49	0.3695652174
23 49 15	0.3064516129
1 6 66	0.1134259259
1 6 36	0.2777777778
1 52 3	0.0740740741
23 65 3	0.2222222222
31 15 3	0.1057692308
21 1 6	0.1582733813
31 61 51	0.1562500000
21 64 36	0.3720930233
6 48	0.0416666667
31 11	0.2500000000
50 1 1	0.1607142857
50 6 59	0.1562500000
31 13	0.0266666667
6 32 6	0.1069182390
6 48 13	0.0986842105
6 50 18	0.0530303030
6 3	0.0487804878
6 13	0.0384615385
6 32	0.0833333333
50 2 6	0.1458333333
31 52 48	0.1923076923
27 59	0.1086956522
27 63 0	0.0226628895
6 60	0.1333333333
27 49 59	0.1263736264
6 1	0.1290322581
27 49 52	0.0668151448
6 47 13	0.0862068966
27 49	0.0923076923
6 49	0.0220994475
6 59	0.1190476190
31 13 13	0.1277533040
64 4 6	0.0628272251
27 49 13	0.0747422680
31 6 59	0.2203389831
6 49 32	0.1428571429
1 77 1	0.2105263158
31 60	0.1538461538
31 61 56	0.1086956522
1 60	0.1250000000
6 3 52	0.0753138075
6 49 48	0.0566037736
50 6	0.0600000000
49 46 3	0.3000000000
6 57 13	0.0823529412
6 49 52	0.0712979890
27 59 59	0.1369863014
6 48 60	0.1052631579
6 32 1	0.0769230769
6 3 13	0.0978723404
6 48 3	0.0617977528
50 3	0.0566037736
31 78 52	0.1010101010
50 6 3	0.0686274510
31 6 13	0.1092150171
6 11 49	0.0327868852
6 13 78	0.1911764706
1 78 6	0.0714285714
49 2 52	0.0625000000
6 1 60	0.3333333333
31 57	0.2500000000
6 78 59	0.1754385965
50 6 6	0.0984251969
1 77 23	0.0571428571
6 2 1	0.1923076923
6 49 6	0.0827423168
1 13 49	0.1366538953
6 6	0.0652173913
50 66 56	0.0989010989
6 66 3	0.1185185185
6 47 52	0.1196581197
31 14	0.2000000000
27 59 1	0.1411764706
6 49 13	0.0736842105
50 54 13	0.1142857143
49 78	0.1250000000
6 7 3	0.1304347826
49 59	0.1111111111
64 29 59	0.1351351351
64 3	0.1818181818
31 78 78	0.4230769231
64 30 46	0.0952380952
31 46 89	0.0909090909
31 0 85	0.1111111111
31 47 13	0.1551724138
31 6 3	0.0815789474
31 3 6	0.1055194805
31 49 49	0.1439790576
6 64 3	0.1132075472
6 49 46	0.0303030303
6 61 7	0.1333333333
31 13 6	0.1185567010
31 47 46	0.0241935484
31 78 6	0.0983606557
31 3 46	0.0184615385
6 14 14	0.1818181818
64 24 59	0.1538461538
64 4 46	0.0645161290
6 13 46	0.0129870130
31 2 78	0.3333333333
31 0 6	0.0312500000
31 60 32	0.2857142857
31 52 46	0.0239520958
6 2 46	0.0833333333
50 59 52	0.0826446281
49 47 3	0.1272727273
27 59 14	0.0833333333
27 63 3	0.1560283688
50 13	0.0750000000
27 5 49	0.1398601399
49 53 15	0.1363636364
6 48 1	0.1153846154
49 2 49	0.0312500000
27 59 2	0.0434782609
6 53 15	0.1318181818
6 59 59	0.1276595745
49 52	0.1052631579
50 3 13	0.0510948905
50 52 3	0.0821256039
1 32	0.1818181818
1 49 1	0.1869918699
6 3 59	0.1367924528
50 49 49	0.0243902439
6 60 52	0.0724637681
6 6 49	0.0319457890
1 6 14	0.1851851852
50 2 49	0.0232558140
49 14 2	0.1428571429
6 59 3	0.0575342466
6 10 15	0.1120689655
6 6 3	0.0703125000
6 2	0.0333333333
27 59 6	0.0742857143
6 49 2	0.0185185185
50 3 52	0.0694444444
6 13 2	0.0522388060
1 53 15	0.2020202020
1 13 6	0.0895522388
1 2 59	0.1363636364
49 49	0.0344827586
6 4 1	0.2000000000
23 57 1	0.2571428571
31 2 6	0.1333333333
23 48 49	0.2868852459
4 53 66	0.2777777778
23 3 53	0.3258426966
4 6 53	0.2678571429
23 49 1	0.1914893617
4 46 61	0.3571428571
6 29	0.2000000000
1 49 53	0.1358695652
23 47 66	0.2676056338
21 1 49	0.2264150943
31 56 61	0.3382352941
1 3 3	0.0693277311
31 64 29	0.3184713376
1 49 2	0.0612244898
21 4 6	0.0895522388
23 49 6	0.1369863014
23 78 52	0.1176470588
31 49 51	0.1832061069
23 6 36	0.2800000000
23 14 49	0.3181818182
21 47 3	0.1279069767
21 53 13	0.1935483871
31 11 13	0.1153846154
31 53	0.1333333333
4 8 13	0.1875000000
4 69 31	0.7058823529
21 53 52	0.1285714286
23 11 6	0.0967741935
31 7 66	0.2264150943
31 59 3	0.0947075209
23 59 59	0.2037037037
1 14 13	0.0638297872
23 14 10	0.1666666667
4 10	0.1111111111
23 3 10	0.3396226415
1 53 3	0.0867052023
21 50 18	0.2560000000
1 3 1	0.1818181818
21 13 49	0.2553763441
23 11 53	0.3023255814
31 60 2	0.2000000000
31 13 32	0.1944444444
1 52 49	0.1510538642
31 49 7	0.1391304348
21 59 2	0.2857142857
1 67 31	0.5730337079
31 6 32	0.2380952381
31 75 18	0.2808988764
21 52 53	0.2866666667
4 70 23	0.1538461538
21 52 13	0.1345454545
31 67 31	0.4905660377
23 53 6	0.1851851852
4 59	0.2222222222
23 49 61	0.3191489362
2 23 52	0.0769230769
31 47 49	0.1928251121
21 4 66	0.3500000000
21 50 49	0.4130434783
21 6 66	0.2507739938
1 11 66	0.2413793103
31 47 31	0.5000000000
31 57 6	0.0740740741
31 59 6	0.1245901639
1 1 59	0.1406250000
23 13 6	0.1678321678
4 14 66	0.2162162162
23 53 59	0.0769230769
1 14 1	0.2777777778
31 20 13	0.1408450704
21 6 18	0.2739726027
1 7 66	0.2500000000
1 53 51	0.1428571429
31 5 5	0.3936170213
31 2 5	0.3243243243
2 4 49	0.2333333333
31 13 66	0.0827067669
31 49 13	0.1205673759
21 52 3	0.1170568562
4 6 13	0.1603773585
23 59 3	0.1095890411
21 48	0.2500000000
6 36	0.1666666667
31 20 49	0.3243243243
1 59 66	0.1208333333
1 66 5	0.2810457516
1 3 66	0.1156250000
21 8 52	0.1489361702
1 2 66	0.1500000000
4 59 49	0.2400000000
2 1 1	0.2500000000
23 48 78	0.0833333333
1 48 11	0.1363636364
23 67 31	0.8275862069
21 32 2	0.2142857143
4 11 66	0.3214285714
31 56 13	0.1494252874
21 4 49	0.2586206897
1 13 3	0.0657534247
21 6 61	0.3333333333
31 20 3	0.1359223301
21 66 33	0.2727272727
1 50 18	0.2500000000
23 53 56	0.1034482759
1 6 60	0.0961538462
23 1 66	0.2025316456
1 49 78	0.1739130435
23 3 6	0.1374407583
31 46 10	0.1666666667
23 11 13	0.1212121212
1 14 10	0.1666666667
21 6 3	0.1009523810
23 8 3	0.0392156863
21 69 31	0.8275862069
1 60 13	0.1744186047
31 52 49	0.1279527559
31 7 52	0.1176470588
23 1 6	0.1428571429
23 10 15	0.3114754098
21 1	0.2727272727
21 61 7	0.1707317073
2 23 3	0.0677966102
21 64 29	0.4444444444
23 13 52	0.0843373494
1 7 10	0.2727272727
31 53 5	0.1875000000
4 7 66	0.2456140351
1 32 3	0.0820512821
50 57 59	0.1923076923
50 1	0.0740740741
1 78	0.0952380952
6 53 1	0.1521739130
1 48	0.0588235294
49 13 11	0.1818181818
6 13 6	0.0872274143
6 48 52	0.0827586207
49 6 49	0.0403225806
6 1 57	0.0263157895
50 54 3	0.0800000000
6 4 6	0.0547945205
50 52	0.0500000000
6 65 15	0.1891891892
6 59 60	0.2500000000
6 1 59	0.2100000000
50 49	0.0806451613
1 59 57	0.0357142857
6 46 1	0.2222222222
50 1 52	0.0988372093
49 13	0.1500000000
31 47 52	0.1387283237
50 65 3	0.1000000000
6 48 59	0.1147540984
50 64 3	0.1000000000
31 49 15	0.2631578947
6 1 48	0.0869565217
6 3 11	0.0684931507
6 13 49	0.0655737705
6 49 49	0.0267983075
27 5 59	0.1150442478
31 59 49	0.1405295316
6 14 13	0.0769230769
1 3 78	0.0869565217
50 11 3	0.0816326531
4 69 21	0.1538461538
23 1 3	0.1366906475
1 6 48	0.1076923077
1 1 6	0.1679389313
31 60 78	0.3636363636
1 69 21	0.1724137931
21 14	0.0833333333
21 8 13	0.1875000000
31 47 6	0.0942760943
4 6 59	0.1568627451
1 70 36	0.2800000000
6 36 3	0.1935483871
21 49 6	0.1330275229
21 54 1	0.2444444444
1 54 49	0.2898550725
4 8 49	0.3714285714
31 20 59	0.2820512821
31 56 66	0.2698412698
4 66 2	0.1315789474
31 49 52	0.1047297297
4 8 66	0.2307692308
23 13 49	0.2428571429
2 23 49	0.2602739726
4 1 3	0.0925925926
23 14 53	0.2857142857
1 48 66	0.2388059701
21 77 21	0.1904761905
23 66 2	0.1016949153
21 49 51	0.3223684211
1 2 49	0.1629213483
21 3 10	0.3750000000
31 14 13	0.1063829787
1 52 13	0.1135029354
31 10 15	0.2054794521
64 29 32	0.1764705882
6 8 35	0.1111111111
64 29 13	0.0519480519
64 29 1	0.0588235294
64 29 52	0.0508474576
64 52 1	0.0476190476
64 29 49	0.0275229358
6 47 59	0.1967213115
31 78 13	0.0978260870
64 3 52	0.0845070423
6 59 52	0.0735785953
6 2 32	0.1000000000
31 0 3	0.0141843972
6 6 46	0.0178117048
64 30 62	0.0144927536
1 46 53	0.1463414634
1 8 13	0.1875000000
21 54 66	0.2702702703
23 64 36	0.2727272727
1 66 56	0.1203703704
21 8 66	0.2205882353
31 52 31	0.2727272727
31 5 15	0.3061224490
31 5 3	0.1846153846
23 14 2	0.0769230769
1 3 10	0.1913043478
31 15 52	0.1200000000
1 57 6	0.1413043478
31 15 10	0.3382352941
23 52 1	0.3300000000
21 50 10	0.2000000000
1 4 66	0.3500000000
31 52 53	0.1436464088
4 11 3	0.1000000000
31 61 5	0.2021276596
2 1 6	0.1403508772
1 3 2	0.0562500000
23 60 2	0.2500000000
31 13 0	0.1111111111
31 39 56	0.0833333333
31 6 49	0.1048034934
31 59 32	0.2093023256
64 3 59	0.1290322581
31 32 46	0.0555555556
31 52 59	0.1654676259
6 13 13	0.0901639344
6 11 52	0.0990990991
6 64 46	0.0555555556
31 13 52	0.1074380165
31 0 49	0.0410958904
31 39 46	0.1666666667
6 57 6	0.0800000000
64 3 46	0.0800000000
6 13 32	0.1600000000
6 60 46	0.0204081633
31 53 56	0.1250000000
6 3 46	0.0037878788
31 32 6	0.1038961039
31 6 6	0.1157407407
31 52 52	0.1201923077
21 47 66	0.2407407407
1 57 49	0.2598425197
23 78 49	0.2932330827
21 7 3	0.0967741935
31 52 2	0.0750000000
21 59 10	0.3000000000
31 20 10	0.3777777778
23 53 51	0.4125000000
21 60 13	0.2428571429
23 49 49	0.2156862745
4 46 52	0.1538461538
23 59	0.1500000000
2 23 2	0.1250000000
23 50 66	0.1714285714
31 32 49	0.0886075949
31 78 59	0.1372549020
23 47 6	0.1065573770
4 52 49	0.2201257862
21 54 52	0.1333333333
23 52 53	0.2928571429
23 52 59	0.2072072072
23 52 49	0.2500000000
1 67 51	0.4166666667
23 52 2	0.1571428571
1 59 49	0.1399317406
31 78 49	0.0800000000
31 52 3	0.0805194805
21 59 14	0.2500000000
31 5 48	0.0416666667
21 0 66	0.2352941176
21 10 15	0.3043478261
31 7 3	0.0702702703
1 48 53	0.2857142857
1 11 52	0.1139240506
4 0 52	0.1176470588
31 20 52	0.1758793970
1 46 61	0.2456140351
21 2 49	0.2750000000
31 20 1	0.2869565217
1 57 66	0.2098765432
1 8 52	0.1282051282
23 3 13	0.1128205128
21 53 15	0.3308270677
4 57 66	0.2500000000
23 11 49	0.3423423423
4 13 14	0.1000000000
23 49 48	0.2608695652
1 46 3	0.2083333333
2 1	0.0909090909
31 60 52	0.0547945205
4 32 3	0.1176470588
4 53 53	0.1000000000
21 52 66	0.2519083969
31 57 32	0.1111111111
21 57 10	0.1666666667
31 59 10	0.1494252874
23 46 61	0.3818181818
23 6 13	0.1489361702
23 1 49	0.2430939227
23 6 6	0.1603375527
21 60 59	0.2105263158
21 52 61	0.2800000000
31 49 53	0.0915492958
21 52 78	0.2500000000
23 78 53	0.3673469388
23 59 49	0.2451923077
21 7 49	0.2894736842
31 78 61	0.1914893617
31 82 18	0.2872340426
31 51 56	0.0800000000
21 53 3	0.1257485030
23 52 61	0.3414634146
4 13 10	0.2941176471
23 8 66	0.2500000000
1 1 10	0.3548387097
31 60 6	0.1052631579
23 8 49	0.4266666667
21 49 2	0.1349206349
21 47 52	0.1571428571
4 7 59	0.1111111111
21 6 1	0.2560000000
23 7 49	0.2222222222
31 6 1	0.2000000000
1 78 53	0.1408450704
23 53 13	0.2083333333
21 78 13	0.1639344262
21 4 13	0.0322580645
21 78 53	0.3333333333
6 6 1	0.1434782609
6 7 52	0.1323529412
31 57 57	0.3750000000
6 78	0.1052631579
1 6 32	0.1875000000
64 29	0.0344827586
6 11 1	0.1346153846
50 6 48	0.0740740741
6 6 13	0.0857605178
6 60 13	0.0958904110
50 57 52	0.1451612903
31 32 59	0.1777777778
50 53 6	0.0361445783
27 59 78	0.0704225352
1 13 60	0.1500000000
50 49 13	0.0657894737
50 52 78	0.0689655172
6 49 57	0.0333333333
50 3 60	0.1333333333
50 57 3	0.0481927711
6 59 6	0.0733333333
31 10 3	0.1052631579
6 60 11	0.0454545455
27 59 60	0.1935483871
50 78 3	0.0576923077
6 1 49	0.0173913043
31 53 15	0.2031250000
31 43 0	0.0714285714
64 36 85	0.0769230769
31 10 46	0.0322580645
6 47 6	0.0636363636
31 0 13	0.0326086957
6 47 46	0.0120481928
6 3 6	0.0858283433
6 57 32	0.0434782609
6 14 78	0.3636363636
31 48 13	0.1014492754
21 0 13	0.2058823529
6 18 32	0.1538461538
21 13 52	0.0979020979
23 66 51	0.3285714286
1 6 53	0.1383928571
21 66 5	0.3109756098
23 49 5	0.3829787234
31 32 52	0.1176470588
4 53 56	0.0666666667
21 78 49	0.1752577320
23 13 57	0.0952380952
31 7 6	0.1468926554
23 70 5	0.2666666667
21 49 36	0.2307692308
23 57 49	0.3333333333
31 0 1	0.0612244898
31 0 48	0.0400000000
31 0 78	0.1333333333
31 0 52	0.0378787879
64 29 15	0.1290322581
31 78 46	0.0625000000
31 78 14	0.3333333333
31 59 14	0.1600000000
31 60 13	0.1250000000
6 13 48	0.0875000000
64 36 3	0.1333333333
64 4 49	0.0460526316
31 6 46	0.0301204819
4 8 56	0.1428571429
23 66 5	0.2743362832
31 7 49	0.2863247863
1 54 1	0.2444444444
21 66 56	0.1231884058
1 13 66	0.0802469136
31 78 11	0.1250000000
23 54 49	0.3333333333
1 3 57	0.0571428571
31 3 61	0.2500000000
1 1 13	0.1232876712
4 48 49	0.2857142857
4 52 66	0.2926829268
21 53 10	0.3000000000
31 51 15	0.3220338983
21 13 13	0.1437908497
4 52 10	0.3214285714
31 3 48	0.0930232558
21 6 10	0.3137254902
21 13 60	0.0909090909
1 52 61	0.1976744186
23 6 61	0.3181818182
1 15 3	0.2857142857
1 32 52	0.1197183099
4 6 6	0.1886792453
21 6 53	0.2879581152
23 3 1	0.3043478261
6 6 48	0.0863309353
6 13 1	0.1463414634
50 49 1	0.2058823529
6 32 52	0.1059602649
50 71 49	0.1724137931
27 49 6	0.0576036866
27 49 78	0.1846153846
27 0 56	0.1000000000
6 57 3	0.0625000000
50 1 3	0.0758293839
27 63 1	0.0886075949
1 81 54	0.2727272727
6 53 56	0.1470588235
6 47 3	0.0724137931
50 49 14	0.2105263158
6 6 60	0.1081081081
64 29 6	0.0746268657
6 14 59	0.1000000000
31 52 13	0.1151515152
31 57 13	0.1153846154
50 1 6	0.0567010309
27 59 52	0.0787878788
50 6 13	0.1083743842
50 49 15	0.1481481481
31 59 46	0.0179640719
6 59 46	0.0191082803
64 4 59	0.1000000000
23 49 66	0.2242990654
31 3 10	0.2689655172
21 11 49	0.3020833333
4 65 51	0.1538461538
23 3 61	0.3170731707
1 50 13	0.2083333333
21 50 31	0.7058823529
21 6 13	0.1444444444
1 6 59	0.1878453039
21 3 52	0.0904255319
23 59 52	0.1269841270
1 3 6	0.0943820225
23 57 3	0.1216216216
1 4 49	0.2586206897
1 6 78	0.2133333333
23 42 3	0.1333333333
1 49 6	0.0825000000
23 7 6	0.1428571429
23 49 52	0.1004566210
1 66 7	0.1830985915
4 46 53	0.1666666667
1 46 10	0.2673267327
31 49 10	0.1340206186
4 11 1	0.2307692308
23 13 10	0.2954545455
1 3 13	0.1088607595
6 14 3	0.0281690141
6 6 59	0.1328671329
6 6 32	0.0684931507
31 49 1	0.1834862385
50 11 1	0.1914893617
50 2 3	0.0862068966
6 60 49	0.0535714286
6 49 14	0.0800000000
50 49 52	0.0591133005
6 53 3	0.0839416058
50 1 60	0.2173913043
6 6 78	0.1458333333
6 46 6	0.0923076923
6 14 1	0.1000000000
6 7 6	0.0762711864
31 61 7	0.1390374332
27 20 6	0.0491803279
49 52 78	0.1000000000
50 47 6	0.0785714286
50 0 13	0.1666666667
6 13 52	0.0714285714
31 49 6	0.1047297297
6 49 7	0.0765957447
50 52 52	0.0913043478
1 6 3	0.0844594595
31 13 53	0.1195652174
23 6 18	0.2500000000
31 59 61	0.1730769231
23 65 7	0.1818181818
1 32 14	0.1250000000
21 13 61	0.3125000000
1 52 10	0.2000000000
4 65 7	0.1578947368
1 46 6	0.1500000000
2 23 1	0.2500000000
21 48 32	0.3000000000
31 56 11	0.1111111111
1 13 52	0.0705128205
1 49 51	0.1807228916
31 46 61	0.1159420290
4 49 52	0.0714285714
1 78 49	0.1304347826
21 52 10	0.3709677419
23 70 29	0.3703703704
1 32 32	0.2222222222
23 46 10	0.4081632653
23 3 52	0.1065989848
21 32 49	0.2038834951
31 51 3	0.2200000000
21 60 10	0.3333333333
21 52 52	0.1333333333
31 15 78	0.5263157895
21 2 59	0.2439024390
23 52 13	0.1544715447
21 54 10	0.3076923077
21 7 6	0.1413043478
4 48 13	0.1600000000
4 48 66	0.2702702703
31 56 53	0.2826086957
31 60 59	0.1111111111
4 52 52	0.1355932203
31 13 3	0.0763636364
31 56 14	0.1875000000
31 49 2	0.0516129032
21 11 3	0.1851851852
21 13 3	0.0892857143
21 46 53	0.1071428571
21 60 1	0.2727272727
31 47 3	0.0990099010
23 48 66	0.2388059701
1 52 57	0.0833333333
21 13 6	0.1840000000
21 4 10	0.2727272727
23 8 1	0.3571428571
1 60 66	0.1132075472
23 78 59	0.2000000000
4 7 6	0.1538461538
6 24 53	0.2105263158
21 47 13	0.2079207921
1 1 3	0.1000000000
1 53 5	0.2380952381
6 24 1	0.2500000000
4 49 51	0.1612903226
1 32 1	0.1739130435
31 47 10	0.1555555556
21 32 53	0.2258064516
23 49 59	0.1818181818
1 32 13	0.0981595092
1 3 53	0.1693121693
23 6 29	0.3703703704
23 59 6	0.1366906475
1 69 31	0.6097560976
1 50 3	0.1296296296
23 6 59	0.2000000000
23 57 66	0.2317073171
21 59 49	0.2149532710
1 49 10	0.1538461538
1 6 10	0.1544117647
31 3 78	0.2000000000
21 66 7	0.1764705882
2 1 49	0.2500000000
1 48 6	0.1531531532
23 6 3	0.1000000000
21 13 0	0.2000000000
2 4 3	0.1750000000
1 14 66	0.2708333333
31 48 6	0.1132075472
4 47 10	0.2222222222
6 75 18	0.0588235294
1 49 15	0.2500000000
27 59 3	0.0652173913
50 59	0.0555555556
50 13 49	0.0522388060
31 48 32	0.2941176471
6 66 59	0.1250000000
6 6 2	0.0538922156
1 13 14	0.1891891892
49 6 59	0.1842105263
6 6 6	0.0815085158
1 14	0.0769230769
49 49 56	0.0555555556
1 13 2	0.0990990991
6 50 49	0.0882352941
6 13 3	0.0500000000
49 13 49	0.0408163265
27 48 59	0.1176470588
6 54 52	0.0821917808
6 77 21	0.1034482759
50 3 59	0.1500000000
31 51 48	0.4444444444
21 69 21	0.1904761905
21 49 52	0.1064638783
21 14 66	0.2463768116
21 10 0	0.1333333333
31 49 5	0.1666666667
23 61 7	0.1714285714
23 2 49	0.2676056338
1 48 49	0.1989247312
23 47 31	0.8333333333
1 57 59	0.1578947368
1 48 13	0.1700000000
31 47 53	0.1142857143
50 14 1	0.1818181818
50 3 48	0.0303030303
50 64 29	0.0370370370
6 49 60	0.2222222222
6 69 1	0.0555555556
31 2 59	0.0789473684
31 13 78	0.2162162162
6 60 6	0.0721649485
6 61 3	0.1034482759
31 14 6	0.1250000000
6 2 52	0.0818713450
50 52 14	0.1470588235
6 2 13	0.0849056604
6 8 56	0.5000000000
50 59 48	0.0833333333
49 49 1	0.0731707317
49 2 6	0.1052631579
6 66 7	0.1044776119
6 59 49	0.0306748466
49 52 13	0.0641025641
31 53 3	0.1684210526
64 29 3	0.0425531915
6 6 18	0.0567375887
6 66 15	0.1293103448
21 49 48	0.2923076923
21 0 10	0.2666666667
1 1 53	0.2982456140
6 18 13	0.1388888889
31 52 66	0.1006289308
21 46 6	0.1428571429
1 59 10	0.1388888889
21 78 66	0.2400000000
23 67 1	0.2105263158
31 3 53	0.2537878788
1 59 52	0.0986301370
21 17 49	0.2142857143
21 60 6	0.2038834951
1 66 48	0.2500000000
31 59 11	0.0517241379
21 0 53	0.3750000000
23 48 3	0.0921052632
21 15 0	0.1276595745
21 10 7	0.1041666667
23 1 53	0.3272727273
21 3 13	0.1187500000
21 0 59	0.2800000000
23 49 36	0.2812500000
1 78 10	0.1333333333
31 7 13	0.1769230769
31 53 51	0.1257861635
4 49 36	0.2727272727
23 14 52	0.1627906977
21 59 59	0.2295081967
1 53 49	0.3695652174
21 48 52	0.0937500000
1 49 36	0.1406250000
1 52 2	0.1044776119
1 59 59	0.1463414634
4 13 53	0.3200000000
21 6 29	0.4102564103
21 65 7	0.1785714286
23 50 13	0.1875000000
23 1 13	0.1587301587
4 14 6	0.1600000000
23 1 78	0.1666666667
23 8 13	0.2666666667
31 56 32	0.2631578947
6 49 1	0.1304347826
31 64 3	0.2258064516
64 24 46	0.1034482759
64 52 46	0.1304347826
31 0 32	0.1052631579
64 4 13	0.0476190476
31 0 59	0.0526315789
6 47 49	0.0510948905
6 49 78	0.1839080460
6 18 49	0.2205882353
21 49 59	0.1717171717
23 78 66	0.2857142857
31 59 52	0.1107266436
1 13 48	0.0470588235
1 11 3	0.1538461538
23 32 52	0.0571428571
23 50 23	0.2000000000
4 0 10	0.2666666667
4 46 10	0.3571428571
1 75 36	0.3103448276
31 52 57	0.0444444444
31 56 6	0.1122448980
2 23 13	0.1458333333
23 78 1	0.2571428571
21 50 36	0.3666666667
4 52 32	0.2631578947
4 13 32	0.2307692308
23 60 11	0.1666666667
1 48 59	0.2244897959
4 0 59	0.2800000000
23 57 6	0.1250000000
4 53 6	0.1136363636
31 47 66	0.1269230769
23 52 31	0.2777777778
23 1 32	0.2083333333
23 13 66	0.1428571429
21 50 66	0.2222222222
1 6 29	0.3636363636
4 59 61	0.2727272727
21 78 78	0.4000000000
23 59 66	0.2525252525
1 57 13	0.1704545455
6 18 3	0.1298701299
21 1 1	0.1612903226
21 13 1	0.1538461538
23 13 53	0.3880597015
21 13 53	0.3571428571
31 49 66	0.1014492754
1 50 23	0.1333333333
21 0 6	0.0697674419
1 49 29	0.1666666667
1 61 3	0.0747663551
21 53 53	0.3333333333
21 49 56	0.0795454545
1 3 14	0.0961538462
21 52 1	0.2959183673
21 48 53	0.2666666667
21 69 1	0.1891891892
4 70 29	0.3636363636
1 65 5	0.4000000000
21 54 3	0.1555555556
31 7 59	0.1774193548
21 47 10	0.3235294118
6 18 66	0.2692307692
1 32 61	0.1060606061
23 66 48	0.3500000000
4 1 10	0.2758620690
31 5 7	0.1785714286
4 47 31	0.7058823529
23 49 7	0.1304347826
21 46 66	0.1956521739
4 49 48	0.1666666667
4 47 53	0.2500000000
23 32 3	0.0943396226
31 13 1	0.1607142857
23 7 1	0.1612903226
31 64 36	0.2727272727
4 66 3	0.1911764706
21 15 3	0.2857142857
23 3 3	0.0875576037
23 6 53	0.2448979592
23 49 2	0.1545454545
23 46 6	0.1428571429
4 78 53	0.3750000000
31 49 29	0.1764705882
1 59 3	0.0705882353
1 13 32	0.1521739130
31 75 36	0.3606557377
1 59 53	0.1509433962
23 1 60	0.0909090909
2 4 6	0.1463414634
4 3 53	0.3125000000
1 50 21	0.1538461538
21 1 13	0.1369863014
4 6 49	0.2098765432
21 3 66	0.2739726027
21 49 57	0.0588235294
50 14 13	0.0416666667
1 52 59	0.1527777778
50 3 14	0.1666666667
50 71 59	0.1923076923
50 53 1	0.1818181818
1 78 3	0.0429447853
6 78 3	0.0551724138
27 49 49	0.0306569343
49 60 6	0.0769230769
6 54 1	0.1086956522
1 10 15	0.2307692308
50 66 15	0.1066666667
49 61 56	0.0833333333
6 11 59	0.1428571429
50 52 2	0.0384615385
31 52 1	0.2187500000
6 49 59	0.1469194313
64 3 6	0.0638297872
21 53 66	0.2500000000
21 11 6	0.1230769231
1 69 1	0.1029411765
23 1 61	0.2692307692
21 60 66	0.1621621622
4 78 49	0.3939393939
21 53 5	0.4305555556
23 8 59	0.1875000000
4 57 53	0.4090909091
1 11 49	0.2500000000
6 2 6	0.1393442623
64 36 56	0.0810810811
6 2 49	0.0452261307
31 0 56	0.0833333333
6 32 32	0.1818181818
31 13 46	0.0121951220
64 4 3	0.0431034483
1 13 13	0.0923566879
6 50 1	0.1224489796
49 59 60	0.1428571429
6 48 6	0.0549450549
6 57 52	0.0902777778
6 53 52	0.0704225352
6 32 59	0.2027027027
27 63 52	0.1075268817
6 50 3	0.0629921260
6 49 15	0.1400000000
1 78 57	0.1333333333
6 2 3	0.0650406504
6 14 6	0.1063829787
1 52 11	0.0731707317
64 3 1	0.1052631579
50 47 3	0.0671641791
50 10 15	0.1212121212
1 13 1	0.1875000000
6 77 6	0.0750000000
6 14 32	0.2000000000
31 49 46	0.0100502513
6 18 51	0.3333333333
1 75 18	0.2471910112
23 50 1	0.2222222222
4 70 36	0.2777777778
23 10 7	0.1016949153
31 6 11	0.0256410256
21 8 10	0.0645161290
23 47 52	0.1685393258
21 7 13	0.0454545455
23 52 48	0.1707317073
4 6 14	0.2666666667
21 50 3	0.1250000000
4 3 48	0.2000000000
1 78 2	0.1935483871
31 69 1	0.0882352941
23 6 66	0.2348993289
4 52 2	0.1428571429
21 1 32	0.2800000000
4 60 52	0.1052631579
23 13 13	0.1301775148
4 52 1	0.2857142857
23 11 52	0.1020408163
21 60 52	0.0800000000
1 13 57	0.0714285714
1 11 1	0.2000000000
23 47 10	0.3200000000
31 15 11	0.1428571429
21 14 3	0.0681818182
21 66 49	0.1578947368
21 1 61	0.2894736842
4 53 1	0.2380952381
23 59 61	0.3333333333
4 3 14	0.1666666667
21 13 50	0.1250000000
21 3 57	0.0909090909
1 13 10	0.1265822785
21 6 14	0.2000000000
6 32 60	0.2000000000
50 32 13	0.0945945946
50 54 6	0.0886075949
6 7 1	0.1568627451
50 46 3	0.2000000000
6 1 6	0.0853080569
6 57 49	0.0423728814
6 3 78	0.1803278689
6 59 48	0.1190476190
50 14 6	0.0606060606
49 6 3	0.0666666667
6 1 1	0.1228070175
50 49 18	0.0322580645
6 8 13	0.0652173913
6 6 11	0.0595238095
6 49 18	0.0538922156
31 14 2	0.2142857143
50 49 7	0.0921052632
6 15 0	0.0851063830
64 80 56	0.0909090909
6 61 56	0.0921052632
6 13 60	0.2083333333
1 61 56	0.0948275862
50 47 31	0.0689655172
50 49 32	0.1034482759
50 1 78	0.1851851852
4 47 66	0.2432432432
1 32 59	0.1111111111
23 3 50	0.0322580645
21 49 78	0.3235294118
31 59 66	0.0869565217
31 15 6	0.1403508772
21 3 3	0.0792079208
23 48 13	0.1911764706
21 6 32	0.3111111111
23 14 1	0.3333333333
31 57 10	0.1428571429
4 49 59	0.1176470588
31 60 49	0.0782608696
21 32 13	0.1573033708
23 14 66	0.2916666667
1 3 52	0.0760368664
1 1 66	0.2121212121
4 78 6	0.0689655172
21 66 48	0.2241379310
4 13 11	0.0909090909
1 1 2	0.2413793103
1 66 15	0.2950819672
23 49 29	0.3750000000
2 23 6	0.1276595745
1 4 1	0.3809523810
1 53 53	0.4090909091
23 3 2	0.0958904110
1 54 13	0.1379310345
21 2 13	0.1355932203
21 8 6	0.1527777778
21 54 13	0.1379310345
2 1 53	0.1785714286
4 17 59	0.2903225806
21 66 3	0.1882352941
31 59 2	0.1060606061
21 46 52	0.2000000000
4 3 6	0.1395348837
31 4 59	0.2666666667
31 51 2	0.1290322581
4 14 53	0.2631578947
64 4 52	0.0686274510
6 14 46	0.0909090909
1 52 1	0.2146341463
21 11 13	0.1851851852
4 52 59	0.1463414634
4 13 2	0.1764705882
1 11 53	0.2619047619
31 48 56	0.0588235294
1 2 3	0.0495867769
1 2 52	0.1202531646
23 49 18	0.2461538462
23 61 51	0.2424242424
21 4 1	0.3809523810
23 52 10	0.3692307692
23 66 15	0.2580645161
4 49 49	0.1276595745
1 7 6	0.1333333333
23 59 32	0.2608695652
4 13 49	0.1851851852
23 52 78	0.1750000000
21 60 2	0.1600000000
21 2 10	0.2500000000
23 54 53	0.3000000000
6 57 46	0.0106382979
6 77 1	0.0937500000
4 59 66	0.2000000000
4 13 6	0.1666666667
23 3 66	0.2830188679
21 54 59	0.2307692308
21 11 53	0.3333333333
21 8 49	0.3265306122
21 61 3	0.1666666667
31 7 61	0.3478260870
21 2 52	0.1858407080
6 3 53	0.0312500000
23 50 6	0.1219512195
1 59 6	0.1064425770
2 23 61	0.2307692308
31 60 46	0.0370370370
6 11 6	0.0793650794
31 10 7	0.0875000000
64 29 46	0.0731707317
50 11 59	0.1764705882
6 49 56	0.0969696970
6 59 1	0.1184210526
50 52 1	0.1571428571
6 3 3	0.0648648649
50 13 13	0.0564516129
50 59 6	0.0789473684
50 49 6	0.0522388060
1 53 1	0.2352941176
1 66 3	0.2147651007
4 10 51	0.2857142857
21 1 3	0.1065088757
23 14 13	0.1600000000
4 1 6	0.1707317073
23 57 53	0.3421052632
31 32 61	0.1562500000
23 50 53	0.3684210526
1 59 2	0.1428571429
31 49 61	0.1447368421
31 2 3	0.0686274510
31 14 61	0.0434782609
31 52 14	0.0983606557
1 2 6	0.0793650794
23 48 6	0.1609195402
21 65 51	0.1176470588
4 11 53	0.1764705882
23 8 56	0.3333333333
23 11 66	0.2962962963
21 13 78	0.2333333333
4 52 61	0.3750000000
1 10 51	0.1750000000
31 6 53	0.0994475138
4 11 49	0.2894736842
31 15 0	0.0816326531
4 49 2	0.1538461538
4 48 53	0.2727272727
1 32 49	0.1336633663
23 7 3	0.1521739130
1 14 6	0.0945945946
23 32 49	0.1578947368
6 29 48	0.3333333333
1 49 61	0.1775700935
21 1 66	0.2087912088
1 8 6	0.1475409836
1 49 52	0.0858369099
21 59 52	0.1203007519
4 6 1	0.0869565217
4 47 49	0.2222222222
1 1 32	0.3181818182
21 10 51	0.3571428571
1 3 50	0.0220994475
23 59 60	0.1428571429
21 32 61	0.3043478261
23 8 53	0.4857142857
23 57 52	0.0943396226
31 13 10	0.1428571429
21 52 59	0.1764705882
6 9 51	0.2222222222
31 75 3	0.2368421053
1 4 6	0.0895522388
1 7 3	0.1333333333
23 48 52	0.0689655172
1 1 61	0.2727272727
1 14 59	0.0952380952
21 52 31	0.3157894737
21 11 66	0.1904761905
23 2 13	0.1666666667
23 1 52	0.0714285714
31 13 2	0.0652173913
4 57 3	0.0909090909
21 50 23	0.1333333333
21 8 3	0.0857142857
23 13 3	0.0670103093
21 57 52	0.1186440678
4 60 53	0.2142857143
4 11 10	0.2222222222
4 52 53	0.3000000000
6 24 52	0.1282051282
4 46 6	0.1304347826
31 6 10	0.1063829787
1 54 10	0.3076923077
31 6 2	0.0895522388
49 52 52	0.0566037736
1 78 52	0.0725806452
50 57 1	0.1315789474
50 14 49	0.0625000000
50 47 49	0.0148148148
49 60 13	0.0769230769
31 48 49	0.0676691729
6 14 52	0.0923076923
1 59 32	0.1730769231
50 0 59	0.1333333333
27 46 3	0.1714285714
1 52 14	0.1325301205
50 75 18	0.0638297872
6 57 1	0.1285714286
31 57 14	0.3000000000
6 32 13	0.0660377358
6 54 13	0.0632911392
6 1 52	0.0985221675
6 59 11	0.0600000000
64 29 7	0.1333333333
50 50 29	0.0294117647
6 32 3	0.0560747664
31 49 59	0.1962616822
50 0 49	0.1000000000
50 6 1	0.1587301587
6 47 31	0.1149425287
6 11 3	0.0763358779
6 6 57	0.0581395349
50 3 6	0.0563380282
50 66 3	0.1055900621
31 32 3	0.0489510490
50 57 6	0.0909090909
50 46 6	0.0819672131
27 20 59	0.0833333333
6 53 49	0.0592592593
50 14 52	0.0909090909
6 1 13	0.0833333333
1 49 13	0.0904761905
6 11 13	0.0775193798
31 2 57	0.1666666667
27 59 32	0.0500000000
6 78 14	0.0833333333
31 32 13	0.1160714286
31 13 48	0.0447761194
31 78 3	0.0310077519
6 3 60	0.2812500000
31 48 14	0.3076923077
4 1 32	0.3888888889
23 52 32	0.2857142857
21 3 32	0.3000000000
1 60 49	0.1515151515
4 1 78	0.3888888889
21 47 59	0.2682926829
23 49 10	0.2857142857
1 6 18	0.2564102564
1 49 32	0.1833333333
21 60 53	0.3043478261
23 50 29	0.4137931034
31 15 49	0.1696428571
6 70 18	0.0769230769
50 1 13	0.0960451977
50 66 49	0.1111111111
50 6 18	0.0615384615
1 48 60	0.3076923077
27 49 60	0.1250000000
1 60 2	0.0833333333
49 49 7	0.0930232558
64 24 1	0.0645161290
1 50 1	0.1923076923
31 20 6	0.1146953405
31 3 32	0.1500000000
23 57 13	0.1935483871
21 3 61	0.3157894737
4 49 5	0.3548387097
21 61 56	0.0980392157
6 11 32	0.0416666667
31 10 85	0.0476190476
31 2 46	0.0476190476
27 49 1	0.1041666667
6 59 2	0.0645161290
49 59 6	0.0740740741
49 78 2	0.2500000000
27 49 2	0.0857142857
1 49 59	0.1626506024
49 13 6	0.0370370370
6 48 49	0.0539568345
50 49 2	0.0595238095
6 48 14	0.0769230769
50 2 1	0.1578947368
6 18 53	0.3478260870
23 50 49	0.3333333333
23 3 78	0.2500000000
23 47 59	0.2608695652
21 13 32	0.2631578947
4 13 3	0.0793650794
1 75 3	0.1764705882
6 18 59	0.1904761905
23 66 3	0.2142857143
1 53 6	0.0857142857
23 6 1	0.2666666667
21 49 29	0.3000000000
4 66 5	0.2857142857
21 4 52	0.1200000000
1 49 48	0.1880341880
21 49 7	0.1451612903
1 32 2	0.2400000000
21 11 1	0.1818181818
1 54 52	0.1333333333
23 46 52	0.1818181818
21 52 14	0.1707317073
31 2 49	0.1348314607
21 78 14	0.2500000000
21 8 56	0.1428571429
1 2 13	0.0582524272
23 42 10	0.1428571429
23 47 21	0.1904761905
6 18 2	0.1290322581
23 14 59	0.0833333333
1 54 66	0.2702702703
23 48 53	0.3488372093
6 29 5	0.4090909091
4 7 1	0.1785714286
31 3 52	0.0917782027
23 7 66	0.2500000000
31 56 78	0.2500000000
4 70 18	0.2564102564
4 3 59	0.1388888889
1 46 1	0.1470588235
6 24 49	0.3023255814
1 13 50	0.0347826087
23 78 3	0.1170212766
31 56 59	0.2045454545
1 52 78	0.1690140845
31 15 13	0.1200000000
23 78 13	0.1466666667
4 47 6	0.1290322581
4 14 52	0.1851851852
21 1 57	0.0476190476
23 10 5	0.4137931034
4 53 3	0.1521739130
21 59 61	0.3846153846
1 6 2	0.0857142857
1 49 18	0.1298701299
23 14 61	0.2000000000
31 46 49	0.1666666667
31 14 59	0.1923076923
31 48 61	0.2000000000
4 60 49	0.3333333333
23 59 1	0.2439024390
21 6 59	0.2250000000
6 3 66	0.0279503106
49 59 59	0.2000000000
6 54 59	0.1200000000
64 52 49	0.0563380282
6 3 1	0.1496062992
1 10 7	0.0476190476
50 13 11	0.0625000000
6 53 6	0.0666666667
50 49 11	0.1818181818
50 66 7	0.1250000000
50 53 15	0.1226415094
6 60 1	0.1785714286
6 10 7	0.0672268908
31 14 52	0.0816326531
64 3 3	0.0289855072
49 59 78	0.2000000000
31 47 21	0.1724137931
64 24 52	0.0975609756
6 60 32	0.0666666667
31 61 48	0.1250000000
1 70 51	0.2222222222
21 6 2	0.1359223301
23 13 2	0.1269841270
21 2 3	0.1044776119
6 18 5	0.3333333333
21 49 32	0.2857142857
21 49 61	0.3518518519
1 8 53	0.4400000000
21 46 3	0.2500000000
31 56 3	0.1140350877
4 59 53	0.3913043478
4 48 10	0.2727272727
23 1 10	0.3103448276
21 59 6	0.1739130435
23 50 36	0.3529411765
1 46 66	0.1818181818
64 24 49	0.0322580645
6 11 46	0.0136986301
23 53 53	0.3076923077
23 52 14	0.1500000000
1 64 36	0.1604938272
21 2 6	0.1081081081
4 6 78	0.3043478261
1 6 11	0.0689655172
1 10 3	0.0740740741
21 13 48	0.0810810811
23 60 13	0.1538461538
1 11 10	0.2857142857
31 15 32	0.5000000000
31 6 61	0.1500000000
23 65 15	0.1904761905
6 78 52	0.0531914894
50 8 3	0.0285714286
1 48 52	0.0729166667
6 59 78	0.0847457627
6 2 59	0.1142857143
49 6 13	0.0786516854
31 60 11	0.3333333333
50 60 1	0.1666666667
6 29 15	0.1875000000
4 1 49	0.2307692308
6 24 6	0.1500000000
21 47 6	0.1323529412
1 7 59	0.1000000000
21 61 5	0.3902439024
2 23 53	0.3846153846
1 64 3	0.1320754717
4 32 6	0.2000000000
4 0 66	0.2352941176
2 4 53	0.1739130435
31 56 52	0.1052631579
1 53 66	0.2500000000
1 11 2	0.1052631579
31 32 14	0.4000000000
1 78 11	0.1333333333
23 14 3	0.0196078431
21 61 51	0.3205128205
31 46 59	0.2222222222
4 49 7	0.1304347826
21 7 66	0.2181818182
21 49 18	0.2045454545
21 3 48	0.0921052632
1 70 3	0.1600000000
21 57 6	0.1666666667
1 54 3	0.1555555556
1 4 52	0.1200000000
21 32 52	0.1428571429
21 1 53	0.3125000000
31 82 29	0.4313725490
23 2 52	0.1694915254
31 48 60	0.2727272727
21 53 59	0.2000000000
23 49 56	0.1000000000
21 57 49	0.2470588235
23 54 13	0.2500000000
23 11 3	0.1076923077
4 47 23	0.2000000000
31 32 2	0.0909090909
1 48 14	0.1904761905
21 3 50	0.0851063830
23 7 52	0.1621621622
31 10 51	0.0952380952
31 6 14	0.1000000000
23 8 52	0.1000000000
1 13 0	0.1111111111
4 60 10	0.1428571429
1 14 49	0.1492537313
31 5 56	0.0851063830
23 59 11	0.0800000000
1 49 60	0.0555555556
6 8 49	0.1037735849
1 59 1	0.1847826087
50 42 3	0.0666666667
6 50 6	0.0674157303
50 59 1	0.0967741935
50 50 18	0.0675675676
6 8 6	0.0451127820
50 59 49	0.0264550265
27 0 15	0.1562500000
6 6 14	0.1250000000
50 47 59	0.0967741935
1 48 57	0.1578947368
50 52 49	0.0380622837
6 67 1	0.0851063830
6 78 1	0.1153846154
50 32 59	0.1666666667
27 49 48	0.1176470588
49 6 60	0.0833333333
6 77 23	0.0500000000
49 49 13	0.0909090909
49 53 3	0.1162790698
50 2 52	0.0777777778
31 48 57	0.3333333333
50 49 56	0.1076923077
27 46 1	0.0800000000
50 13 48	0.0454545455
50 54 59	0.2000000000
6 46 3	0.2444444444
1 78 78	0.2307692308
1 48 10	0.3000000000
4 3 61	0.2692307692
4 66 7	0.1111111111
23 60 6	0.1538461538
23 48 14	0.1176470588
23 13 32	0.3200000000
31 78 10	0.1428571429
31 13 57	0.0606060606
31 56 0	0.1142857143
21 47 21	0.2162162162
21 52 32	0.1612903226
23 13 1	0.1739130435
21 49 14	0.1481481481
1 52 32	0.1451612903
31 59 53	0.1631205674
4 53 15	0.2173913043
4 3 52	0.0795454545
21 52 60	0.0833333333
4 66 51	0.3469387755
21 2 66	0.1714285714
4 1 1	0.1333333333
31 52 32	0.1935483871
31 0 14	0.0769230769
31 32 32	0.4782608696
4 78 13	0.1875000000
6 24 13	0.2058823529
21 70 51	0.3076923077
31 59 78	0.2166666667
4 57 6	0.0857142857
4 49 29	0.3529411765
31 15 59	0.1081081081
1 60 53	0.1600000000
31 52 61	0.1481481481
21 3 0	0.0666666667
21 1 78	0.2500000000
31 11 49	0.0408163265
4 6 66	0.1481481481
21 52 48	0.3055555556
23 6 32	0.3600000000
4 13 66	0.1250000000
21 47 53	0.2886597938
31 13 50	0.0444444444
23 2 59	0.2400000000
4 49 18	0.2692307692
4 3 3	0.0700000000
23 48 10	0.3333333333
23 42 13	0.1538461538
23 4 1	0.2500000000
50 50 13	0.1250000000
31 14 78	0.1818181818
31 59 60	0.2083333333
50 32 3	0.0735294118
50 0 3	0.0740740741
6 3 32	0.0869565217
6 68 7	0.2000000000
27 67 56	0.1111111111
6 65 3	0.1803278689
49 49 52	0.1142857143
6 88 52	0.1666666667
64 24 3	0.0731707317
49 13 60	0.2500000000
50 54 1	0.1621621622
50 47 52	0.1061946903
6 65 7	0.2812500000
23 1 59	0.1785714286
6 18 48	0.4117647059
6 29 3	0.1071428571
21 3 1	0.2500000000
21 14 61	0.2000000000
23 53 3	0.1494252874
21 7 1	0.1400000000
21 78 10	0.2272727273
21 11 10	0.2380952381
49 13 2	0.1304347826
50 3 1	0.1428571429
6 13 14	0.1400000000
6 10 0	0.0800000000
50 88 13	0.0476190476
31 13 14	0.1333333333
64 52 13	0.0256410256
64 36 46	0.0909090909
21 1 48	0.2666666667
1 48 3	0.0689655172
21 53 6	0.1354166667
21 59 53	0.2909090909
1 11 61	0.1428571429
21 50 21	0.1538461538
23 78 10	0.2916666667
31 15 14	0.3636363636
23 52 11	0.0952380952
23 77 1	0.2857142857
23 6 2	0.1090909091
21 0 1	0.2500000000
23 1 1	0.1379310345
4 1 13	0.1630434783
6 18 52	0.0588235294
4 2 13	0.1250000000
31 52 60	0.1041666667
1 52 60	0.0845070423
50 50 3	0.0909090909
23 70 3	0.1935483871
1 6 1	0.1829268293
23 48 59	0.2068965517
50 3 2	0.0422535211
50 53 49	0.0666666667
50 60 6	0.1176470588
6 88 6	0.1333333333
31 2 13	0.0483870968
31 47 59	0.2000000000
21 49 1	0.2089552239
21 52 2	0.1044776119
31 2 52	0.1025641026
31 13 61	0.0930232558
4 1 52	0.0740740741
1 61 7	0.0773809524
23 65 51	0.1904761905
21 78 2	0.3333333333
23 70 18	0.2500000000
21 60 3	0.0744680851
31 10 5	0.1224489796
23 3 31	0.1666666667
2 1 52	0.1224489796
23 32 6	0.2121212121
50 3 78	0.1250000000
6 50 52	0.0392156863
50 13 3	0.0419580420
50 60 52	0.1851851852
4 7 10	0.1428571429
21 32 6	0.1379310345
31 48 5	0.2962962963
4 7 3	0.0952380952
4 1 11	0.0714285714
23 46 53	0.1363636364
4 49 13	0.0370370370
21 50 53	0.4285714286
2 1 66	0.1833333333
31 56 48	0.1052631579
1 57 3	0.1208791209
1 8 10	0.0540540541
4 53 51	0.3333333333
21 48 13	0.1034482759
1 32 53	0.1147540984
21 46 1	0.1666666667
21 10 5	0.3448275862
4 59 6	0.1470588235
1 11 14	0.0769230769
23 53 2	0.0270270270
1 3 11	0.0563380282
1 65 15	0.2222222222
1 10 48	0.3000000000
21 32 3	0.1212121212
4 48 3	0.0937500000
31 8 35	0.3636363636
1 10 33	0.1538461538
21 59 66	0.2131147541
21 52 57	0.0731707317
31 48 53	0.1612903226
21 59 48	0.0869565217
23 13 78	0.2000000000
1 32 10	0.0638297872
21 53 1	0.2750000000
31 49 36	0.1351351351
21 3 31	0.1666666667
31 3 2	0.0494505495
23 13 14	0.1428571429
50 32 1	0.1612903226
6 68 15	0.1250000000
6 66 49	0.1086956522
6 81 54	0.1818181818
50 52 31	0.2500000000
50 13 52	0.0681818182
50 47 13	0.0531914894
49 6 6	0.0879120879
49 10 15	0.1071428571
50 7 6	0.0405405405
27 49 32	0.0937500000
6 1 2	0.0714285714
50 8 1	0.1250000000
27 20 52	0.0545454545
6 54 6	0.0490196078
50 13 14	0.1428571429
23 48 1	0.2500000000
23 11 10	0.3333333333
6 29 51	0.2083333333
4 60 66	0.2307692308
21 48 3	0.0270270270
31 61 3	0.1239669421
21 53 56	0.1078431373
21 8 53	0.4642857143
4 6 32	0.4117647059
4 66 59	0.1875000000
21 14 6	0.1343283582
21 3 78	0.2500000000
27 63 6	0.0451612903
50 52 59	0.1369863014
27 59 57	0.0344827586
50 60 59	0.2222222222
31 2 60	0.0769230769
50 11 13	0.1034482759
31 82 3	0.1923076923
21 50 6	0.0952380952
31 15 48	0.2222222222
1 11 13	0.1609195402
23 3 48	0.1090909091
21 1 52	0.0930232558
23 59 2	0.1612903226
21 10 61	0.1818181818
23 64 29	0.3529411765
4 48 59	0.1666666667
50 8 59	0.1428571429
64 29 78	0.1052631579
64 3 14	0.0909090909
50 53 56	0.1444444444
6 60 59	0.0769230769
50 60 13	0.1250000000
27 20 1	0.1250000000
6 18 60	0.1250000000
23 70 7	0.1578947368
4 3 66	0.1600000000
23 60 10	0.2500000000
23 3 11	0.0714285714
21 1 59	0.1515151515
31 3 60	0.0612244898
21 78 57	0.1000000000
21 54 53	0.2127659574
23 4 59	0.2222222222
1 6 61	0.1851851852
31 60 53	0.0571428571
1 60 1	0.2173913043
31 32 53	0.1000000000
4 66 56	0.1333333333
50 6 11	0.0689655172
50 49 59	0.1000000000
50 1 49	0.0343642612
6 59 32	0.0250000000
50 3 11	0.0588235294
6 70 3	0.1250000000
1 78 60	0.1875000000
27 0 3	0.1290322581
50 59 78	0.1052631579
50 1 57	0.0588235294
1 3 60	0.1923076923
6 2 78	0.0714285714
31 60 61	0.1600000000
1 57 53	0.2857142857
21 32 14	0.0833333333
21 10 10	0.2222222222
2 1 10	0.1666666667
1 7 1	0.1707317073
4 47 21	0.1538461538
21 3 2	0.0864197531
21 77 1	0.3200000000
6 14 48	0.1250000000
50 32 52	0.1379310345
6 48 57	0.0333333333
31 6 78	0.2264150943
1 78 14	0.2222222222
50 14 3	0.0555555556
64 3 13	0.0677966102
6 53 59	0.1250000000
50 52 57	0.0645161290
50 1 48	0.1363636364
21 3 14	0.2222222222
1 78 13	0.0940170940
23 3 14	0.2272727273
1 54 59	0.2307692308
23 54 6	0.1176470588
21 75 36	0.3529411765
21 14 78	0.2222222222
31 7 10	0.3170731707
31 14 53	0.0500000000
23 66 56	0.0684931507
21 52 11	0.0681818182
23 13 60	0.1428571429
23 2 1	0.1666666667
23 70 23	0.1111111111
21 50 1	0.2812500000
1 59 61	0.1578947368
23 61 5	0.3333333333
23 57 10	0.3000000000
23 78 61	0.2307692308
21 49 11	0.0645161290
27 59 49	0.0263653484
50 13 6	0.0630630631
31 3 14	0.1323529412
6 50 13	0.1224489796
4 59 2	0.1000000000
4 7 52	0.1666666667
4 2 49	0.2222222222
21 78 6	0.1428571429
4 78 10	0.2222222222
27 67 3	0.0769230769
6 69 31	0.0769230769
50 59 2	0.0740740741
6 32 2	0.0322580645
50 13 32	0.1111111111
21 59 60	0.2500000000
21 61 48	0.2857142857
23 2 10	0.1666666667
1 2 10	0.1538461538
23 13 50	0.1090909091
23 14 32	0.1000000000
23 8 6	0.1052631579
23 66 49	0.0869565217
21 13 2	0.0943396226
21 6 36	0.3225806452
4 3 0	0.1250000000
1 1 60	0.1176470588
1 52 31	0.2941176471
6 50 59	0.0833333333
1 59 60	0.1034482759
31 7 2	0.1041666667
23 60 60	0.1666666667
1 14 52	0.1406250000
4 8 6	0.0689655172
1 1 1	0.0526315789
31 57 60	0.2857142857
31 56 1	0.2500000000
23 49 13	0.1234567901
4 13 13	0.1272727273
4 53 49	0.2222222222
4 17 49	0.2142857143
21 70 5	0.3076923077
1 4 53	0.1304347826
1 32 6	0.1090909091
23 59 53	0.2539682540
21 50 13	0.2631578947
21 2 53	0.1538461538
31 6 48	0.1095890411
50 70 3	0.0967741935
49 49 59	0.1923076923
50 52 13	0.0883977901
50 13 78	0.0909090909
31 32 60	0.1250000000
50 8 56	0.1111111111
31 47 23	0.1200000000
6 69 21	0.1111111111
31 49 56	0.0857142857
49 52 59	0.0967741935
1 60 11	0.0500000000
50 0 52	0.0869565217
6 67 23	0.1142857143
50 67 23	0.1333333333
6 67 31	0.0779220779
23 6 14	0.1875000000
1 2 1	0.1666666667
21 14 49	0.2580645161
21 65 3	0.2307692308
31 49 78	0.1400000000
23 14 78	0.2222222222
31 48 52	0.0740740741
1 14 53	0.1666666667
1 3 0	0.1666666667
21 57 59	0.1428571429
21 57 1	0.1724137931
23 52 60	0.1052631579
23 32 13	0.1320754717
6 36 5	0.1851851852
31 48 11	0.3333333333
21 14 1	0.2083333333
23 75 18	0.2692307692
4 57 10	0.2727272727
21 32 59	0.1388888889
21 48 10	0.1818181818
1 3 48	0.0597014925
2 4 66	0.1224489796
31 7 11	0.0357142857
21 11 59	0.1875000000
1 1 78	0.2962962963
4 57 13	0.2083333333
50 8 52	0.1282051282
49 78 57	0.1666666667
31 14 3	0.0363636364
50 6 49	0.0277777778
6 78 78	0.3157894737
50 59 59	0.0888888889
50 11 6	0.0666666667
6 54 3	0.0681818182
50 17 49	0.1379310345
50 67 31	0.0689655172
50 53 3	0.0775193798
31 67 1	0.1515151515
4 78 66	0.2307692308
1 66 59	0.2105263158
23 32 59	0.0434782609
1 54 53	0.2127659574
6 24 59	0.1764705882
1 70 5	0.1818181818
23 78 6	0.0833333333
21 59 78	0.3333333333
6 24 66	0.1800000000
49 47 13	0.0909090909
6 32 48	0.0588235294
50 49 48	0.0740740741
49 47 52	0.0851063830
27 59 11	0.0370370370
4 6 10	0.2258064516
4 59 3	0.0454545455
1 53 10	0.2727272727
31 57 61	0.1250000000
6 29 7	0.0952380952
6 1 3	0.0671378092
1 49 14	0.1081081081
6 53 13	0.1325301205
6 14 49	0.0192307692
27 49 14	0.1311475410
50 57 49	0.0252100840
50 49 57	0.1739130435
50 70 18	0.0576923077
1 78 48	0.1428571429
1 32 48	0.0588235294
50 6 32	0.1071428571
49 67 31	0.0588235294
50 2 59	0.1034482759
49 32 2	0.2500000000
49 47 31	0.1666666667
6 1 32	0.1111111111
50 13 2	0.0487804878
23 49 32	0.2500000000
23 53 1	0.1666666667
1 53 59	0.1538461538
6 4 53	0.1304347826
4 46 3	0.2380952381
23 1 2	0.1538461538
4 49 53	0.2857142857
31 48 51	0.2272727273
23 60 59	0.1818181818
6 24 10	0.1666666667
23 66 72	0.1000000000
4 69 1	0.1428571429
1 50 31	0.7058823529
31 48 78	0.1333333333
23 2 6	0.1081081081
1 65 51	0.1176470588
1 59 14	0.1632653061
23 50 3	0.1403508772
21 14 32	0.1111111111
1 57 1	0.2187500000
6 36 51	0.2000000000
23 4 52	0.1666666667
21 70 7	0.1176470588
23 57 59	0.2000000000
21 13 66	0.1194029851
1 50 49	0.2727272727
64 24 6	0.0344827586
50 1 59	0.1600000000
49 52 60	0.1428571429
1 13 11	0.0714285714
1 48 61	0.1578947368
1 66 2	0.0857142857
31 15 60	0.0833333333
2 4 59	0.1428571429
21 57 53	0.1250000000
23 59 57	0.0769230769
23 65 5	0.4705882353
1 14 14	0.0909090909
23 46 1	0.1500000000
1 50 29	0.3636363636
6 3 10	0.0409836066
23 52 57	0.0952380952
1 60 6	0.1300000000
49 49 6	0.0547945205
6 54 49	0.0431654676
4 78 52	0.0625000000
21 48 60	0.1428571429
31 56 60	0.1538461538
1 1 14	0.2500000000
23 75 36	0.2727272727
4 78 1	0.2857142857
4 0 3	0.1333333333
4 3 11	0.0769230769
1 65 3	0.2307692308
21 32 32	0.3333333333
21 4 3	0.1111111111
4 1 14	0.2941176471
50 11 52	0.1265822785
6 3 48	0.0894308943
50 32 6	0.0882352941
6 49 11	0.0327868852
6 13 57	0.0816326531
50 49 60	0.3125000000
4 53 5	0.3333333333
1 70 29	0.3703703704
23 48 60	0.1000000000
23 46 66	0.1944444444
1 3 61	0.2195121951
1 10 0	0.1333333333
31 4 49	0.4000000000
50 78 52	0.0731707317
49 6 14	0.0714285714
50 57 13	0.1012658228
4 1 2	0.1363636364
31 11 10	0.1428571429
4 53 52	0.1777777778
1 78 61	0.0625000000
1 53 13	0.2083333333
31 13 60	0.3333333333
6 7 49	0.0606060606
31 2 11	0.1666666667
64 3 2	0.0666666667
4 47 59	0.1111111111
4 3 32	0.2857142857
4 46 66	0.1200000000
31 15 53	0.2222222222
4 3 1	0.1818181818
4 49 61	0.2307692308
23 59 48	0.1333333333
23 50 21	0.1538461538
1 15 0	0.1276595745
21 68 3	0.1538461538
50 7 49	0.0422535211
31 49 48	0.1489361702
50 59 3	0.0338983051
50 52 11	0.0689655172
6 32 49	0.0205761317
6 47 23	0.1000000000
4 3 78	0.2000000000
4 10 15	0.3000000000
1 10 5	0.1129032258
64 3 32	0.0769230769
50 17 59	0.1200000000
6 7 13	0.0476190476
4 1 57	0.0833333333
1 61 51	0.0232558140
21 6 60	0.0851063830
23 3 57	0.0666666667
1 78 1	0.2352941176
1 46 52	0.2121212121
31 57 2	0.2727272727
1 15 10	0.3333333333
27 67 15	0.0909090909
50 8 49	0.0208333333
1 4 10	0.2727272727
23 47 23	0.1600000000
4 70 3	0.1428571429
23 2 66	0.1500000000
4 8 53	0.3750000000
6 4 10	0.0909090909
4 8 1	0.2857142857
2 23 78	0.1333333333
23 6 11	0.0740740741
23 6 48	0.1372549020
21 65 5	0.4000000000
31 78 53	0.1000000000
23 42 49	0.2222222222
1 60 10	0.0666666667
21 78 59	0.1562500000
4 1 59	0.1555555556
6 4 66	0.1000000000
21 13 10	0.2307692308
6 48 11	0.0312500000
50 54 49	0.0285714286
50 3 57	0.0588235294
49 53 56	0.0833333333
49 52 32	0.0714285714
50 49 78	0.0714285714
27 20 3	0.0746268657
4 59 78	0.2500000000
21 14 52	0.2075471698
4 32 13	0.1428571429
6 36 15	0.2500000000
21 70 29	0.2000000000
23 47 13	0.1333333333
23 49 57	0.0476190476
31 5 2	0.0806451613
23 32 32	0.2222222222
6 18 11	0.1111111111
21 32 10	0.1200000000
49 69 21	0.0769230769
49 32 52	0.0476190476
21 70 18	0.1666666667
23 4 6	0.1052631579
1 66 0	0.1111111111
23 10 2	0.0833333333
6 78 57	0.0526315789
50 6 29	0.0312500000
50 59 14	0.2000000000
6 3 2	0.0520231214
23 10 33	0.2222222222
2 4 10	0.1000000000
23 32 61	0.2307692308
2 1 3	0.1250000000
6 9 3	0.1000000000
23 14 6	0.1136363636
6 78 60	0.1818181818
50 70 15	0.1538461538
49 2 3	0.0625000000
6 88 59	0.2000000000
50 65 7	0.1034482759
6 1 78	0.1296296296
50 0 1	0.1764705882
64 29 48	0.0270270270
50 52 60	0.0625000000
31 14 14	0.2000000000
50 13 1	0.1428571429
50 70 7	0.1578947368
49 49 15	0.1153846154
31 49 14	0.0588235294
4 57 1	0.2352941176
23 70 36	0.2800000000
21 48 61	0.2857142857
21 11 52	0.1147540984
21 3 11	0.1000000000
4 52 11	0.0588235294
4 0 53	0.3750000000
23 42 53	0.2727272727
31 51 7	0.1481481481
4 59 32	0.1538461538
1 14 2	0.1764705882
23 3 32	0.2333333333
21 48 59	0.1578947368
23 6 60	0.0769230769
31 11 52	0.0294117647
1 2 61	0.0277777778
1 57 10	0.2800000000
49 47 6	0.0461538462
50 46 52	0.1351351351
50 46 1	0.1515151515
6 78 13	0.0588235294
23 11 59	0.0625000000
23 4 3	0.1764705882
21 1 14	0.1578947368
31 11 53	0.0714285714
31 81 54	0.3076923077
31 48 3	0.0740740741
23 59 78	0.2608695652
4 49 15	0.2000000000
23 49 78	0.3125000000
1 1 48	0.4285714286
27 49 57	0.0800000000
50 1 2	0.0425531915
27 20 13	0.0615384615
1 50 53	0.3076923077
31 6 60	0.0851063830
50 6 78	0.1764705882
6 4 52	0.1200000000
21 59 32	0.3500000000
1 77 21	0.1509433962
6 57 59	0.1250000000
21 78 61	0.3333333333
6 59 14	0.1219512195
4 11 52	0.1111111111
2 1 59	0.1818181818
31 60 57	0.3333333333
21 59 3	0.0751879699
31 78 2	0.2500000000
31 57 59	0.0909090909
4 32 53	0.1250000000
6 46 61	0.0196078431
21 32 1	0.1739130435
50 7 52	0.1136363636
4 59 59	0.1000000000
4 52 60	0.0666666667
49 6 78	0.1111111111
1 48 1	0.2500000000
1 59 48	0.0769230769
21 0 52	0.1176470588
4 3 57	0.0769230769
4 13 52	0.0555555556
21 60 11	0.0909090909
21 60 61	0.3000000000
31 13 11	0.0625000000
23 53 49	0.3000000000
1 4 31	0.1818181818
21 15 10	0.3333333333
6 15 3	0.1428571429
50 3 32	0.1153846154
21 1 60	0.0666666667
23 66 59	0.2173913043
1 1 11	0.1176470588
21 59 1	0.1923076923
6 4 49	0.1525423729
4 66 48	0.1923076923
6 46 10	0.0188679245
1 57 52	0.0821917808
23 2 3	0.0937500000
1 8 35	0.2222222222
1 6 57	0.0615384615
31 10 48	0.1250000000
23 1 11	0.0526315789
21 4 53	0.1304347826
4 10 3	0.0666666667
31 79 56	0.1666666667
23 2 53	0.1111111111
50 1 11	0.0645161290
49 13 14	0.2500000000
50 53 52	0.0784313725
50 78 59	0.1111111111
1 53 2	0.0340909091
23 6 57	0.0833333333
4 59 1	0.1538461538
23 50 10	0.1428571429
1 2 53	0.1250000000
2 4 52	0.1515151515
6 49 29	0.0240963855
50 50 49	0.1428571429
49 61 3	0.0571428571
1 60 60	0.1538461538
6 57 2	0.0285714286
6 47 21	0.1132075472
1 60 59	0.1136363636
6 70 7	0.1764705882
50 59 32	0.0588235294
6 66 56	0.0819672131
6 88 3	0.0588235294
6 3 14	0.1250000000
64 29 14	0.0909090909
50 1 14	0.0909090909
64 24 13	0.0800000000
1 59 11	0.0344827586
31 59 57	0.0566037736
23 48 32	0.0714285714
1 11 11	0.0500000000
1 61 5	0.0574712644
1 66 33	0.2727272727
1 7 13	0.1000000000
50 60 49	0.0476190476
6 13 11	0.0677966102
23 68 3	0.1111111111
21 2 1	0.2105263158
4 0 6	0.0697674419
4 3 2	0.1071428571
4 3 13	0.0879120879
21 78 3	0.0759493671
31 3 11	0.0208333333
4 52 31	0.1250000000
4 66 15	0.2800000000
31 7 78	0.2380952381
21 14 10	0.1000000000
31 2 51	0.0769230769
4 6 2	0.1428571429
50 7 3	0.0487804878
21 50 52	0.0166666667
21 13 11	0.0454545455
1 11 32	0.0526315789
6 9 5	0.2857142857
21 1 2	0.1724137931
1 14 61	0.0454545455
6 8 52	0.0657894737
64 4 1	0.0714285714
50 8 13	0.0937500000
27 59 48	0.1090909091
50 54 52	0.1451612903
49 13 3	0.0121951220
23 54 1	0.2000000000
31 10 33	0.1538461538
6 10 3	0.1011235955
1 60 52	0.0487804878
31 56 57	0.1052631579
27 46 52	0.0952380952
4 52 78	0.1538461538
21 78 52	0.1034482759
2 1 13	0.1707317073
49 52 1	0.1388888889
49 59 2	0.0769230769
49 13 52	0.0307692308
4 10 5	0.1666666667
21 60 32	0.2000000000
4 66 33	0.2222222222
64 3 60	0.2222222222
50 6 60	0.1739130435
23 48 61	0.2222222222
31 11 60	0.2857142857
1 60 78	0.0555555556
21 14 13	0.0909090909
4 7 13	0.1538461538
23 70 51	0.1538461538
23 4 10	0.1111111111
6 68 3	0.1153846154
50 1 32	0.0606060606
1 48 32	0.2000000000
21 59 57	0.1666666667
21 53 48	0.2000000000
1 67 23	0.0250000000
50 50 52	0.0192307692
50 71 56	0.1666666667
4 48 6	0.1315789474
31 57 53	0.0714285714
21 49 60	0.0800000000
4 60 1	0.2666666667
2 1 32	0.1111111111
4 6 61	0.3333333333
1 4 3	0.1111111111
21 6 11	0.0869565217
6 78 6	0.0229885057
23 1 57	0.0454545455
4 47 13	0.0909090909
23 61 56	0.0555555556
49 59 49	0.0156250000
49 32 32	0.1111111111
6 46 52	0.1818181818
50 53 13	0.0789473684
6 18 14	0.1428571429
21 48 6	0.1428571429
31 11 14	0.3000000000
31 60 3	0.0294117647
23 4 49	0.2105263158
4 47 3	0.1071428571
23 8 10	0.1724137931
23 66 33	0.1428571429
50 6 14	0.0740740741
50 6 2	0.0588235294
6 50 23	0.0666666667
31 11 32	0.1111111111
31 3 50	0.0252100840
4 47 52	0.0909090909
31 59 48	0.1000000000
23 54 66	0.1333333333
23 1 14	0.2142857143
1 8 1	0.2500000000
31 11 59	0.0909090909
4 60 6	0.1363636364
21 59 11	0.1578947368
31 7 14	0.1000000000
1 48 78	0.2941176471
50 10 3	0.0769230769
27 46 6	0.0487804878
49 59 3	0.0243902439
1 67 3	0.1111111111
21 8 59	0.0714285714
6 8 1	0.1111111111
23 13 0	0.0588235294
4 67 1	0.1666666667
31 60 10	0.1034482759
6 4 3	0.0370370370
49 13 57	0.1818181818
6 18 56	0.1250000000
31 48 10	0.1739130435
23 3 0	0.2800000000
4 14 1	0.1250000000
23 48 57	0.0588235294
50 47 23	0.0800000000
49 78 48	0.1666666667
23 60 57	0.1666666667
21 70 3	0.1428571429
6 4 31	0.2500000000
31 7 32	0.1562500000
6 8 3	0.0447761194
23 54 59	0.1250000000
6 60 3	0.0303030303
6 78 49	0.0331491713
50 78 1	0.1153846154
4 57 59	0.1538461538
21 64 3	0.2068965517
49 32 49	0.0303030303
4 49 32	0.2222222222
23 10 3	0.0666666667
50 47 21	0.0952380952
50 2 13	0.0652173913
23 78 78	0.1333333333
23 7 59	0.1111111111
50 68 3	0.1111111111
49 52 49	0.0396039604
50 60 3	0.0681818182
27 49 11	0.0689655172
49 61 7	0.0196078431
6 67 56	0.1428571429
21 48 11	0.1666666667
21 65 15	0.2222222222
31 48 15	0.1000000000
23 7 13	0.0909090909
23 75 3	0.1250000000
31 53 2	0.0172413793
4 10 33	0.1428571429
31 49 32	0.1025641026
64 36 15	0.0666666667
23 61 48	0.1666666667
23 53 10	0.1250000000
6 18 7	0.1000000000
1 50 36	0.2777777778
4 32 49	0.1764705882
23 66 7	0.0666666667
31 49 60	0.0714285714
1 77 6	0.0612244898
6 6 29	0.0273972603
6 1 11	0.0277777778
50 59 60	0.0769230769
1 49 57	0.0156250000
23 1 48	0.1818181818
1 13 78	0.1132075472
1 57 60	0.1111111111
6 18 57	0.0909090909
4 46 1	0.0666666667
4 49 10	0.0909090909
31 60 48	0.1666666667
49 6 1	0.0689655172
6 64 29	0.0247933884
49 78 49	0.0243902439
50 67 3	0.0769230769
31 7 57	0.0370370370
50 8 6	0.0491803279
50 3 3	0.0250000000
2 23 32	0.1666666667
6 9 7	0.0909090909
23 60 52	0.0625000000
4 10 7	0.0588235294
4 7 49	0.2222222222
4 10 48	0.1666666667
4 8 52	0.0625000000
21 78 60	0.1111111111
21 70 36	0.1666666667
2 1 2	0.0769230769
4 8 3	0.0434782609
1 50 6	0.1724137931
31 48 7	0.0909090909
4 2 59	0.1111111111
1 8 56	0.1250000000
2 1 61	0.1250000000
21 77 6	0.1304347826
31 10 2	0.0285714286
49 52 3	0.0510204082
50 13 60	0.1428571429
31 32 10	0.0857142857
6 18 33	0.1428571429
6 11 14	0.0625000000
4 11 13	0.0454545455
4 0 0	0.1250000000
31 57 49	0.0408163265
50 67 15	0.0909090909
27 51 49	0.0689655172
6 59 57	0.0612244898
6 36 48	0.1250000000
6 18 61	0.2222222222
4 49 56	0.0909090909
2 4 1	0.1250000000
4 65 15	0.1538461538
6 18 15	0.1250000000
23 60 49	0.0869565217
31 14 57	0.2857142857
21 10 3	0.0512820513
21 6 57	0.0833333333
21 48 49	0.0980392157
4 52 3	0.0370370370
1 8 3	0.0857142857
21 53 2	0.0333333333
23 50 52	0.0217391304
21 32 66	0.1132075472
31 3 0	0.1071428571
6 29 2	0.1111111111
23 49 11	0.0500000000
21 60 57	0.1428571429
23 42 66	0.2000000000
31 78 60	0.1666666667
31 14 32	0.1818181818
31 11 48	0.1666666667
64 30 3	0.0400000000
50 75 3	0.0909090909
1 2 78	0.0833333333
31 2 10	0.1333333333
4 2 52	0.0833333333
4 66 72	0.1000000000
50 69 21	0.0769230769
6 67 7	0.1250000000
50 78 13	0.0416666667
50 52 48	0.0800000000
4 60 13	0.2500000000
4 59 52	0.0967741935
31 14 49	0.0428571429
23 4 31	0.1666666667
23 32 2	0.2000000000
21 50 59	0.1666666667
4 53 10	0.1818181818
21 75 3	0.1818181818
21 10 33	0.1428571429
31 14 10	0.1052631579
1 32 60	0.1176470588
49 13 48	0.1428571429
49 69 31	0.0588235294
1 53 48	0.2857142857
1 66 72	0.1333333333
1 50 66	0.0833333333
4 6 60	0.0833333333
4 13 57	0.0909090909
31 61 2	0.0181818182
4 1 66	0.1470588235
4 60 59	0.1250000000
50 65 15	0.1111111111
50 67 7	0.0909090909
27 2 59	0.0833333333
49 59 14	0.2222222222
6 78 2	0.0400000000
4 78 3	0.0434782609
4 1 48	0.2222222222
4 66 0	0.1250000000
31 15 57	0.1428571429
23 13 11	0.0833333333
21 60 60	0.1428571429
1 66 49	0.1200000000
4 2 6	0.1000000000
1 57 14	0.0588235294
49 6 48	0.0769230769
64 29 11	0.0588235294
31 3 57	0.0219780220
49 13 13	0.0410958904
49 60 49	0.0434782609
27 51 59	0.0740740741
49 13 32	0.0588235294
4 3 60	0.0833333333
1 4 13	0.0322580645
6 48 48	0.1250000000
27 0 7	0.0689655172
31 11 2	0.2727272727
2 23 10	0.1538461538
31 14 11	0.2857142857
21 7 10	0.2222222222
31 56 2	0.1081081081
21 3 60	0.1333333333
50 70 29	0.0370370370
4 48 1	0.1764705882
23 53 66	0.0833333333
21 10 2	0.0952380952
21 4 31	0.1818181818
27 20 49	0.0232558140
23 48 11	0.0500000000
23 4 13	0.1333333333
31 69 21	0.0769230769
6 88 13	0.0952380952
6 14 2	0.0909090909
1 1 57	0.1176470588
31 2 14	0.1666666667
31 78 57	0.1250000000
23 77 6	0.0666666667
4 49 6	0.0588235294
1 53 52	0.0416666667
21 13 14	0.1500000000
6 3 57	0.0714285714
4 66 49	0.0625000000
23 42 59	0.1111111111
6 11 2	0.0344827586
6 50 31	0.0588235294
6 75 3	0.0714285714
1 57 61	0.1428571429
23 66 0	0.1111111111
1 60 57	0.0714285714
50 7 1	0.0370370370
49 47 59	0.1176470588
23 78 2	0.0833333333
4 6 48	0.0740740741
1 70 7	0.0909090909
23 4 66	0.1500000000
23 60 61	0.1666666667
49 60 52	0.0625000000
64 52 3	0.0285714286
1 8 59	0.0714285714
6 3 61	0.0289855072
49 14 48	0.1250000000
1 67 7	0.1250000000
50 66 59	0.0625000000
1 10 10	0.1428571429
6 36 2	0.0769230769
23 60 53	0.1250000000
4 8 10	0.0909090909
21 2 61	0.0909090909
6 78 11	0.0625000000
23 46 3	0.1333333333
21 48 14	0.1428571429
23 10 48	0.2857142857
1 3 31	0.1666666667
4 13 60	0.1666666667
2 23 59	0.0909090909
31 48 48	0.1666666667
1 14 32	0.1666666667
6 36 33	0.1428571429
4 52 48	0.0588235294
6 29 56	0.0625000000
31 7 60	0.0416666667
50 88 6	0.0666666667
50 0 6	0.0400000000
4 8 59	0.1111111111
49 78 11	0.1666666667
4 52 57	0.0625000000
50 67 1	0.1052631579
6 70 29	0.0454545455
49 14 59	0.0833333333
1 14 3	0.0588235294
49 59 32	0.1000000000
4 6 57	0.0833333333
50 6 57	0.0714285714
6 9 72	0.1000000000
21 48 78	0.2000000000
21 13 57	0.0526315789
49 14 6	0.1000000000
64 3 57	0.0769230769
23 49 60	0.0555555556
49 10 3	0.0476190476
49 14 49	0.0400000000
6 18 6	0.0882352941
31 67 23	0.0400000000
6 50 29	0.0256410256
21 48 57	0.1666666667
21 70 23	0.1111111111
49 14 52	0.1000000000
4 59 10	0.2000000000
23 60 32	0.1666666667
49 78 14	0.1666666667
23 61 3	0.1250000000
4 1 60	0.0909090909
4 65 3	0.1875000000
23 50 59	0.0714285714
50 53 59	0.0526315789
1 68 3	0.1111111111
50 67 56	0.1111111111
49 13 1	0.1000000000
1 14 11	0.1250000000
21 78 11	0.1250000000
31 57 52	0.0294117647
23 42 6	0.0909090909
31 2 61	0.0666666667
6 60 2	0.0454545455
1 57 32	0.0625000000
31 52 11	0.0350877193
23 13 48	0.0769230769
21 66 72	0.1000000000
4 53 59	0.2222222222
31 6 57	0.0217391304
50 42 59	0.1111111111
4 11 6	0.0625000000
64 3 78	0.1333333333
31 60 60	0.2000000000
50 78 6	0.0192307692
4 6 11	0.0769230769
50 69 31	0.0588235294
31 57 48	0.1666666667
1 67 15	0.1250000000
49 10 7	0.0294117647
21 2 78	0.1000000000
6 60 60	0.1538461538
6 2 60	0.0909090909
50 11 49	0.0078125000
6 1 14	0.0400000000
23 70 15	0.1538461538
6 18 1	0.1666666667
23 7 10	0.2222222222
50 69 6	0.1428571429
64 52 52	0.0322580645
1 10 2	0.0227272727
21 10 48	0.2857142857
50 50 1	0.0434782609
27 48 49	0.0833333333
6 76 18	0.0500000000
6 70 23	0.1111111111
6 36 56	0.1000000000
31 11 6	0.0740740741
1 50 59	0.0769230769
1 2 60	0.0666666667
4 13 0	0.1428571429
50 50 6	0.0555555556
49 60 2	0.1250000000
50 42 13	0.0769230769
64 3 11	0.0909090909
31 69 31	0.0588235294
1 50 10	0.1000000000
4 49 78	0.2000000000
1 57 2	0.0952380952
21 66 59	0.0909090909
4 48 52	0.0454545455
31 2 2	0.0434782609
1 49 11	0.0192307692
1 10 61	0.1818181818
23 49 14	0.0625000000
4 78 59	0.1111111111
49 6 32	0.0625000000
49 78 52	0.0357142857
23 54 10	0.1428571429
31 11 61	0.1250000000
1 57 57	0.0454545455
49 77 1	0.1428571429
1 14 57	0.1111111111
49 14 32	0.1428571429
50 13 57	0.0588235294
21 14 2	0.0666666667
23 3 60	0.1052631579
49 14 13	0.0416666667
49 52 48	0.0526315789
31 2 56	0.0769230769
6 48 78	0.0869565217
49 14 3	0.0689655172
23 64 3	0.1250000000
6 78 48	0.1428571429
6 60 57	0.0714285714
6 57 14	0.0357142857
6 4 13	0.0322580645
6 7 59	0.1000000000
31 14 48	0.1250000000
21 0 0	0.1250000000
27 2 49	0.1176470588
27 67 7	0.0909090909
64 29 57	0.0588235294
31 2 15	0.1000000000
49 60 59	0.0909090909
50 10 0	0.0666666667
49 59 52	0.0270270270
49 49 49	0.0120481928
21 60 78	0.0714285714
