0	0.0000000000
1	0.3333333333
2	0.0000000000
3	0.1111111111
4	0.1428571429
5	0.0000000000
6	0.0000000000
7	0.0000000000
8	0.0000000000
9	0.0000000000
10	0.0000000000
11	0.0000000000
12	0.0000000000
13	0.0000000000
14	0.0000000000
15	0.0000000000
16	0.0000000000
17	0.0000000000
18	0.0000000000
19	0.0000000000
20	0.1250000000
22	0.0000000000
23	0.2000000000
24	0.0000000000
25	0.0000000000
26	0.0000000000
27	0.0000000000
28	0.0000000000
29	0.0000000000
30	0.0000000000
31	0.1176470588
32	0.0000000000
33	0.0000000000
34	0.0000000000
35	0.0000000000
36	0.0000000000
37	0.0000000000
38	0.0000000000
39	0.0000000000
40	0.0000000000
41	0.0000000000
42	0.0000000000
43	0.0000000000
44	0.0000000000
45	0.0000000000
46	0.1111111111
47	0.0000000000
48	0.0000000000
49	0.0000000000
50	0.0000000000
51	0.0000000000
52	0.0000000000
53	0.0000000000
54	0.0000000000
55	0.0000000000
56	0.0000000000
57	0.0000000000
58	0.0000000000
59	0.0000000000
60	0.0000000000
61	0.0000000000
62	0.0000000000
63	0.0000000000
64	0.0000000000
65	0.0000000000
66	0.0000000000
67	0.0000000000
68	0.0000000000
69	0.0000000000
70	0.0000000000
71	0.0000000000
72	0.0000000000
73	0.0000000000
74	0.0000000000
75	0.0000000000
76	0.0000000000
77	0.0000000000
78	0.0000000000
79	0.0000000000
80	0.0000000000
81	0.0000000000
82	0.0000000000
83	0.0000000000
84	0.0000000000
85	0.0000000000
86	0.0000000000
87	0.0000000000
88	0.0000000000
89	0.0000000000
90	0.0000000000
91	0.0000000000
92	0.0000000000
2 23 3	0.1016949153
21 7 60	0.5000000000
1 52	0.3015873016
21 53	0.1000000000
1 32 2	0.1428571429
21 52 47	0.2929936306
4 7 14	0.3333333333
23 6	0.2173913043
31 7 52	0.3594771242
23 53	0.0434782609
21 52	0.2968750000
1 6 57	0.4594594595
21 47	0.1956521739
23 59 59	0.2777777778
1 49	0.1294117647
31 3	0.3164556962
4 60 52	0.3684210526
23 7	0.2727272727
1 59 1	0.4259259259
31 20	0.5000000000
21 7	0.2631578947
4 53 53	0.1500000000
31 6	0.2068965517
31 3 52	0.3903743316
4 1	0.3125000000
23 78	0.3571428571
31 15	0.1600000000
1 3 13	0.1375661376
1 14	0.3000000000
23 11	0.5000000000
21 50 1	0.4687500000
21 6	0.1826923077
23 11 54	0.2777777778
21 49 52	0.2789699571
4 6 49	0.1172839506
23 49	0.0845070423
23 52	0.3529411765
4 6	0.1111111111
23 48 6	0.2758620690
1 3 57	0.3888888889
21 50 52	0.4736842105
4 57 6	0.1714285714
21 6 3	0.2015503876
4 14 6	0.2400000000
21 54	0.2941176471
1 52 14	0.6666666667
31 7	0.3333333333
4 52	0.2857142857
31 75 52	0.5925925926
23 3	0.1818181818
4 47 13	0.0909090909
1 60 3	0.1296296296
21 13 8	0.2045454545
1 2 1	0.2500000000
23 47 6	0.2213114754
21 13 52	0.2970297030
23 48	0.3076923077
1 6 59	0.3703703704
1 54	0.3571428571
1 49 20	0.5190839695
31 49	0.1400000000
21 32 59	0.3260869565
21 47 0	0.3617021277
21 3	0.1348314607
31 3 47	0.2341463415
1 1	0.3809523810
23 70 15	0.3076923077
21 6 6	0.2273504274
23 13	0.0943396226
1 13 52	0.3488372093
23 59 7	0.4285714286
1 6	0.1475409836
31 32	0.2727272727
6 4	0.1666666667
4 57 14	0.3750000000
21 13 7	0.4285714286
1 48	0.2857142857
21 54 57	0.3750000000
21 59 6	0.1673819742
1 59	0.2222222222
23 50	0.0714285714
1 3 8	0.3333333333
21 53 1	0.4042553191
31 2	0.1000000000
31 32 60	0.1818181818
23 70 19	0.2500000000
23 48 8	0.2962962963
23 6 59	0.3333333333
1 49 52	0.3954372624
23 52 13	0.1300813008
4 78	0.2857142857
21 14 7	0.2222222222
21 49	0.0952380952
2 1	0.2727272727
1 57	0.2307692308
31 20 6	0.2365591398
1 52 13	0.1433566434
21 0 3	0.1923076923
21 0	0.1538461538
1 59 78	0.5000000000
23 59 49	0.0865384615
23 6 4	0.3684210526
1 3	0.1428571429
1 49 49	0.1147058824
4 59 78	0.2500000000
21 50	0.0697674419
4 48	0.2500000000
1 53	0.0689655172
31 52 47	0.3013698630
23 52 49	0.1067961165
6 3	0.2727272727
4 10 20	0.3809523810
4 59	0.1111111111
1 3 7	0.5185185185
4 8 4	0.3000000000
23 66 3	0.3839285714
21 13 32	0.3200000000
31 52 59	0.3709677419
1 46	0.0810810811
23 13 52	0.3614457831
23 52 52	0.3943217666
4 1 3	0.1574074074
1 13	0.0681818182
1 52 1	0.4521739130
21 61 3	0.4666666667
21 6 59	0.3092783505
23 49 13	0.1358024691
1 46 3	0.1875000000
31 47	0.2727272727
23 1 1	0.4482758621
21 47 52	0.3163265306
21 15 0	0.2978723404
1 13 57	0.4782608696
23 3 1	0.4130434783
31 59	0.2272727273
31 11 49	0.0869565217
31 3 48	0.4285714286
23 49 15	0.3064516129
21 60	0.2500000000
4 3	0.1818181818
23 1	0.2777777778
21 11 50	0.0135135135
1 53 15	0.2476190476
1 4	0.3000000000
21 49 49	0.0769230769
21 54 60	0.1250000000
1 13 49	0.2570532915
31 56 52	0.3368421053
1 52 59	0.3442622951
23 3 50	0.1129032258
21 8	0.1923076923
21 69 1	0.4000000000
1 49 54	0.3000000000
23 49 11	0.4000000000
1 2 49	0.1914893617
21 6 47	0.2266666667
4 0	0.1818181818
1 6 78	0.5227272727
1 64 3	0.2307692308
23 46	0.0384615385
23 1 49	0.1104972376
1 59 52	0.3934426230
21 59	0.0857142857
21 48 52	0.3125000000
21 47 23	0.3600000000
21 1	0.3000000000
31 47 31	0.2162162162
31 52 13	0.1388888889
21 6 11	0.4528301887
23 8	0.3333333333
1 7 50	0.0600000000
23 65 3	0.3703703704
23 8 13	0.1000000000
31 78 2	0.2307692308
21 52 57	0.4042553191
31 48	0.0714285714
31 52	0.2647058824
1 52 32	0.4418604651
4 60 6	0.1363636364
1 3 63	0.0972222222
31 2 52	0.4062500000
23 52 54	0.5312500000
1 66 3	0.4295302013
21 60 3	0.1415094340
23 47	0.2272727273
1 78	0.3000000000
31 52 7	0.4642857143
1 3 46	0.0967741935
23 46 52	0.3636363636
31 13 3	0.1808510638
21 6 8	0.2543859649
4 14 7	0.2500000000
4 1 59	0.2888888889
21 52 50	0.1055276382
4 13 52	0.2962962963
3 50	0.0625000000
15 48 3	0.1794871795
51 3	0.1428571429
7 3	0.0909090909
3 52 49	0.0320000000
51 7	0.2222222222
3 59	0.1875000000
20 13	0.1176470588
56 49 13	0.1447368421
51 20	0.1724137931
64 24	0.1111111111
20 52 3	0.1526717557
51 20 57	0.2500000000
51 3 13	0.1098039216
3 13	0.2000000000
20 47	0.0666666667
7 78 3	0.2153846154
64 52 0	0.2500000000
7 3 3	0.1467889908
20 54 1	0.1612903226
51 20 13	0.0940170940
51 4	0.3750000000
3 1	0.1428571429
20 1	0.1428571429
64 24 59	0.1176470588
3 78	0.1428571429
64 3 47	0.1071428571
15 17 51	0.2333333333
51 3 3	0.1423487544
3 48 8	0.1176470588
46 49	0.1600000000
3 54 48	0.2500000000
3 47 0	0.4000000000
15 13	0.2000000000
20 50	0.0500000000
21 59 1	0.3255813953
21 13 3	0.1724137931
20 78	0.1666666667
56 59 1	0.1666666667
51 56 1	0.1071428571
56 49 59	0.1818181818
3 52	0.1000000000
15 49 21	0.4444444444
20 4 60	0.1428571429
3 13 49	0.0630252101
15 52	0.0909090909
20 52 52	0.0763358779
3 6	0.0212765957
3 2 52	0.1060606061
7 13 49	0.0524017467
56 47 53	0.0384615385
46 63 0	0.2173913043
15 49	0.0714285714
20 60	0.1250000000
46 59 59	0.1509433962
3 50 54	0.1538461538
21 51 49	0.1818181818
21 57	0.1428571429
56 52	0.0833333333
56 52 48	0.2631578947
20 6 59	0.1866666667
51 46	0.1000000000
64 3 3	0.1639344262
20 8	0.0625000000
51 3 47	0.1250000000
15 0	0.1304347826
20 6	0.0465116279
21 1 59	0.2608695652
23 59 52	0.3571428571
21 3 6	0.1938325991
21 0 1	0.4166666667
31 10 7	0.4074074074
1 60	0.3000000000
21 1 53	0.0434782609
21 53 56	0.2000000000
21 4	0.2142857143
6 18 3	0.2987012987
31 52 14	0.6774193548
23 2 78	0.2857142857
31 49 52	0.4045801527
21 59 3	0.1630434783
31 52 48	0.4210526316
23 57 59	0.2800000000
21 57 47	0.2272727273
21 49 47	0.1979695431
21 49 57	0.4117647059
1 60 6	0.2222222222
4 57 1	0.4117647059
21 6 0	0.3421052632
21 46	0.0392156863
1 32 47	0.2564102564
21 54 1	0.3448275862
31 56 49	0.1176470588
31 59 3	0.1893491124
1 49 50	0.0595238095
31 3 3	0.1773835920
23 53 6	0.2222222222
31 7 47	0.2272727273
1 32 52	0.3766233766
21 6 49	0.1024258760
21 3 63	0.0733944954
1 7	0.3571428571
1 49 13	0.0940170940
31 6 46	0.0571428571
21 8 57	0.2500000000
1 6 48	0.5268817204
1 6 60	0.3928571429
31 78	0.2727272727
21 3 13	0.1534883721
1 3 14	0.5769230769
21 52 52	0.3575268817
23 59	0.3000000000
1 57 7	0.4705882353
23 47 53	0.2173913043
1 60 13	0.0930232558
21 61 7	0.4756097561
23 3 53	0.0561797753
21 49 53	0.0641711230
21 10 20	0.4814814815
1 8 1	0.3750000000
31 60	0.1250000000
21 3 3	0.1697416974
1 8 3	0.1142857143
4 46 14	0.1428571429
21 53 3	0.2843601896
23 54	0.1666666667
31 5 20	0.5370370370
6 18	0.1111111111
1 2 3	0.2452830189
23 47 48	0.3076923077
21 13	0.0500000000
23 52 11	0.4047619048
21 54 6	0.2086330935
21 17 49	0.3809523810
4 7	0.1000000000
31 56	0.1851851852
21 54 7	0.3793103448
21 50 23	0.3333333333
1 49 7	0.4210526316
31 13 52	0.3750000000
4 60	0.1428571429
21 7 49	0.0348837209
31 56 0	0.2857142857
21 78 52	0.3448275862
1 59 32	0.4137931034
31 49 15	0.3846153846
31 64 4	0.5714285714
31 13 78	0.4166666667
21 13 60	0.1333333333
31 56 13	0.1379310345
21 49 8	0.2117647059
21 11 3	0.1653543307
31 49 78	0.4444444444
4 8	0.1666666667
31 52 1	0.4426229508
21 2 52	0.3333333333
23 50 54	0.3125000000
4 53	0.1538461538
4 7 52	0.4166666667
31 3 13	0.1197916667
21 2	0.0400000000
23 6 53	0.0714285714
23 6 46	0.0427350427
21 57 59	0.2972972973
1 1 8	0.2800000000
4 1 49	0.1118881119
21 53 20	0.4495412844
1 3 3	0.1875000000
2 23	0.3000000000
4 49	0.0555555556
1 8	0.2000000000
31 57 47	0.1111111111
31 78 59	0.1785714286
56 78 3	0.1724137931
21 11 1	0.3269230769
46 49 52	0.0649350649
3 59 6	0.0537634409
51 56 3	0.1241379310
51 20 49	0.0284360190
21 46 17	0.0419847328
20 3 52	0.1063829787
7 13 52	0.0594059406
51 20 47	0.1392405063
3 61 7	0.0833333333
56 3	0.0833333333
20 53 3	0.1571428571
7 6	0.1428571429
56 6 47	0.0967741935
3 3	0.1111111111
20 47 3	0.1400000000
21 49 1	0.3627450980
20 3	0.0454545455
20 52 54	0.2631578947
20 7 0	0.3846153846
3 6 48	0.1886792453
7 13	0.1379310345
20 49	0.0555555556
20 54 48	0.2500000000
3 57 3	0.0975609756
21 14 53	0.2264150943
51 51 20	0.1308411215
7 78 13	0.1111111111
3 50 53	0.1250000000
56 47 21	0.0769230769
21 7 3	0.1318681319
46 59 52	0.1009174312
3 47	0.0588235294
56 32 3	0.1724137931
64 4 47	0.1000000000
20 52	0.0800000000
3 6 3	0.1596958175
21 11	0.1250000000
15 59	0.2222222222
15 0 0	0.2307692308
3 10 20	0.1666666667
56 52 3	0.1230769231
3 13 13	0.1052631579
64 3 54	0.2222222222
15 47	0.1111111111
3 53 52	0.0588235294
56 49	0.0714285714
21 6 13	0.1465116279
3 11 1	0.1304347826
51 56	0.0606060606
7 49	0.0750000000
7 60 13	0.1500000000
3 4 1	0.0666666667
20 54 52	0.0600000000
7 52	0.0714285714
56 60 3	0.1538461538
51 3 11	0.2307692308
21 49 59	0.2094240838
56 49 49	0.0370370370
46 59 3	0.1447368421
15 47 3	0.0571428571
21 54 3	0.1487603306
2 20	0.0909090909
56 52 1	0.1730769231
3 52 8	0.1153846154
2 20 1	0.1851851852
3 6 59	0.1590909091
51 56 66	0.0158730159
21 10 7	0.4242424242
20 1 59	0.0952380952
3 1 3	0.1720430108
3 61 46	0.1333333333
46 5 59	0.0666666667
56 13	0.1666666667
3 11 6	0.0588235294
20 6 47	0.1250000000
7 47 8	0.0740740741
3 47 66	0.0212765957
20 59 53	0.0666666667
15 48 0	0.2000000000
56 13 49	0.0645161290
20 11 78	0.2500000000
3 6 78	0.2000000000
56 48	0.1000000000
31 61 3	0.4310344828
21 13 6	0.2078651685
23 7 0	0.2608695652
21 49 15	0.2477876106
21 32 57	0.4400000000
6 3 78	0.2307692308
21 47 57	0.4358974359
21 7 52	0.3058823529
1 52 57	0.4047619048
23 13 49	0.2476190476
4 46	0.0666666667
23 13 6	0.2587412587
4 14 54	0.3750000000
4 6 59	0.3529411765
23 50 21	0.6153846154
31 78 78	0.3571428571
1 50	0.0400000000
1 46 1	0.3823529412
1 52 60	0.4736842105
23 47 4	0.2400000000
23 49 49	0.1137254902
31 5 7	0.4464285714
21 14 0	0.2608695652
31 51 24	0.3636363636
23 6 13	0.1329787234
23 4 11	0.2857142857
31 3 59	0.3725490196
1 8 78	0.2000000000
1 52 50	0.1104651163
4 3 3	0.1800000000
21 11 78	0.4230769231
21 32 60	0.3000000000
1 49 47	0.2920353982
31 3 2	0.0423728814
1 32 7	0.3076923077
31 52 78	0.3200000000
6 29 7	0.2380952381
4 52 53	0.1500000000
23 11 6	0.2043010753
21 13 57	0.5185185185
23 46 14	0.2500000000
1 57 47	0.2500000000
31 32 6	0.2500000000
1 6 53	0.1333333333
21 48	0.1250000000
1 49 18	0.1538461538
21 57 1	0.3000000000
21 13 48	0.2631578947
23 7 8	0.2222222222
4 49 59	0.2941176471
4 7 3	0.1666666667
31 13 49	0.2509652510
21 52 3	0.1718309859
21 60 1	0.4857142857
1 49 6	0.2417061611
1 3 11	0.2647058824
21 78	0.1666666667
21 13 13	0.1359223301
21 78 13	0.1639344262
21 60 2	0.0769230769
4 1 13	0.1086956522
31 59 14	0.6538461538
21 53 46	0.0760869565
23 47 8	0.3414634146
21 57 8	0.2820512821
31 13	0.0555555556
21 14	0.2666666667
1 7 1	0.3902439024
20 2 57	0.3636363636
3 48 13	0.1285714286
3 47 53	0.1111111111
3 13 52	0.0849056604
46 49 1	0.2115384615
20 54 47	0.0689655172
3 52 47	0.1097560976
21 53 4	0.2777777778
21 46 1	0.3148148148
7 2 13	0.2083333333
3 52 3	0.1488095238
3 14 17	0.0454545455
15 0 8	0.0555555556
56 6	0.0769230769
20 11	0.1000000000
3 11	0.1000000000
51 7 3	0.1421052632
20 57 14	0.2000000000
3 1 60	0.1000000000
20 54	0.0909090909
3 13 7	0.0625000000
15 3	0.1176470588
20 15 0	0.1702127660
51 77 21	0.1111111111
21 47 3	0.1554621849
56 47	0.0909090909
3 14 53	0.0833333333
7 77 27	0.1000000000
3 3 51	0.2181818182
20 64 4	0.0909090909
46 5 49	0.1410256410
20 53	0.0526315789
20 15 17	0.1052631579
7 2 52	0.1315789474
21 6 14	0.5686274510
1 66 56	0.1388888889
23 8 7	0.5000000000
23 6 29	0.0740740741
4 11 3	0.1000000000
1 6 14	0.5312500000
31 3 46	0.0905172414
4 57 3	0.1515151515
23 1 57	0.5909090909
6 3 52	0.3454545455
23 46 3	0.1666666667
21 64 24	0.1200000000
1 7 52	0.3750000000
1 54 52	0.3733333333
4 53 46	0.0357142857
1 54 54	0.2500000000
1 52 52	0.4218750000
23 52 59	0.2882882883
23 3 52	0.3705583756
1 1 6	0.3511450382
1 2 52	0.4193548387
23 13 63	0.0909090909
21 52 4	0.1785714286
31 49 6	0.2500000000
31 15 6	0.2456140351
4 13	0.0666666667
4 53 52	0.4000000000
23 48 1	0.4285714286
23 78 8	0.3571428571
23 13 57	0.4285714286
21 13 63	0.1007751938
31 52 3	0.1705882353
1 13 6	0.2566371681
23 3 6	0.2654028436
23 14	0.2000000000
4 13 3	0.1746031746
31 67 1	0.4210526316
23 13 3	0.1701030928
1 48 54	0.2666666667
31 47 6	0.2042253521
2 4	0.1111111111
1 59 59	0.3456790123
21 1 52	0.2656250000
21 57 14	0.3684210526
21 0 49	0.0923076923
23 42 47	0.2000000000
31 5 56	0.2127659574
1 46 61	0.1710526316
23 3 7	0.5000000000
23 42 6	0.2727272727
31 49 11	0.5652173913
4 7 7	0.3000000000
21 2 6	0.1616161616
4 11 50	0.1875000000
1 14 52	0.3571428571
1 53 20	0.5384615385
1 57 8	0.3225806452
31 11 14	0.2857142857
23 57 6	0.2250000000
21 11 46	0.0714285714
4 11	0.2857142857
23 47 7	0.4090909091
23 7 57	0.2222222222
4 66 7	0.4074074074
23 13 14	0.6666666667
1 52 53	0.1325966851
23 2 52	0.4237288136
4 57 13	0.0833333333
21 3 7	0.3333333333
31 51 7	0.3827160494
23 48 7	0.5000000000
21 47 31	0.1571428571
31 56 3	0.2192982456
1 32	0.0769230769
23 3 48	0.2909090909
4 52 8	0.2857142857
4 17 59	0.4193548387
31 3 6	0.2367816092
1 6 13	0.1462450593
1 52 8	0.3111111111
23 6 78	0.4193548387
1 52 3	0.1732954545
1 60 54	0.3076923077
1 7 6	0.2222222222
21 13 49	0.1961206897
31 49 7	0.3818181818
31 15 52	0.3200000000
31 6 0	0.2500000000
23 57	0.3333333333
31 47 4	0.3913043478
1 13 78	0.4400000000
2 23 6	0.1702127660
31 13 47	0.2173913043
31 59 8	0.2666666667
21 69 21	0.7619047619
1 11 3	0.2142857143
2 23 52	0.3333333333
23 3 14	0.5454545455
21 52 60	0.3902439024
2 23 7	0.4000000000
23 52 3	0.1788079470
23 1 6	0.3061224490
23 52 60	0.3947368421
21 6 7	0.4242424242
21 11 49	0.0476190476
31 59 7	0.5217391304
6 24	0.1111111111
1 54 1	0.3777777778
31 6 8	0.2500000000
21 65 22	0.2500000000
1 52 0	0.2758620690
23 49 7	0.4239130435
1 13 3	0.1917808219
23 53 52	0.3500000000
21 61 20	0.4583333333
4 57	0.2500000000
21 78 78	0.4000000000
23 32	0.1111111111
1 59 7	0.4642857143
23 10 20	0.5600000000
21 4 6	0.1909090909
23 52 78	0.4250000000
23 3 59	0.3519553073
1 11	0.1538461538
31 13 6	0.2432432432
31 7 6	0.2429378531
21 49 11	0.3469387755
4 53 47	0.1875000000
23 13 20	0.2666666667
23 6 6	0.2658227848
21 59 32	0.3125000000
23 11 60	0.2500000000
7 52 52	0.0784313725
15 3 51	0.2307692308
21 4 11	0.2000000000
7 49 13	0.0918367347
3 6 13	0.1404494382
7 47	0.0588235294
15 49 46	0.0370370370
21 54 14	0.3157894737
51 56 0	0.1374045802
51 15 17	0.1095890411
3 48 3	0.1279069767
21 11 47	0.2280701754
3 3 13	0.1573033708
51 3 52	0.0877192982
2 20 17	0.0689655172
46 59	0.0526315789
21 32 3	0.1376811594
7 47 53	0.0681818182
20 6 3	0.1523437500
64 3 50	0.0833333333
20 52 47	0.1311475410
3 2 3	0.0750000000
20 6 6	0.0260869565
3 32 52	0.0400000000
56 13 54	0.2222222222
7 2 3	0.1785714286
7 13 13	0.0990099010
20 49 48	0.0625000000
46 49 8	0.1063829787
51 56 59	0.1176470588
64 3 60	0.1250000000
21 57 52	0.3116883117
20 11 6	0.0588235294
21 49 6	0.1601049869
21 3 78	0.2500000000
2 3 59	0.2000000000
3 53	0.0625000000
3 59 54	0.2000000000
3 3 6	0.0625000000
7 32 13	0.1842105263
15 6 3	0.1206896552
20 57 6	0.0606060606
15 3 52	0.0925925926
56 52 14	0.0909090909
20 52 13	0.1307692308
46 5	0.0500000000
56 48 60	0.1111111111
46 20 59	0.2000000000
3 6 47	0.1515151515
46 59 57	0.2500000000
7 52 3	0.1184210526
20 49 20	0.1833333333
21 88 57	0.1428571429
51 56 47	0.1311475410
15 10 4	0.5454545455
51 20 1	0.1730769231
51 20 6	0.0502092050
7 49 54	0.2857142857
3 13 51	0.1818181818
21 46 60	0.2727272727
21 66 56	0.1444444444
3 66 7	0.1951219512
7 78 6	0.0312500000
51 2 3	0.0937500000
3 8	0.0714285714
20 52 50	0.0895522388
20 13 78	0.1666666667
20 49 13	0.1145833333
3 52 52	0.0691823899
46 49 14	0.1379310345
20 65 24	0.1111111111
3 52 78	0.3200000000
7 13 8	0.0800000000
7 49 42	0.2857142857
56 59 49	0.0333333333
7 49 20	0.1428571429
51 56 17	0.0816326531
21 6 1	0.4078947368
51 7 13	0.0785714286
20 1 3	0.1720430108
3 7 8	0.0588235294
46 49 13	0.0844155844
56 52 60	0.1764705882
3 52 59	0.0701754386
20 49 59	0.0892857143
56 14 3	0.1176470588
56 3 13	0.1250000000
51 51 4	0.4444444444
7 49 24	0.1111111111
15 10 3	0.1636363636
15 13 47	0.1250000000
21 46 53	0.1774193548
51 56 52	0.0677966102
31 47 21	0.7619047619
1 2	0.0588235294
31 20 52	0.4070351759
21 0 52	0.3235294118
23 11 52	0.3469387755
1 6 49	0.1070559611
1 11 1	0.4000000000
23 66 56	0.1369863014
21 6 57	0.4363636364
21 60 52	0.3536585366
4 1 7	0.4000000000
1 50 1	0.4615384615
21 1 2	0.0930232558
4 13 14	0.4000000000
1 78 54	0.1818181818
1 59 6	0.2681564246
4 6 3	0.1793103448
23 1 52	0.3571428571
23 1 32	0.4166666667
21 3 52	0.3040000000
23 50 78	0.2000000000
1 49 53	0.0531914894
21 49 0	0.3250000000
31 59 6	0.2642857143
23 6 47	0.2549019608
23 14 0	0.1818181818
21 8 53	0.1500000000
23 59 1	0.3902439024
21 52 11	0.4000000000
31 47 49	0.0825688073
4 52 48	0.3529411765
1 57 3	0.1785714286
21 47 7	0.3877551020
4 11 8	0.4000000000
31 15 13	0.1333333333
31 59 49	0.0837004405
21 47 21	0.7333333333
31 3 57	0.4202898551
1 57 59	0.3030303030
4 0 47	0.1538461538
31 47 23	0.3500000000
31 59 1	0.4666666667
23 8 49	0.0666666667
4 3 78	0.2000000000
4 60 47	0.0769230769
1 53 56	0.2297297297
4 8 1	0.3571428571
21 64 4	0.5862068966
21 49 22	0.2068965517
2 23 49	0.0684931507
21 3 48	0.2446808511
23 3 47	0.2448979592
31 82 29	0.1176470588
21 50 54	0.2777777778
23 46 1	0.3500000000
31 14 13	0.2307692308
4 46 6	0.1304347826
21 66 3	0.3347826087
1 69 21	0.7619047619
1 32 14	0.3846153846
31 3 1	0.4720000000
23 1 7	0.5000000000
23 50 14	0.5000000000
31 52 11	0.3928571429
23 59 3	0.1917808219
21 32	0.1176470588
4 6 47	0.2600000000
31 49 50	0.0394736842
4 6 6	0.2547169811
23 78 47	0.2083333333
23 65 20	0.2727272727
21 52 49	0.0867850099
4 52 52	0.3559322034
31 46 61	0.1935483871
2 1 6	0.1754385965
21 2 49	0.1437500000
23 7 1	0.3870967742
23 66 7	0.4333333333
21 6 60	0.3793103448
23 49 46	0.0467289720
1 3 1	0.4385964912
31 49 13	0.0757575758
23 57 7	0.4736842105
1 64 4	0.5789473684
21 11 6	0.1958762887
31 56 6	0.2346938776
21 53 57	0.4090909091
31 20 8	0.3703703704
31 6 6	0.2372881356
21 60 32	0.2000000000
21 50 18	0.1164383562
2 1 60	0.2000000000
4 47 8	0.2666666667
21 1 8	0.2244897959
23 57 49	0.0686274510
1 6 1	0.4166666667
31 56 47	0.2244897959
23 49 52	0.4474885845
1 48 6	0.2842105263
1 1 78	0.3333333333
4 47	0.0909090909
1 52 31	0.3157894737
1 53 57	0.2727272727
4 10 7	0.5882352941
1 7 3	0.1666666667
21 1 1	0.3111111111
21 7 1	0.3088235294
31 6 7	0.3600000000
23 52 14	0.6250000000
21 47 6	0.1654676259
21 49 32	0.2258064516
21 7 6	0.1481481481
23 14 13	0.1200000000
6 24 57	0.3636363636
1 48 49	0.0785714286
1 6 6	0.2599388379
23 59 6	0.2733812950
21 66 21	0.3333333333
15 47 60	0.1250000000
20 46 1	0.2000000000
7 61 20	0.1875000000
3 59 1	0.1666666667
46 49 6	0.0689655172
21 13 51	0.0422535211
21 60 13	0.1511627907
20 8 3	0.1142857143
56 61 20	0.2222222222
46 59 1	0.1111111111
3 53 56	0.1395348837
21 59 59	0.2545454545
3 47 52	0.1111111111
15 0 59	0.0370370370
20 6 1	0.1846153846
21 32 53	0.0625000000
3 8 3	0.1142857143
21 47 48	0.3809523810
51 3 53	0.0769230769
3 8 1	0.1250000000
4 70 18	0.1538461538
1 49 78	0.5000000000
31 3 53	0.0567010309
1 52 49	0.1057884232
31 47 52	0.3950617284
1 1 3	0.1750000000
21 6 78	0.4411764706
21 10 3	0.3396226415
23 14 3	0.1176470588
21 6 46	0.0395683453
1 1 13	0.1027397260
1 6 54	0.4375000000
21 13 11	0.3928571429
23 52 48	0.5121951220
21 47 49	0.0726495726
4 59 14	0.3333333333
1 6 7	0.4000000000
1 7 47	0.1739130435
4 13 57	0.3636363636
4 6 14	0.5333333333
1 4 49	0.0517241379
31 49 57	0.5555555556
23 50 52	0.5217391304
21 47 50	0.0434782609
6 36 56	0.1000000000
1 50 57	0.2500000000
2 1 14	0.5000000000
23 6 18	0.1538461538
23 47 52	0.3820224719
1 6 46	0.0533333333
31 3 50	0.0892857143
1 53 19	0.3333333333
21 54 11	0.3548387097
1 46 52	0.3636363636
1 53 3	0.3831775701
21 52 78	0.2857142857
23 6 57	0.4166666667
1 48 52	0.3623188406
4 13 6	0.2619047619
23 1 59	0.2857142857
23 49 14	0.5000000000
56 49 8	0.0800000000
7 61 56	0.0833333333
20 2 8	0.1176470588
3 8 57	0.0909090909
20 52 49	0.0396039604
20 11 47	0.1071428571
56 59 52	0.0535714286
7 13 7	0.0769230769
21 2 13	0.1764705882
3 11 8	0.1428571429
15 0 57	0.1500000000
7 32 49	0.0588235294
3 1 57	0.3333333333
3 47 6	0.0224719101
20 7 1	0.2307692308
7 13 51	0.1724137931
7 59 42	0.1666666667
21 7 50	0.0779220779
3 11 3	0.1186440678
21 49 4	0.2435897436
21 7 11	0.2000000000
23 49 59	0.3376623377
31 32 59	0.3333333333
31 59 52	0.3795620438
31 20 1	0.4521739130
1 3 52	0.3645320197
4 0 3	0.1777777778
23 14 52	0.4186046512
31 52 8	0.2500000000
21 49 13	0.1165803109
31 7 57	0.4074074074
21 59 14	0.4333333333
23 52 47	0.2575757576
21 14 6	0.1538461538
1 48 59	0.2857142857
23 78 52	0.3529411765
21 8 24	0.2857142857
23 32 6	0.2727272727
1 50 49	0.0303030303
31 82 4	0.5789473684
31 6 3	0.1879194631
4 53 3	0.2826086957
1 48 8	0.2857142857
1 68 3	0.3333333333
4 49 4	0.3684210526
1 57 14	0.5625000000
31 49 20	0.4102564103
6 18 8	0.2000000000
4 53 54	0.3750000000
21 69 4	0.2000000000
1 54 6	0.2547169811
31 7 49	0.0982905983
23 49 32	0.5357142857
1 60 57	0.3636363636
21 11 52	0.2424242424
1 52 7	0.5306122449
21 70 18	0.0967741935
23 53 15	0.3026315789
1 32 32	0.3846153846
23 52 53	0.1357142857
1 13 11	0.4761904762
1 11 59	0.2424242424
21 50 7	0.2631578947
31 75 18	0.1783439490
4 14	0.1250000000
21 52 1	0.4070796460
31 56 78	0.2500000000
21 32 52	0.2727272727
31 5 24	0.4444444444
23 10 15	0.2786885246
1 60 7	0.4000000000
1 32 13	0.1111111111
1 8 13	0.0625000000
1 59 3	0.1990521327
21 49 7	0.3592814371
1 13 8	0.2666666667
23 47 0	0.2500000000
21 49 14	0.3409090909
21 6 32	0.3773584906
23 70 18	0.1538461538
1 1 2	0.1724137931
1 49 15	0.3370786517
21 59 52	0.2500000000
1 4 31	0.1818181818
23 59 2	0.0967741935
21 3 57	0.2800000000
23 53 20	0.5625000000
21 65 20	0.2580645161
1 52 78	0.3720930233
1 69 1	0.3953488372
4 70 54	0.2000000000
31 20 14	0.4444444444
23 59 57	0.3461538462
23 53 11	0.2727272727
51 56 49	0.0425531915
3 13 8	0.0666666667
7 49 1	0.1956521739
20 6 4	0.1129032258
2 20 0	0.3000000000
20 6 0	0.4000000000
7 3 50	0.0851063830
7 49 0	0.1875000000
3 59 78	0.1578947368
51 3 6	0.0604838710
56 52 7	0.0769230769
21 7 8	0.1388888889
3 47 3	0.1142857143
51 7 17	0.1500000000
56 49 6	0.0389610390
7 10 7	0.1956521739
15 52 60	0.1111111111
51 56 6	0.0526315789
56 46 17	0.1176470588
56 47 48	0.2500000000
20 3 5	0.0476190476
20 52 1	0.1351351351
20 54 49	0.0319148936
21 66 7	0.3475177305
7 6 1	0.1463414634
23 7 50	0.0540540541
21 65 7	0.1568627451
1 66 24	0.2500000000
31 5 15	0.2551020408
31 61 7	0.5116279070
2 23 1	0.3750000000
21 46 52	0.2203389831
1 32 3	0.1720430108
4 3 59	0.3194444444
1 54 57	0.3600000000
1 11 7	0.4117647059
23 1 3	0.1726618705
4 57 47	0.1428571429
1 49 32	0.3947368421
23 32 52	0.3428571429
1 8 11	0.2307692308
1 66 59	0.3157894737
4 3 63	0.0937500000
31 78 13	0.1458333333
1 6 32	0.3461538462
23 4 48	0.2500000000
1 48 60	0.0909090909
23 6 11	0.4074074074
21 1 6	0.2288557214
1 65 20	0.2000000000
1 67 3	0.3333333333
1 8 59	0.2857142857
31 2 3	0.3166666667
21 65 3	0.2765957447
4 6 4	0.2051282051
23 47 3	0.1923076923
20 70 19	0.1818181818
51 15 6	0.0714285714
51 20 78	0.5294117647
3 11 7	0.0833333333
15 0 52	0.0673076923
3 2 57	0.3636363636
3 3 52	0.0925925926
7 47 57	0.3125000000
7 52 57	0.2727272727
15 49 6	0.0810810811
56 47 0	0.2857142857
20 32 52	0.0400000000
15 10 7	0.1860465116
21 8 42	0.1428571429
56 61 24	0.1250000000
46 49 57	0.3200000000
21 47 8	0.2222222222
3 52 13	0.1019108280
21 47 14	0.4594594595
7 6 3	0.1739130435
20 57 13	0.0638297872
15 77 27	0.0909090909
20 32 11	0.1000000000
3 6 57	0.2692307692
15 6 53	0.0833333333
21 14 78	0.3000000000
7 52 42	0.2857142857
51 3 78	0.2325581395
51 7 49	0.0445344130
20 52 59	0.0961538462
3 59 8	0.1071428571
7 49 57	0.3500000000
21 14 52	0.3142857143
56 52 59	0.1333333333
3 57 57	0.3333333333
20 50 3	0.0975609756
7 47 27	0.1363636364
20 8 14	0.1000000000
51 7 1	0.1692307692
15 6 0	0.2500000000
56 53 46	0.2307692308
51 3 57	0.2439024390
7 2 49	0.0731707317
21 59 47	0.2000000000
21 47 42	0.1428571429
56 2 49	0.0555555556
56 13 3	0.1636363636
20 59 78	0.1111111111
20 6 48	0.1785714286
21 3 46	0.0512820513
4 10 15	0.3000000000
4 59 1	0.3846153846
1 6 4	0.2911392405
21 69 31	0.1379310345
31 13 13	0.1842105263
4 48 6	0.2631578947
1 61 3	0.3181818182
21 78 3	0.1772151899
23 49 29	0.0625000000
1 1 57	0.4705882353
1 2 59	0.2727272727
4 59 32	0.3076923077
23 4 1	0.3125000000
23 11 11	0.2380952381
1 65 3	0.4230769231
23 78 7	0.4705882353
23 8 4	0.4444444444
31 60 49	0.0851063830
1 4 52	0.3200000000
31 5 3	0.3769230769
23 10 7	0.5593220339
21 64 52	0.4285714286
21 4 52	0.2368421053
1 54 3	0.1777777778
21 49 20	0.4476744186
4 6 57	0.5000000000
21 47 13	0.1007194245
31 7 3	0.1621621622
2 4 53	0.2608695652
31 59 32	0.4000000000
4 6 7	0.4444444444
6 3 13	0.1016949153
1 61 7	0.4400000000
1 11 52	0.3611111111
21 3 47	0.2212389381
6 3 50	0.1250000000
4 1 6	0.3048780488
21 47 32	0.1600000000
21 75 52	0.4444444444
31 64 52	0.5882352941
1 13 47	0.2698412698
23 7 52	0.3783783784
23 59 60	0.1428571429
23 1 54	0.3000000000
3 1 14	0.1000000000
7 59 3	0.1267605634
20 67 20	0.1250000000
15 52 47	0.0740740741
20 13 3	0.1492537313
7 14 13	0.1666666667
56 6 6	0.0677966102
20 2 13	0.1176470588
20 13 1	0.1578947368
51 15 59	0.1463414634
56 6 1	0.1481481481
15 6 50	0.0869565217
15 6 60	0.1428571429
15 0 1	0.1904761905
21 7 66	0.0129870130
51 15 47	0.1086956522
56 52 8	0.1219512195
21 59 49	0.0808823529
20 70 18	0.0555555556
7 6 8	0.0882352941
21 48 59	0.2105263158
21 77 21	0.7619047619
4 0 6	0.1627906977
1 49 57	0.4857142857
21 52 2	0.0500000000
4 48 3	0.1562500000
23 3 3	0.1658986175
21 14 32	0.1818181818
4 59 3	0.1818181818
23 47 21	0.7619047619
1 59 49	0.0972222222
31 13 46	0.1000000000
23 47 57	0.4000000000
21 54 78	0.3750000000
1 53 52	0.3333333333
4 1 2	0.0909090909
21 53 11	0.2608695652
1 52 11	0.3555555556
6 3 53	0.0714285714
21 47 59	0.2452830189
4 3 47	0.2727272727
23 66 15	0.2580645161
21 60 6	0.2477876106
31 82 18	0.1702127660
21 13 14	0.5416666667
1 1 7	0.4615384615
31 10 15	0.2000000000
21 52 48	0.4444444444
1 66 15	0.2786885246
4 1 52	0.3209876543
21 59 78	0.3095238095
21 32 48	0.4285714286
31 49 1	0.4230769231
4 14 14	0.1666666667
31 48 20	0.3333333333
23 50 3	0.1929824561
21 32 13	0.0984848485
31 3 4	0.4042553191
1 3 48	0.3207547170
31 56 14	0.4375000000
23 49 48	0.2028985507
31 7 2	0.0833333333
1 70 4	0.4545454545
21 14 50	0.0425531915
31 78 49	0.1168831169
21 78 47	0.2702702703
1 3 6	0.2549019608
31 51 15	0.2711864407
23 49 4	0.3773584906
2 4 11	0.5000000000
31 56 57	0.2631578947
23 8 3	0.0980392157
1 48 13	0.1578947368
23 49 54	0.2222222222
31 3 11	0.3043478261
21 3 32	0.2777777778
23 13 13	0.1242603550
31 52 52	0.4095744681
1 14 14	0.4000000000
1 1 52	0.3801652893
1 50 52	0.5319148936
23 7 3	0.1739130435
21 8 6	0.2000000000
6 4 46	0.0833333333
21 0 4	0.3333333333
31 7 7	0.6000000000
21 50 6	0.1190476190
6 4 8	0.1666666667
23 1 11	0.4210526316
4 66 15	0.2000000000
31 20 47	0.2043010753
23 53 78	0.2222222222
31 7 13	0.1230769231
23 65 7	0.2424242424
20 2 49	0.0344827586
21 47 78	0.4400000000
3 52 50	0.0784313725
20 13 13	0.1090909091
3 32 57	0.3000000000
20 6 53	0.0476190476
51 3 1	0.1250000000
51 7 50	0.0555555556
20 57 48	0.2500000000
15 52 49	0.0370370370
20 53 4	0.3684210526
20 67 3	0.1111111111
3 13 78	0.1428571429
7 3 52	0.0900000000
20 7 17	0.1470588235
7 6 0	0.3636363636
64 36 3	0.0967741935
3 53 19	0.2222222222
51 15 52	0.0864197531
7 61 22	0.1428571429
3 3 3	0.1636363636
56 6 59	0.0769230769
20 7 13	0.0909090909
56 48 13	0.0625000000
21 60 42	0.1250000000
7 49 52	0.0879120879
56 49 7	0.1666666667
51 3 50	0.0588235294
7 61 4	0.6428571429
20 47 47	0.0476190476
46 63 3	0.0571428571
21 54 54	0.3076923077
56 52 49	0.0206896552
20 46 3	0.1153846154
3 52 11	0.2058823529
21 63 0	0.1964285714
7 3 13	0.1224489796
51 3 66	0.0238095238
51 7 52	0.1176470588
46 59 14	0.1666666667
15 0 6	0.0610687023
7 14 3	0.1379310345
15 59 3	0.1555555556
20 52 8	0.1176470588
7 14 52	0.1000000000
56 47 3	0.0789473684
7 49 49	0.0243902439
64 24 1	0.1666666667
21 2 59	0.2830188679
20 3 51	0.1764705882
23 59 53	0.0476190476
23 11 7	0.5000000000
31 3 8	0.3773584906
23 50 46	0.0512820513
1 64 52	0.4761904762
1 59 11	0.4516129032
21 1 3	0.1618257261
31 78 3	0.1562500000
23 70 52	0.3529411765
23 78 11	0.1666666667
21 1 32	0.2777777778
23 3 4	0.2941176471
21 3 59	0.2964169381
1 4 1	0.2857142857
21 50 14	0.5454545455
4 11 52	0.2777777778
6 4 57	0.1250000000
4 68 19	0.2857142857
21 1 60	0.2173913043
56 3 59	0.0909090909
51 51 3	0.0833333333
20 32 42	0.1666666667
7 6 47	0.1060606061
20 47 11	0.2000000000
20 54 7	0.0588235294
15 3 47	0.1111111111
20 10 7	0.2631578947
20 49 11	0.1333333333
3 32 13	0.0645161290
3 4 13	0.0909090909
21 73 50	0.1538461538
3 6 42	0.1666666667
20 3 3	0.1666666667
64 9 20	0.2500000000
7 13 3	0.1693548387
15 49 47	0.1500000000
51 20 3	0.0994475138
7 6 49	0.0250000000
3 52 57	0.1333333333
3 48 50	0.0833333333
7 52 13	0.1166666667
7 47 0	0.3478260870
4 59 49	0.1000000000
1 4 7	0.3000000000
21 8 50	0.0303030303
21 66 15	0.1833333333
23 2 13	0.2666666667
21 1 78	0.3611111111
4 66 56	0.1333333333
31 59 48	0.5000000000
21 2 57	0.4705882353
4 48 32	0.2000000000
23 46 7	0.1250000000
21 54 52	0.2843137255
4 3 13	0.0879120879
1 10 7	0.5869565217
3 48 47	0.1463414634
46 73 50	0.1904761905
46 49 11	0.2000000000
46 49 59	0.0810810811
3 8 49	0.0212765957
7 13 54	0.1111111111
3 48 53	0.0810810811
3 32 47	0.0714285714
51 3 59	0.0970873786
20 50 50	0.0588235294
51 7 47	0.0941176471
20 11 14	0.2000000000
46 20 52	0.0833333333
56 3 57	0.1764705882
51 20 7	0.0652173913
21 59 42	0.1428571429
21 3 51	0.0451127820
15 3 59	0.0535714286
20 13 54	0.1111111111
46 63 60	0.1818181818
56 47 8	0.0555555556
31 6 13	0.1495327103
23 7 49	0.0833333333
21 8 13	0.0535714286
4 52 54	0.3571428571
4 8 49	0.0571428571
31 75 3	0.1714285714
31 47 8	0.3055555556
1 61 20	0.4000000000
31 7 14	0.7000000000
21 13 46	0.0521739130
1 6 8	0.2972972973
23 61 24	0.2500000000
23 59 47	0.2575757576
6 24 14	0.5000000000
6 24 6	0.2000000000
1 59 48	0.5151515152
21 17 59	0.4193548387
1 78 14	0.4545454545
31 56 4	0.2727272727
23 8 46	0.1190476190
21 13 47	0.2553191489
51 20 52	0.0852272727
20 53 56	0.1200000000
3 59 3	0.1759259259
15 47 6	0.0212765957
46 49 49	0.0277777778
56 3 3	0.1216216216
3 13 48	0.1666666667
56 59 78	0.2142857143
20 2 52	0.1034482759
56 6 54	0.1666666667
7 49 7	0.1777777778
15 48 47	0.1052631579
20 47 0	0.4000000000
3 61 3	0.1428571429
20 14 52	0.0967741935
3 48 1	0.1000000000
3 50 60	0.1250000000
15 47 54	0.0909090909
3 32 54	0.1666666667
20 13 48	0.1666666667
7 47 48	0.3636363636
3 57 78	0.2000000000
56 49 56	0.0909090909
3 10 4	0.3750000000
3 60 47	0.0588235294
46 46 6	0.0434782609
56 3 50	0.0882352941
51 15 0	0.1690140845
7 47 52	0.0806451613
3 6 4	0.1315789474
20 49 21	0.6153846154
51 56 48	0.1428571429
3 7 6	0.0370370370
21 65 52	0.3636363636
3 70 19	0.1818181818
7 52 48	0.2173913043
64 29 7	0.2380952381
3 52 14	0.1000000000
20 52 57	0.1428571429
3 59 57	0.2222222222
1 67 23	0.3200000000
31 47 53	0.1372549020
31 61 20	0.5384615385
23 52 1	0.4500000000
21 13 78	0.4166666667
4 47 47	0.2500000000
1 52 2	0.1038961039
31 78 52	0.2641509434
6 24 52	0.3846153846
21 1 14	0.4347826087
23 8 8	0.2083333333
23 49 1	0.4255319149
23 6 14	0.6250000000
23 13 8	0.2222222222
23 57 46	0.1111111111
1 52 47	0.3000000000
23 48 52	0.3620689655
31 2 47	0.3076923077
1 53 1	0.4117647059
31 2 6	0.3142857143
31 7 1	0.4590163934
31 53 20	0.5000000000
1 6 3	0.2102272727
1 52 54	0.5937500000
21 13 1	0.3250000000
31 49 49	0.0903954802
23 6 22	0.2222222222
31 20 7	0.5098039216
23 48 78	0.1666666667
31 56 32	0.2631578947
1 8 6	0.2459016393
23 13 47	0.2716049383
4 6 13	0.1415094340
21 52 59	0.3162393162
31 20 57	0.3636363636
2 1 54	0.2222222222
23 6 32	0.3600000000
21 49 19	0.3939393939
1 13 63	0.1034482759
23 2 3	0.2500000000
1 11 8	0.3437500000
31 59 11	0.4333333333
1 65 15	0.3888888889
1 13 13	0.1044776119
31 20 54	0.4687500000
4 3 60	0.0833333333
4 52 3	0.1574074074
2 4 78	0.3636363636
1 78 52	0.3076923077
21 1 13	0.1078431373
56 3 52	0.0769230769
15 10 20	0.0961538462
21 8 8	0.1538461538
3 11 54	0.3000000000
21 88 3	0.1176470588
56 6 78	0.1666666667
20 7 6	0.0416666667
15 59 52	0.0303030303
21 20 53	0.1818181818
15 6 47	0.1428571429
15 17 49	0.1090909091
20 57 42	0.2857142857
20 47 52	0.1136363636
20 10 20	0.1578947368
15 52 1	0.1875000000
7 47 3	0.0845070423
15 84 17	0.1250000000
3 6 53	0.0400000000
51 51 56	0.0545454545
51 7 54	0.1851851852
46 46 53	0.0555555556
7 6 11	0.1904761905
21 63 1	0.2000000000
20 54 78	0.3571428571
56 52 13	0.1078431373
21 8 47	0.2162162162
51 3 60	0.1600000000
56 59 8	0.1578947368
2 51 20	0.1785714286
15 47 49	0.0212765957
21 8 3	0.1272727273
1 10 3	0.5000000000
1 53 4	0.1304347826
31 6 78	0.5000000000
31 13 8	0.2222222222
23 65 15	0.3809523810
4 66 3	0.3382352941
21 48 13	0.1724137931
23 50 22	0.2222222222
31 7 50	0.0434782609
21 52 13	0.1178247734
1 48 14	0.6842105263
23 65 22	0.2380952381
2 23 78	0.3333333333
31 6 48	0.5250000000
23 78 50	0.1052631579
23 6 8	0.2448979592
31 51 3	0.3466666667
31 20 59	0.2051282051
1 11 46	0.1111111111
21 2 8	0.2068965517
23 3 54	0.2777777778
21 52 53	0.1069518717
1 13 7	0.4000000000
1 10 20	0.5102040816
1 50 21	0.6153846154
23 50 23	0.4000000000
1 3 20	0.2941176471
4 69 31	0.1176470588
1 49 22	0.2352941176
21 8 1	0.3181818182
4 49 47	0.1764705882
31 3 14	0.6458333333
21 6 54	0.4736842105
1 48 4	0.3125000000
21 7 0	0.3142857143
23 59 11	0.3600000000
4 52 13	0.1428571429
4 46 53	0.3333333333
31 13 48	0.2702702703
23 1 46	0.0819672131
23 8 52	0.3250000000
1 49 1	0.4067796610
31 47 13	0.0892857143
1 1 49	0.1121951220
6 36 20	0.4583333333
6 24 60	0.1250000000
23 32 8	0.1818181818
4 8 3	0.0869565217
1 14 6	0.2000000000
1 11 48	0.3636363636
4 59 47	0.2173913043
21 52 54	0.6176470588
4 1 32	0.3333333333
56 13 53	0.0800000000
21 4 1	0.2000000000
3 57 48	0.2500000000
3 1 13	0.1012658228
3 52 53	0.0729166667
7 67 1	0.0833333333
20 6 57	0.2727272727
20 7 50	0.0444444444
15 13 49	0.0786516854
20 13 47	0.0689655172
7 3 59	0.0752688172
56 48 53	0.0769230769
56 59 3	0.1129032258
15 0 3	0.1750000000
1 54 13	0.0919540230
1 3 59	0.3623853211
21 32 54	0.3636363636
23 49 6	0.2534246575
23 53 49	0.0333333333
21 6 50	0.0489130435
1 77 21	0.7619047619
1 57 13	0.1084337349
23 3 8	0.3783783784
31 60 52	0.3000000000
21 3 14	0.3333333333
3 13 3	0.1774193548
15 52 13	0.1020408163
2 3 1	0.0833333333
3 4 6	0.0476190476
15 78 3	0.1176470588
20 57 1	0.1875000000
56 52 50	0.0365853659
64 24 78	0.1818181818
51 20 60	0.2413793103
51 3 8	0.1090909091
56 3 8	0.0800000000
3 66 4	0.4444444444
3 3 78	0.1428571429
3 1 78	0.1250000000
20 78 3	0.1333333333
31 15 0	0.2551020408
4 67 23	0.2000000000
21 57 3	0.1666666667
1 66 19	0.3076923077
1 46 60	0.4000000000
31 13 57	0.3750000000
31 20 0	0.2812500000
21 50 49	0.0652173913
23 10 3	0.4888888889
23 57 52	0.3584905660
1 52 48	0.5250000000
21 49 66	0.0039525692
7 52 60	0.1818181818
20 3 53	0.0500000000
20 1 54	0.2222222222
7 3 14	0.0714285714
51 7 42	0.1666666667
3 6 49	0.0401337793
56 48 49	0.0256410256
20 53 57	0.0909090909
20 53 13	0.0312500000
20 60 52	0.0500000000
7 6 13	0.0803571429
21 4 27	0.0769230769
7 47 78	0.3000000000
3 47 59	0.1428571429
46 49 42	0.4444444444
3 78 3	0.1481481481
4 7 47	0.1333333333
6 24 7	0.3846153846
21 53 15	0.2154696133
2 1 52	0.3673469388
1 1 60	0.1764705882
31 59 54	0.3529411765
23 11 1	0.3750000000
6 18 20	0.4482758621
23 49 53	0.0800000000
21 60 78	0.2777777778
23 1 78	0.3750000000
23 53 3	0.3333333333
23 52 7	0.4545454545
21 49 60	0.1707317073
4 32 47	0.2222222222
1 32 59	0.4242424242
31 13 1	0.4074074074
4 3 57	0.2307692308
1 32 46	0.0526315789
31 48 3	0.2500000000
31 82 52	0.4761904762
31 3 7	0.5964912281
31 3 78	0.3818181818
1 57 49	0.0672268908
4 53 15	0.2173913043
23 4 47	0.1000000000
21 52 7	0.4339622642
1 75 4	0.5294117647
23 7 60	0.3333333333
23 2 1	0.2500000000
31 11 32	0.1666666667
1 57 57	0.4285714286
31 51 19	0.3157894737
21 47 4	0.2000000000
31 56 1	0.3928571429
23 49 20	0.4873949580
1 3 53	0.0430107527
21 60 7	0.4500000000
1 48 47	0.2222222222
4 47 7	0.2500000000
23 70 4	0.4545454545
23 7 6	0.2222222222
3 67 1	0.1153846154
15 6 78	0.1666666667
46 46 60	0.1250000000
20 6 13	0.1568627451
7 3 27	0.1250000000
3 3 53	0.0400000000
51 15 49	0.0551181102
3 54 78	0.2500000000
20 49 42	0.1666666667
7 10 3	0.1851851852
7 6 48	0.1764705882
15 49 8	0.0666666667
3 6 8	0.0925925926
7 59 8	0.1000000000
3 14 52	0.0967741935
21 2 78	0.4285714286
3 50 49	0.0303030303
51 20 8	0.0909090909
23 59 48	0.3333333333
31 52 0	0.2608695652
31 49 47	0.2769230769
21 49 24	0.2916666667
1 57 1	0.4062500000
31 78 6	0.1428571429
4 13 49	0.2037037037
1 49 59	0.3039215686
31 52 54	0.5500000000
1 59 8	0.3272727273
31 6 47	0.1967213115
23 49 57	0.4761904762
1 6 47	0.2307692308
4 78 7	0.3333333333
4 60 13	0.1250000000
1 3 54	0.2777777778
31 3 32	0.2786885246
23 14 4	0.3000000000
1 59 47	0.2758620690
4 53 1	0.3333333333
1 69 4	0.2380952381
31 6 11	0.4117647059
1 3 47	0.2549019608
31 47 50	0.1095890411
1 49 8	0.3518518519
21 54 50	0.0952380952
31 7 4	0.3214285714
31 32 3	0.1641791045
1 59 57	0.4666666667
21 54 49	0.0552486188
21 8 60	0.5000000000
4 57 59	0.1538461538
1 49 60	0.2500000000
31 64 29	0.1346153846
21 60 49	0.0610687023
23 32 3	0.1132075472
21 0 8	0.2500000000
21 77 6	0.2608695652
21 1 49	0.0816993464
31 52 57	0.3636363636
21 13 54	0.3636363636
23 4 52	0.2777777778
1 78 59	0.1428571429
21 53 14	0.5294117647
4 6 53	0.0892857143
23 61 3	0.4166666667
23 14 8	0.1538461538
23 13 7	0.5384615385
2 4 14	0.3000000000
21 6 48	0.4380165289
21 53 6	0.2211538462
1 2 6	0.2295081967
4 46 60	0.2500000000
1 67 20	0.3750000000
31 51 20	0.4594594595
4 48 14	0.3333333333
6 24 78	0.3636363636
21 2 1	0.2424242424
31 59 47	0.2564102564
23 49 0	0.1500000000
21 14 3	0.1228070175
23 57 47	0.2105263158
31 49 53	0.0923076923
1 61 56	0.2000000000
21 32 1	0.2750000000
23 78 60	0.2727272727
21 57 57	0.4400000000
4 49 20	0.4444444444
31 49 8	0.3333333333
1 66 7	0.4084507042
21 64 3	0.1714285714
23 57 78	0.3076923077
1 13 48	0.2444444444
4 78 46	0.1052631579
7 10 21	0.4444444444
15 48 13	0.1034482759
7 2 59	0.1764705882
56 49 57	0.2857142857
20 49 52	0.0991735537
51 7 66	0.0187500000
56 52 54	0.2307692308
20 65 22	0.1578947368
51 20 50	0.0472440945
56 52 47	0.1250000000
7 49 47	0.1111111111
3 8 47	0.1250000000
3 61 20	0.1538461538
3 48 78	0.1666666667
21 63 52	0.0769230769
64 24 42	0.1666666667
46 49 47	0.0853658537
51 20 59	0.1621621622
56 3 47	0.1388888889
23 52 32	0.3142857143
1 50 18	0.1176470588
23 11 3	0.1230769231
21 49 18	0.1363636364
1 48 53	0.0434782609
23 59 8	0.3500000000
21 46 3	0.1666666667
23 13 78	0.4000000000
4 17 49	0.3809523810
21 60 60	0.1428571429
21 78 1	0.3636363636
21 10 15	0.1718750000
21 77 23	0.2666666667
51 20 48	0.4285714286
7 3 66	0.0138888889
21 32 8	0.2432432432
20 7 52	0.1025641026
20 6 60	0.1379310345
15 52 3	0.1250000000
46 20 48	0.2500000000
3 50 3	0.0975609756
20 47 6	0.0166666667
20 32 57	0.3000000000
46 59 78	0.1785714286
64 52 11	0.1666666667
20 70 22	0.2000000000
21 1 57	0.4333333333
3 48 49	0.0243902439
21 59 48	0.3333333333
64 36 7	0.2222222222
3 6 1	0.1803278689
2 20 6	0.0526315789
3 52 27	0.1363636364
3 57 6	0.0606060606
51 7 57	0.1481481481
3 14 54	0.1818181818
56 48 54	0.1666666667
21 49 54	0.3333333333
2 26 20	0.1428571429
2 20 60	0.2142857143
21 88 11	0.1250000000
3 13 6	0.0208333333
3 32 3	0.0689655172
21 53 24	0.2500000000
20 49 4	0.2000000000
1 13 1	0.4000000000
31 48 60	0.1250000000
23 3 20	0.2105263158
21 47 60	0.3225806452
4 47 21	0.6153846154
4 6 78	0.3913043478
21 6 4	0.2975206612
6 4 53	0.0909090909
1 78 13	0.1538461538
4 52 11	0.1176470588
1 53 14	0.3750000000
20 1 52	0.0675675676
7 77 6	0.0588235294
3 68 20	0.1250000000
20 60 1	0.1875000000
56 47 13	0.0434782609
3 3 5	0.0344827586
7 61 3	0.1666666667
3 60 3	0.1612903226
20 69 1	0.1111111111
20 54 11	0.1578947368
20 8 60	0.2500000000
56 59 57	0.2307692308
3 53 3	0.1428571429
56 78 52	0.0952380952
51 7 0	0.4285714286
21 52 31	0.2727272727
31 64 3	0.2045454545
23 47 50	0.0833333333
4 6 32	0.4705882353
1 66 22	0.2307692308
31 60 13	0.1785714286
1 7 54	0.3636363636
21 17 20	0.1111111111
4 11 7	0.2500000000
4 11 6	0.1875000000
4 53 19	0.2000000000
21 60 59	0.3023255814
1 48 78	0.1666666667
23 50 18	0.1222222222
23 7 11	0.1250000000
56 49 20	0.1388888889
3 46 17	0.0895522388
3 66 49	0.1000000000
15 0 60	0.1875000000
20 47 23	0.0500000000
21 49 48	0.1919191919
15 6 13	0.1304347826
20 13 57	0.2500000000
20 49 19	0.2857142857
56 6 7	0.0833333333
51 15 3	0.1607142857
3 50 11	0.2000000000
3 48 6	0.0317460317
64 24 52	0.0769230769
3 61 19	0.2222222222
56 69 21	0.0952380952
20 14 1	0.1111111111
46 63 1	0.1666666667
64 24 47	0.0454545455
3 54 50	0.0357142857
20 53 11	0.2307692308
64 52 53	0.1481481481
15 0 17	0.1363636364
51 51 46	0.2000000000
46 59 11	0.2222222222
7 14 47	0.0769230769
20 54 13	0.1000000000
3 7 17	0.1363636364
20 11 7	0.0833333333
15 59 11	0.1538461538
20 3 8	0.1111111111
20 59 49	0.0638297872
31 49 0	0.2500000000
31 49 4	0.3103448276
21 68 20	0.3750000000
21 52 14	0.5714285714
4 3 14	0.4166666667
1 66 49	0.2400000000
4 0 1	0.4166666667
21 47 54	0.2800000000
23 57 54	0.2666666667
23 52 8	0.2837837838
31 47 3	0.1505376344
23 2 7	0.1250000000
23 78 49	0.0902255639
31 60 3	0.1379310345
23 3 13	0.1179487179
23 54 47	0.0909090909
23 52 4	0.2800000000
31 48 52	0.3255813953
23 64 29	0.1176470588
21 59 11	0.2413793103
31 60 6	0.2916666667
1 49 48	0.1785714286
1 57 6	0.2674418605
1 78 57	0.2500000000
3 14 50	0.0434782609
21 49 21	0.3333333333
7 13 47	0.1166666667
20 46 17	0.0714285714
56 13 1	0.0909090909
7 59 52	0.0526315789
7 59 60	0.1000000000
20 53 54	0.1666666667
20 54 50	0.0697674419
15 0 53	0.0657894737
46 20 53	0.1538461538
7 52 50	0.0500000000
56 53 19	0.2500000000
15 60 49	0.0263157895
1 4 6	0.2835820896
21 78 8	0.1666666667
6 3 59	0.2692307692
4 3 52	0.3295454545
21 6 53	0.1115879828
4 65 15	0.3076923077
31 13 54	0.1250000000
31 75 4	0.6451612903
31 59 46	0.0875000000
4 0 7	0.3846153846
21 48 14	0.2857142857
23 53 59	0.3076923077
31 56 7	0.4000000000
4 8 52	0.2500000000
31 56 46	0.0800000000
31 53 15	0.2456140351
23 2 47	0.0833333333
31 6 59	0.2978723404
21 70 52	0.1333333333
1 60 1	0.4347826087
21 53 52	0.3373493976
31 2 13	0.0714285714
4 52 49	0.1194968553
21 61 56	0.2156862745
6 29 3	0.2857142857
1 11 6	0.2692307692
21 59 46	0.0326086957
2 23 14	0.5000000000
23 8 59	0.1875000000
4 59 52	0.2580645161
23 78 13	0.0933333333
31 20 53	0.1751824818
23 49 56	0.1857142857
4 6 0	0.1818181818
31 52 46	0.0384615385
4 47 3	0.1785714286
21 8 11	0.2777777778
4 3 8	0.1666666667
6 3 3	0.1311475410
31 20 60	0.5000000000
1 14 1	0.3888888889
23 8 1	0.4642857143
21 46 61	0.1176470588
23 6 3	0.2068965517
1 49 46	0.0496453901
21 11 7	0.3750000000
3 11 52	0.0465116279
46 48 49	0.2222222222
20 1 60	0.1000000000
3 1 8	0.0869565217
15 3 3	0.1607142857
3 10 7	0.2173913043
20 6 50	0.0270270270
20 78 47	0.1000000000
46 49 0	0.4285714286
7 3 1	0.1111111111
20 8 78	0.2000000000
7 32 59	0.1052631579
51 7 6	0.0614525140
20 59 8	0.1111111111
3 32 6	0.0434782609
3 4 78	0.2857142857
7 47 47	0.1379310345
20 52 66	0.0100000000
21 57 13	0.0642201835
56 13 51	0.1538461538
7 10 4	0.5454545455
20 47 53	0.0810810811
15 49 1	0.1052631579
46 59 47	0.1384615385
56 48 3	0.1428571429
20 13 51	0.1904761905
3 54 52	0.0312500000
3 8 66	0.0175438596
20 49 46	0.0322580645
51 56 53	0.0508474576
15 84 0	0.1304347826
20 1 1	0.1000000000
2 20 52	0.0750000000
6 24 46	0.0740740741
2 1 13	0.0731707317
4 47 23	0.4000000000
1 32 57	0.5333333333
23 3 78	0.2857142857
1 78 3	0.1764705882
1 1 32	0.5000000000
4 47 4	0.1764705882
21 0 48	0.2500000000
23 6 1	0.4666666667
23 50 47	0.1500000000
1 6 24	0.0909090909
21 47 53	0.1532846715
21 32 11	0.5000000000
23 66 19	0.3333333333
2 23 54	0.2500000000
31 20 49	0.0772200772
31 53 3	0.4615384615
4 14 1	0.3125000000
31 47 11	0.2380952381
4 57 46	0.1250000000
21 4 7	0.2307692308
31 6 54	0.5000000000
31 20 50	0.1000000000
23 65 24	0.3636363636
31 61 56	0.2153846154
31 59 59	0.3235294118
23 7 14	0.2727272727
6 3 8	0.3571428571
23 13 32	0.4000000000
1 57 52	0.3636363636
4 78 47	0.0625000000
21 13 2	0.0634920635
31 4 49	0.2666666667
4 53 6	0.2500000000
6 3 54	0.2222222222
23 57 13	0.0967741935
31 64 24	0.0967741935
3 52 1	0.1587301587
3 53 4	0.3750000000
3 11 78	0.2500000000
56 47 57	0.3000000000
20 11 59	0.0833333333
3 7 78	0.2857142857
56 78 49	0.0303030303
20 8 66	0.0175438596
15 78 13	0.0714285714
46 73 6	0.0540540541
15 3 13	0.1538461538
56 6 57	0.3076923077
20 2 59	0.2380952381
21 11 48	0.4705882353
21 1 50	0.0434782609
20 2 1	0.1052631579
23 57 1	0.4285714286
23 52 50	0.0974025974
1 67 4	0.3076923077
23 47 23	0.4000000000
6 3 11	0.3076923077
23 14 7	0.4545454545
1 49 56	0.1882352941
23 7 46	0.0384615385
2 1 78	0.3846153846
1 32 54	0.2857142857
23 59 50	0.0925925926
23 47 59	0.1739130435
1 53 54	0.1818181818
1 6 22	0.2222222222
23 47 46	0.0952380952
2 1 46	0.0606060606
21 7 14	0.2500000000
2 1 48	0.2500000000
1 6 18	0.1538461538
6 80 4	0.2500000000
1 46 6	0.1500000000
21 3 1	0.3695652174
21 47 47	0.1521739130
31 57 49	0.0869565217
3 60 11	0.1111111111
21 1 7	0.3846153846
21 50 20	0.1304347826
20 11 3	0.1186440678
20 50 54	0.2000000000
51 56 11	0.1111111111
21 50 3	0.1826923077
3 6 11	0.1200000000
20 4 53	0.1764705882
64 24 57	0.2727272727
3 13 11	0.1500000000
21 5 59	0.0769230769
51 15 13	0.1627906977
3 8 52	0.1025641026
7 47 54	0.1250000000
2 20 53	0.0285714286
21 4 13	0.0833333333
15 13 3	0.1875000000
56 59 59	0.1538461538
21 47 17	0.0348837209
7 6 54	0.2500000000
56 52 17	0.0689655172
20 8 6	0.0491803279
3 66 21	0.6153846154
56 13 52	0.0975609756
3 1 6	0.0571428571
21 54 48	0.4285714286
56 6 3	0.1594202899
56 3 51	0.2068965517
3 66 3	0.0810810811
51 20 0	0.4375000000
21 2 47	0.1714285714
20 8 47	0.1250000000
7 52 78	0.2000000000
21 48 49	0.0980392157
23 60 49	0.0869565217
31 6 53	0.1600000000
1 78 46	0.1034482759
4 70 52	0.3333333333
23 48 13	0.1323529412
21 60 11	0.2800000000
21 49 46	0.0377358491
4 47 6	0.2903225806
6 3 2	0.1111111111
4 8 24	0.3636363636
4 11 1	0.2307692308
31 52 49	0.0929203540
1 54 78	0.3529411765
6 18 59	0.1428571429
31 6 1	0.4074074074
4 7 57	0.2857142857
2 3 52	0.0937500000
20 1 13	0.1012658228
21 50 56	0.0833333333
3 7 52	0.0967741935
3 6 0	0.4000000000
21 10 4	0.2000000000
56 67 1	0.0833333333
20 49 49	0.0440251572
56 53 4	0.4444444444
7 13 11	0.1176470588
7 52 11	0.2000000000
3 4 60	0.1428571429
21 50 57	0.1000000000
21 49 78	0.3275862069
6 4 52	0.1818181818
31 2 49	0.1944444444
1 46 14	0.3333333333
1 49 4	0.3061224490
21 0 53	0.0416666667
1 46 53	0.3658536585
21 60 0	0.2142857143
21 50 47	0.0909090909
1 8 57	0.2727272727
31 15 2	0.1428571429
2 4 60	0.2500000000
21 60 47	0.2000000000
1 50 6	0.2068965517
1 60 11	0.3529411765
23 14 1	0.4583333333
1 1 11	0.4117647059
1 57 46	0.0888888889
21 54 47	0.2115384615
31 14 3	0.1538461538
20 65 7	0.0370370370
3 60 13	0.0810810811
3 53 54	0.1111111111
20 47 54	0.0909090909
3 64 4	0.1000000000
3 6 7	0.0857142857
20 53 20	0.1666666667
21 0 21	0.4444444444
56 48 52	0.0731707317
20 68 52	0.2500000000
3 54 11	0.0833333333
15 6 1	0.1111111111
3 60 6	0.1000000000
20 50 11	0.2000000000
20 4 78	0.2857142857
3 46 52	0.0909090909
21 57 42	0.1111111111
3 7 0	0.3529411765
3 47 11	0.2142857143
56 13 13	0.0754716981
31 47 78	0.3333333333
23 48 57	0.2941176471
21 8 52	0.2647058824
1 49 11	0.5333333333
4 13 7	0.2857142857
4 0 8	0.2500000000
3 32 48	0.2500000000
46 20 11	0.1111111111
3 47 47	0.0967741935
20 60 78	0.1111111111
20 13 6	0.0181818182
7 49 6	0.0833333333
51 20 53	0.0819672131
7 59 66	0.0400000000
64 52 78	0.2727272727
20 11 53	0.0800000000
7 59 50	0.0588235294
3 2 1	0.1052631579
51 7 60	0.1818181818
1 8 7	0.4285714286
31 4 59	0.5333333333
31 51 56	0.1333333333
23 59 78	0.3913043478
31 7 59	0.3225806452
4 48 47	0.2222222222
4 46 61	0.1428571429
2 1 3	0.1250000000
1 77 6	0.2352941176
23 1 13	0.0873015873
31 60 59	0.2000000000
1 75 52	0.5454545455
6 3 47	0.2142857143
21 49 50	0.0320000000
7 61 7	0.1604938272
15 0 47	0.1250000000
21 4 66	0.0158730159
7 46 17	0.1132075472
15 3 11	0.1111111111
3 3 47	0.1041666667
15 47 57	0.1666666667
3 11 42	0.2857142857
20 11 54	0.3000000000
3 54 6	0.0526315789
20 32 7	0.1111111111
21 57 53	0.0789473684
20 47 66	0.0147058824
20 57 54	0.2857142857
20 53 53	0.1052631579
1 11 47	0.2500000000
4 48 7	0.3636363636
31 59 53	0.0142857143
21 32 2	0.1363636364
23 3 46	0.0973451327
31 52 60	0.3913043478
31 32 52	0.3600000000
6 3 6	0.2280701754
1 52 4	0.2500000000
4 57 8	0.2142857143
21 50 29	0.1034482759
4 48 53	0.0454545455
2 4 52	0.3333333333
2 23 13	0.0833333333
31 6 60	0.5000000000
31 56 8	0.2962962963
31 46 49	0.0555555556
31 15 32	0.4444444444
1 50 8	0.1538461538
21 32 32	0.3157894737
4 53 56	0.1333333333
31 13 11	0.2666666667
1 11 49	0.0833333333
21 57 6	0.2000000000
21 14 1	0.3125000000
4 60 60	0.1250000000
31 48 49	0.1014492754
23 8 14	0.6428571429
4 7 1	0.4285714286
21 78 2	0.2666666667
1 14 8	0.0909090909
3 57 13	0.0638297872
20 1 48	0.1818181818
15 49 0	0.2500000000
7 52 54	0.2105263158
21 53 22	0.1111111111
3 1 48	0.1818181818
21 32 7	0.2500000000
3 1 52	0.0675675676
20 53 19	0.2222222222
20 14 11	0.1428571429
4 52 1	0.3714285714
4 59 60	0.1428571429
23 7 7	0.2307692308
1 60 47	0.2307692308
1 52 46	0.0592105263
23 75 52	0.2857142857
31 13 4	0.2222222222
1 8 8	0.1666666667
56 14 52	0.0714285714
20 49 1	0.1333333333
3 66 22	0.2307692308
7 52 59	0.1851851852
3 7 13	0.0909090909
21 32 50	0.0312500000
20 6 49	0.0512820513
56 52 11	0.1363636364
56 3 78	0.3000000000
3 14 0	0.2857142857
51 2 4	0.1666666667
7 32 52	0.0882352941
1 68 19	0.4615384615
23 78 48	0.2500000000
1 60 8	0.1818181818
1 14 46	0.0454545455
21 50 13	0.1052631579
1 11 78	0.4000000000
31 2 20	0.5416666667
31 15 47	0.2619047619
6 18 49	0.1176470588
23 78 57	0.3809523810
7 59 54	0.2222222222
3 7 1	0.2068965517
64 3 13	0.1016949153
56 52 57	0.3333333333
51 20 11	0.1250000000
56 3 11	0.1250000000
15 17 59	0.0909090909
7 13 78	0.0952380952
3 46 3	0.1153846154
20 11 1	0.1304347826
46 51 59	0.1250000000
64 29 3	0.0714285714
3 3 48	0.0476190476
3 53 78	0.1111111111
15 0 78	0.2142857143
3 11 47	0.1071428571
20 78 6	0.0909090909
21 5 49	0.1111111111
64 36 20	0.0833333333
21 66 4	0.1578947368
3 53 11	0.1818181818
46 49 78	0.1666666667
46 20 1	0.0625000000
20 54 54	0.1666666667
1 65 22	0.2142857143
31 20 3	0.1747572816
31 32 47	0.2413793103
1 11 11	0.4210526316
23 32 59	0.3913043478
1 68 52	0.2500000000
1 53 60	0.1250000000
21 53 47	0.2127659574
6 18 47	0.2000000000
31 56 54	0.1818181818
31 56 59	0.2045454545
1 78 49	0.0958904110
31 59 78	0.4666666667
1 54 7	0.4347826087
4 8 14	0.3750000000
31 56 61	0.1176470588
1 57 50	0.0638297872
4 57 52	0.2857142857
31 15 59	0.2702702703
31 61 21	0.1111111111
23 48 59	0.3103448276
31 7 11	0.1071428571
1 4 60	0.1428571429
1 1 59	0.2968750000
31 3 63	0.0891089109
4 7 0	0.2500000000
4 59 59	0.2500000000
23 52 57	0.4047619048
4 32 6	0.2666666667
23 13 4	0.1764705882
23 70 3	0.3548387097
1 6 11	0.5882352941
1 8 60	0.4166666667
21 0 7	0.2916666667
21 52 32	0.2972972973
23 13 11	0.3750000000
31 59 60	0.1428571429
31 59 50	0.0158730159
23 54 52	0.2000000000
23 50 13	0.0625000000
1 75 18	0.1764705882
4 65 3	0.3125000000
1 54 14	0.3333333333
23 52 46	0.0642857143
23 54 54	0.1250000000
31 7 46	0.0873786408
4 7 6	0.2051282051
1 67 1	0.4848484848
4 1 8	0.1666666667
31 15 48	0.1111111111
23 64 4	0.4545454545
21 61 19	0.3500000000
23 11 14	0.4166666667
21 2 3	0.1900000000
23 13 1	0.4347826087
21 54 59	0.2571428571
1 8 14	0.5000000000
21 66 49	0.2380952381
23 49 24	0.2800000000
21 64 29	0.1176470588
21 66 19	0.3636363636
21 50 31	0.1176470588
21 11 11	0.4074074074
23 6 7	0.4666666667
3 14 3	0.1153846154
21 8 78	0.2666666667
46 46 17	0.1290322581
21 7 78	0.3000000000
3 54 57	0.2500000000
64 3 6	0.0350877193
20 32 59	0.1428571429
7 52 1	0.1509433962
20 8 52	0.1025641026
3 14 6	0.0425531915
64 29 22	0.1428571429
20 59 52	0.0714285714
3 53 20	0.1470588235
3 68 52	0.2500000000
51 56 8	0.0740740741
20 57 57	0.3333333333
15 6 11	0.1000000000
7 78 52	0.0612244898
3 59 49	0.0245398773
3 54 13	0.1000000000
56 48 14	0.0769230769
20 50 66	0.0384615385
21 14 11	0.1111111111
20 49 6	0.0227272727
21 11 8	0.2500000000
56 49 47	0.1428571429
3 1 1	0.1000000000
23 46 56	0.3750000000
21 6 19	0.3076923077
21 8 49	0.0256410256
4 59 4	0.2222222222
31 49 29	0.0909090909
31 60 47	0.1764705882
23 11 46	0.0952380952
21 0 78	0.2500000000
1 78 6	0.1914893617
23 48 32	0.2142857143
7 47 50	0.0655737705
20 65 20	0.1904761905
3 69 21	0.0769230769
56 53 21	0.4444444444
15 6 54	0.1818181818
7 49 4	0.1739130435
21 53 59	0.3103448276
51 51 19	0.3125000000
4 70 3	0.2142857143
4 52 46	0.0425531915
31 52 4	0.2105263158
23 6 60	0.2692307692
23 57 8	0.3125000000
31 11 6	0.2307692308
23 42 46	0.1000000000
1 2 78	0.2500000000
31 47 7	0.4400000000
31 47 60	0.2941176471
4 0 49	0.0923076923
21 46 6	0.0909090909
4 52 78	0.2307692308
1 54 48	0.3636363636
20 49 47	0.0851063830
3 1 59	0.0952380952
51 56 13	0.1351351351
64 24 49	0.0232558140
3 53 1	0.1666666667
21 1 11	0.3571428571
21 47 11	0.2926829268
6 18 53	0.0434782609
64 3 78	0.2307692308
20 50 1	0.0714285714
20 54 66	0.0135135135
2 20 49	0.0555555556
2 2 20	0.1111111111
7 52 27	0.1428571429
56 61 22	0.1428571429
21 88 14	0.1428571429
2 20 3	0.0750000000
3 59 42	0.2857142857
1 46 56	0.4444444444
1 7 8	0.2083333333
1 48 3	0.1547619048
23 53 13	0.0833333333
4 8 46	0.1052631579
23 53 24	0.3333333333
4 48 57	0.2000000000
1 54 11	0.4166666667
2 4 1	0.3333333333
23 3 57	0.3000000000
4 3 6	0.2674418605
1 32 6	0.2580645161
6 36 3	0.3225806452
31 49 48	0.3181818182
23 11 50	0.1627906977
21 48 6	0.1904761905
23 48 3	0.1447368421
2 23 47	0.2000000000
23 46 53	0.3181818182
56 52 78	0.2380952381
3 50 66	0.0384615385
20 52 42	0.2857142857
15 47 8	0.0588235294
56 13 47	0.0714285714
7 3 57	0.2105263158
20 11 42	0.2857142857
3 77 50	0.1250000000
21 60 8	0.1818181818
56 49 52	0.1058823529
20 2 47	0.1176470588
20 7 3	0.0833333333
7 10 20	0.1282051282
56 49 24	0.1818181818
64 52 49	0.0200000000
20 6 8	0.0816326531
7 69 1	0.1111111111
3 57 7	0.1000000000
51 7 11	0.2500000000
3 47 57	0.1333333333
7 47 6	0.0408163265
7 6 57	0.2857142857
20 11 66	0.0169491525
56 6 0	0.3636363636
51 7 8	0.0400000000
3 47 78	0.3333333333
1 67 31	0.1509433962
1 57 53	0.0512820513
23 48 49	0.0737704918
21 54 4	0.2000000000
31 7 32	0.3750000000
21 11 14	0.3333333333
4 53 50	0.0740740741
1 10 0	0.3333333333
21 65 24	0.2307692308
1 3 2	0.0574712644
23 13 48	0.2820512821
31 47 47	0.1136363636
21 52 8	0.3085106383
31 56 11	0.1666666667
21 78 6	0.2619047619
1 13 32	0.2857142857
1 2 11	0.2857142857
31 82 3	0.2307692308
21 78 49	0.1030927835
1 54 59	0.2692307692
31 7 54	0.4333333333
1 3 78	0.3478260870
31 15 49	0.1071428571
46 20 13	0.0434782609
3 11 11	0.1875000000
3 8 60	0.2500000000
51 20 17	0.0677966102
56 6 14	0.0769230769
20 14 78	0.1666666667
15 78 52	0.0714285714
21 0 20	0.0625000000
56 61 7	0.0857142857
4 3 48	0.3200000000
6 18 2	0.0645161290
4 0 50	0.0416666667
23 64 52	0.2857142857
21 59 8	0.2553191489
21 11 60	0.1428571429
23 49 8	0.2750000000
23 53 19	0.3600000000
31 56 50	0.0967741935
23 49 78	0.5000000000
3 50 52	0.1176470588
51 82 4	0.1666666667
7 52 47	0.1194029851
3 4 11	0.1111111111
7 47 11	0.0833333333
20 13 49	0.0660377358
3 3 50	0.0645161290
51 48 20	0.1250000000
3 4 49	0.0256410256
51 51 7	0.1509433962
7 52 17	0.1052631579
3 8 11	0.2307692308
20 10 4	0.2857142857
20 14 17	0.0454545455
56 53 24	0.1250000000
20 11 48	0.2500000000
3 52 0	0.2857142857
3 32 59	0.1428571429
21 53 78	0.3333333333
15 59 6	0.0487804878
3 8 78	0.2000000000
3 78 6	0.0625000000
51 7 78	0.2173913043
15 0 49	0.0177514793
23 49 18	0.1538461538
1 48 7	0.5000000000
31 14 49	0.0869565217
23 53 54	0.2222222222
4 52 50	0.1590909091
23 50 59	0.2857142857
23 47 32	0.2105263158
31 26 20	0.1428571429
1 48 1	0.4285714286
15 47 7	0.0833333333
46 49 48	0.2000000000
3 52 60	0.2400000000
3 77 27	0.0909090909
64 24 48	0.2500000000
3 8 50	0.0277777778
3 52 66	0.0114942529
64 9 22	0.1428571429
7 6 6	0.0703125000
21 1 48	0.2857142857
20 6 24	0.0909090909
1 78 1	0.4117647059
6 46 3	0.1250000000
23 13 2	0.0952380952
4 11 4	0.1428571429
23 46 61	0.1818181818
23 78 6	0.2023809524
23 57 14	0.5333333333
2 1 1	0.4285714286
4 49 15	0.2500000000
4 13 47	0.2758620690
21 54 53	0.0862068966
31 49 59	0.3061224490
31 10 20	0.5312500000
4 67 1	0.3333333333
1 11 13	0.1097560976
1 15 56	0.1666666667
23 47 78	0.3076923077
21 57 7	0.2857142857
21 53 21	0.1111111111
21 3 8	0.2500000000
4 53 48	0.2500000000
23 8 53	0.0857142857
4 3 20	0.0909090909
31 48 56	0.1176470588
31 49 46	0.0674157303
1 70 52	0.3529411765
1 8 46	0.0714285714
21 8 4	0.2272727273
4 10 3	0.4000000000
4 32 11	0.3750000000
21 8 14	0.5000000000
21 10 0	0.3333333333
23 8 60	0.2857142857
23 70 54	0.2666666667
4 49 7	0.3043478261
2 23 59	0.3181818182
21 78 7	0.2857142857
6 18 13	0.1111111111
20 13 11	0.1428571429
20 14 53	0.0833333333
56 49 78	0.1333333333
3 6 19	0.2222222222
7 60 47	0.1538461538
3 32 14	0.1250000000
3 54 1	0.1666666667
7 49 53	0.0508474576
31 11 59	0.0909090909
31 78 60	0.1111111111
1 59 14	0.5200000000
6 18 1	0.3333333333
2 4 0	0.2142857143
31 7 78	0.3333333333
1 48 57	0.2777777778
31 32 32	0.4615384615
1 48 11	0.1904761905
4 14 52	0.3703703704
1 2 13	0.1956521739
23 2 11	0.2857142857
23 42 59	0.1111111111
31 15 60	0.1666666667
6 29 20	0.5000000000
4 1 1	0.4000000000
6 24 3	0.1489361702
6 3 32	0.1818181818
20 4 6	0.0476190476
51 2 20	0.0800000000
20 60 11	0.1818181818
3 70 54	0.1000000000
46 20 60	0.1428571429
3 6 6	0.0395683453
20 59 1	0.1111111111
20 3 13	0.1578947368
15 64 4	0.0833333333
46 59 49	0.0393258427
3 61 56	0.0645161290
21 4 53	0.1714285714
7 6 14	0.1111111111
21 14 47	0.1724137931
3 67 20	0.1250000000
3 4 53	0.1764705882
21 7 47	0.1333333333
6 3 7	0.3333333333
2 1 8	0.1904761905
1 70 3	0.3200000000
21 59 7	0.3043478261
1 4 8	0.5000000000
2 23 57	0.2727272727
21 3 53	0.0306122449
1 59 50	0.0547945205
31 6 49	0.0965909091
21 6 2	0.0793650794
31 20 32	0.1875000000
4 60 1	0.4000000000
23 61 7	0.3714285714
23 1 60	0.0909090909
1 8 52	0.3333333333
23 48 46	0.0909090909
23 47 49	0.0887096774
21 6 18	0.1643835616
31 7 48	0.1818181818
1 59 53	0.0250000000
1 6 0	0.2608695652
21 60 4	0.3000000000
23 6 49	0.1209150327
1 69 31	0.1379310345
31 69 1	0.3157894737
51 20 54	0.1923076923
56 47 17	0.1176470588
7 47 17	0.0882352941
7 49 59	0.1081081081
20 47 21	0.0952380952
3 13 5	0.0333333333
7 3 48	0.0857142857
46 59 53	0.0816326531
3 48 66	0.0232558140
15 0 20	0.1818181818
64 52 1	0.1785714286
56 49 18	0.0555555556
21 7 46	0.0151515152
31 52 53	0.1413043478
4 65 7	0.2105263158
23 78 3	0.1595744681
20 52 53	0.0666666667
51 75 4	0.0909090909
56 59 6	0.0634920635
20 52 78	0.2272727273
20 49 14	0.0666666667
15 77 50	0.1250000000
15 60 13	0.0952380952
3 47 50	0.0625000000
3 4 54	0.1250000000
20 59 6	0.0333333333
7 49 14	0.1538461538
51 77 1	0.1250000000
7 59 6	0.0943396226
3 2 13	0.1176470588
6 18 19	0.1250000000
4 78 4	0.3000000000
1 70 29	0.0740740741
21 14 14	0.2000000000
20 3 59	0.0476190476
15 0 11	0.1500000000
7 49 48	0.0645161290
51 3 7	0.0689655172
7 59 49	0.0300000000
20 8 53	0.0800000000
21 88 6	0.0666666667
21 57 78	0.4444444444
46 2 49	0.0588235294
46 67 20	0.1250000000
7 3 78	0.2352941176
56 3 1	0.0937500000
6 4 6	0.0588235294
1 7 0	0.2692307692
1 2 47	0.1666666667
23 11 4	0.3125000000
21 68 7	0.0769230769
56 3 53	0.0909090909
20 3 6	0.0769230769
21 1 54	0.4210526316
3 57 8	0.1764705882
3 2 8	0.1176470588
31 10 54	0.1111111111
1 50 14	0.5000000000
21 48 60	0.1428571429
21 32 46	0.0344827586
23 49 19	0.3333333333
31 32 13	0.1272727273
21 77 1	0.4400000000
31 57 52	0.2500000000
23 8 6	0.1578947368
1 11 32	0.2941176471
31 49 60	0.2142857143
1 50 7	0.3333333333
1 50 59	0.3076923077
23 78 1	0.4285714286
4 47 49	0.0833333333
21 14 54	0.4500000000
23 48 11	0.2000000000
21 0 11	0.1538461538
21 4 54	0.1818181818
20 67 1	0.1153846154
20 32 14	0.1250000000
3 14 47	0.1333333333
56 59 53	0.0434782609
7 49 22	0.0909090909
15 47 59	0.1538461538
6 3 57	0.2307692308
1 65 52	0.2500000000
1 50 29	0.0909090909
23 14 46	0.0769230769
15 47 11	0.1666666667
64 3 53	0.1071428571
46 59 54	0.3076923077
20 3 50	0.0833333333
21 4 3	0.0952380952
7 47 7	0.1111111111
15 59 47	0.0833333333
3 11 59	0.0833333333
64 52 13	0.0789473684
3 47 49	0.0153846154
15 52 54	0.1666666667
20 13 52	0.0909090909
20 60 57	0.1250000000
15 47 50	0.0769230769
7 13 1	0.1363636364
20 50 52	0.1176470588
15 13 13	0.0740740741
21 0 32	0.1666666667
6 3 1	0.2666666667
23 67 1	0.4210526316
1 54 50	0.1147540984
23 32 60	0.1666666667
31 46 59	0.2777777778
6 18 52	0.2941176471
23 49 47	0.2771084337
31 79 20	0.3000000000
23 11 8	0.4583333333
1 1 46	0.0377358491
7 47 59	0.2222222222
7 3 47	0.1086956522
64 52 3	0.1052631579
21 77 50	0.1538461538
31 49 32	0.2857142857
31 49 14	0.3684210526
4 59 57	0.2222222222
4 53 78	0.2500000000
21 54 13	0.0983606557
6 76 4	0.2857142857
4 49 52	0.4285714286
23 6 2	0.0727272727
21 68 19	0.4000000000
1 14 50	0.0434782609
31 3 54	0.3404255319
4 53 20	0.3333333333
31 15 3	0.1826923077
21 2 11	0.3076923077
1 59 54	0.3076923077
21 11 13	0.0720000000
21 57 49	0.0320000000
23 53 22	0.1538461538
23 53 56	0.1724137931
4 13 32	0.3076923077
4 52 32	0.2105263158
4 8 57	0.1111111111
21 0 57	0.3571428571
21 75 18	0.1702127660
23 52 31	0.2777777778
31 6 57	0.3333333333
31 52 50	0.0631578947
4 1 14	0.5294117647
64 29 56	0.1250000000
15 47 66	0.0243902439
15 17 5	0.0952380952
56 49 48	0.0833333333
3 70 20	0.2857142857
21 48 3	0.1081081081
1 11 14	0.3333333333
23 42 13	0.0769230769
1 7 57	0.2500000000
31 48 59	0.2000000000
21 53 54	0.3888888889
56 47 60	0.1250000000
3 53 49	0.0333333333
3 59 11	0.1500000000
3 46 1	0.2000000000
20 60 8	0.0714285714
21 65 15	0.2258064516
31 59 57	0.5357142857
31 57 13	0.2307692308
21 53 8	0.2682926829
23 66 49	0.3043478261
4 6 11	0.4615384615
21 49 56	0.1500000000
4 11 47	0.0833333333
1 50 47	0.2000000000
23 6 48	0.4313725490
1 11 4	0.0909090909
6 24 54	0.2222222222
1 77 23	0.2666666667
23 52 2	0.1000000000
23 3 11	0.2500000000
6 9 3	0.2000000000
1 11 50	0.0652173913
23 49 60	0.3333333333
23 59 14	0.4761904762
21 53 53	0.0851063830
21 60 46	0.0545454545
21 53 60	0.3076923077
2 23 50	0.0476190476
56 32 13	0.0952380952
20 32 1	0.1428571429
3 2 7	0.1818181818
15 0 13	0.0752688172
15 47 78	0.2500000000
20 13 14	0.0833333333
7 32 47	0.1304347826
51 75 18	0.0384615385
20 52 14	0.1052631579
7 52 66	0.0086956522
56 52 0	0.3000000000
56 49 19	0.2000000000
51 3 14	0.1034482759
20 68 3	0.2222222222
15 59 57	0.1818181818
3 61 21	0.4444444444
7 52 49	0.0368098160
3 13 57	0.2352941176
56 2 59	0.1111111111
3 2 49	0.0344827586
56 77 6	0.0666666667
46 49 54	0.2666666667
31 57 32	0.1666666667
1 4 47	0.1428571429
31 20 48	0.4285714286
31 2 7	0.2222222222
4 49 29	0.1176470588
1 7 60	0.4705882353
4 53 14	0.1250000000
21 70 3	0.2187500000
31 67 4	0.2222222222
31 53 19	0.3125000000
4 52 47	0.2173913043
23 46 6	0.1428571429
1 78 4	0.2727272727
6 18 56	0.1666666667
23 78 2	0.0833333333
4 69 24	0.1428571429
4 53 13	0.0833333333
4 8 47	0.0625000000
31 14 52	0.2500000000
23 3 32	0.2666666667
56 3 54	0.0909090909
56 3 27	0.0909090909
7 49 17	0.0930232558
21 70 19	0.2142857143
7 13 5	0.0250000000
64 52 60	0.1250000000
3 70 22	0.2000000000
21 3 5	0.0259740260
15 49 48	0.2500000000
56 47 50	0.0322580645
7 59 47	0.1388888889
3 50 47	0.0625000000
3 65 24	0.1111111111
20 32 3	0.0689655172
2 3 48	0.1538461538
15 49 49	0.0250000000
20 4 47	0.0833333333
56 6 42	0.1666666667
1 49 19	0.3870967742
23 32 13	0.0754716981
21 3 60	0.0500000000
1 68 20	0.3529411765
23 53 14	0.5000000000
23 57 50	0.0697674419
31 7 60	0.5000000000
1 65 7	0.2500000000
23 6 0	0.2500000000
23 60 52	0.2500000000
4 8 6	0.1034482759
6 29 15	0.1250000000
2 1 2	0.0769230769
15 52 52	0.0600000000
3 57 59	0.1052631579
20 2 3	0.0750000000
3 65 22	0.1578947368
56 60 13	0.0769230769
20 68 20	0.1250000000
56 48 6	0.0555555556
3 70 7	0.1176470588
7 3 8	0.1071428571
6 24 59	0.2941176471
31 7 8	0.2000000000
23 67 31	0.1379310345
21 68 52	0.3636363636
4 13 13	0.1090909091
23 60 3	0.1538461538
31 7 0	0.2142857143
4 0 53	0.0416666667
1 32 11	0.6666666667
1 77 1	0.4285714286
1 14 54	0.3636363636
23 48 47	0.2195121951
4 6 1	0.3913043478
20 54 53	0.1212121212
56 52 27	0.1333333333
46 63 6	0.0526315789
20 1 57	0.3333333333
3 11 53	0.0800000000
20 14 3	0.1153846154
20 60 0	0.1818181818
15 77 1	0.0625000000
56 6 48	0.2307692308
20 52 60	0.1578947368
21 54 42	0.1428571429
7 49 78	0.2222222222
20 47 17	0.0540540541
46 20 78	0.2500000000
56 32 52	0.0952380952
7 32 3	0.1372549020
7 49 19	0.2000000000
56 59 7	0.0909090909
64 9 24	0.1428571429
1 11 53	0.0512820513
4 49 13	0.1111111111
2 4 47	0.2000000000
4 48 13	0.1200000000
21 1 4	0.1176470588
23 48 14	0.6470588235
21 14 49	0.0217391304
1 66 63	0.0952380952
4 53 11	0.3333333333
4 13 2	0.1176470588
4 57 57	0.2727272727
23 14 54	0.1818181818
7 3 51	0.1764705882
56 49 17	0.0689655172
56 61 19	0.2500000000
7 13 57	0.2500000000
3 57 1	0.1875000000
7 61 46	0.1111111111
21 20 60	0.1428571429
20 53 47	0.0500000000
64 9 19	0.1250000000
20 6 18	0.0256410256
7 49 8	0.1081081081
15 3 6	0.0243902439
23 42 8	0.1250000000
23 47 11	0.3157894737
1 14 0	0.2142857143
23 8 47	0.1142857143
31 11 2	0.1250000000
4 47 32	0.2222222222
7 6 59	0.1224489796
7 6 50	0.0188679245
21 4 60	0.2222222222
21 3 50	0.0689655172
51 3 48	0.1562500000
23 52 0	0.2758620690
23 2 46	0.0625000000
31 5 21	0.2000000000
23 50 6	0.1707317073
31 13 14	0.5333333333
4 53 8	0.2777777778
4 53 57	0.2000000000
21 54 46	0.0793650794
1 32 48	0.3636363636
21 66 59	0.2000000000
21 14 46	0.0250000000
21 7 7	0.2105263158
23 47 47	0.1904761905
46 59 60	0.1176470588
20 54 3	0.0655737705
56 2 13	0.1250000000
15 59 42	0.1666666667
3 8 6	0.0491803279
3 13 47	0.1071428571
46 59 42	0.2857142857
3 6 66	0.0056179775
3 65 20	0.1904761905
46 59 6	0.0517241379
51 56 78	0.1666666667
3 57 14	0.2000000000
46 5 5	0.0400000000
15 6 6	0.0487804878
7 10 46	0.2222222222
31 20 11	0.2894736842
23 14 47	0.0833333333
23 67 4	0.2222222222
1 32 1	0.3478260870
1 10 15	0.3137254902
21 14 59	0.2000000000
23 50 50	0.0370370370
23 50 29	0.1379310345
4 49 18	0.1538461538
4 57 4	0.2727272727
23 2 49	0.1830985915
1 3 50	0.0769230769
7 47 60	0.2142857143
46 20 50	0.0588235294
3 32 42	0.1666666667
3 53 46	0.0769230769
20 49 78	0.0625000000
31 20 13	0.0915492958
23 77 6	0.2666666667
1 13 53	0.0204081633
1 53 24	0.3636363636
1 57 32	0.2142857143
23 11 47	0.1470588235
23 32 2	0.2000000000
1 78 7	0.4000000000
23 50 1	0.4722222222
23 11 59	0.2500000000
21 59 54	0.3000000000
21 4 8	0.4210526316
23 47 31	0.1666666667
1 14 57	0.1111111111
20 50 78	0.1666666667
56 47 6	0.0454545455
20 6 54	0.1500000000
7 52 53	0.0327868852
21 66 46	0.0178571429
51 46 59	0.1304347826
20 69 21	0.0769230769
15 52 78	0.1818181818
64 80 54	0.1428571429
7 6 53	0.0327868852
2 20 54	0.0909090909
21 52 0	0.2758620690
7 13 6	0.0588235294
3 47 48	0.2222222222
7 14 49	0.0800000000
56 49 4	0.2666666667
21 32 6	0.1359223301
15 52 50	0.0357142857
15 49 20	0.1500000000
23 13 54	0.3571428571
21 3 2	0.0458715596
21 11 59	0.2857142857
21 60 54	0.3529411765
56 49 22	0.0909090909
3 60 49	0.0200000000
3 54 59	0.1428571429
7 3 60	0.0833333333
21 0 14	0.3333333333
21 59 2	0.1041666667
4 57 54	0.1818181818
4 13 46	0.0714285714
23 47 54	0.1818181818
15 13 52	0.0606060606
3 67 46	0.1111111111
3 48 59	0.0645161290
15 78 49	0.0625000000
56 61 3	0.1250000000
3 59 47	0.1020408163
3 6 17	0.0540540541
46 48 5	0.1666666667
20 1 8	0.0869565217
7 6 78	0.1904761905
1 48 46	0.0869565217
23 78 59	0.2333333333
2 23 8	0.2142857143
4 69 1	0.2857142857
23 66 46	0.0909090909
4 53 22	0.1818181818
21 7 54	0.3529411765
21 32 47	0.2280701754
15 49 57	0.3000000000
3 2 59	0.2380952381
46 2 51	0.2000000000
20 7 49	0.0263157895
2 3 13	0.1153846154
21 48 78	0.3000000000
1 48 32	0.2666666667
56 52 52	0.0740740741
15 49 52	0.0303030303
20 57 52	0.0312500000
3 6 60	0.1818181818
2 3 47	0.0714285714
21 59 53	0.0306122449
2 4 3	0.1750000000
1 1 14	0.5625000000
31 15 78	0.3684210526
4 1 46	0.0444444444
21 66 22	0.3333333333
23 32 57	0.4444444444
23 49 2	0.0636363636
1 3 4	0.2608695652
1 60 59	0.3809523810
4 48 1	0.3529411765
4 6 2	0.1071428571
1 7 14	0.2727272727
4 11 49	0.0526315789
23 50 11	0.2307692308
31 48 32	0.4545454545
4 0 57	0.3571428571
1 53 6	0.1714285714
4 59 6	0.2058823529
4 47 57	0.2222222222
31 20 78	0.3000000000
21 3 4	0.1428571429
1 8 47	0.2083333333
1 54 49	0.0652173913
21 14 4	0.1000000000
1 13 46	0.0941176471
4 2 52	0.3333333333
23 50 7	0.3636363636
21 75 4	0.4615384615
23 66 59	0.2608695652
23 8 57	0.1428571429
31 56 48	0.2631578947
21 8 7	0.3500000000
1 8 24	0.3636363636
1 53 47	0.1428571429
4 3 11	0.2307692308
4 52 60	0.4000000000
23 53 8	0.1538461538
21 61 24	0.2000000000
1 49 0	0.2500000000
21 11 32	0.2000000000
15 52 8	0.1000000000
15 52 42	0.1666666667
20 53 46	0.0571428571
56 3 48	0.0833333333
3 70 18	0.0555555556
7 61 19	0.2500000000
64 52 47	0.0625000000
2 51 56	0.1538461538
20 11 11	0.1875000000
23 3 63	0.0666666667
23 3 2	0.0684931507
1 59 46	0.0833333333
20 1 11	0.0769230769
3 4 3	0.0500000000
3 61 4	0.4444444444
6 18 4	0.1111111111
23 78 4	0.2857142857
6 24 1	0.4166666667
31 47 57	0.2857142857
1 7 32	0.1818181818
23 48 4	0.3125000000
1 60 52	0.3437500000
56 2 3	0.1428571429
3 1 42	0.1666666667
15 47 53	0.1111111111
20 11 8	0.1428571429
20 70 20	0.2857142857
3 57 47	0.0555555556
6 18 6	0.2058823529
1 66 21	0.1538461538
4 53 60	0.3333333333
4 14 0	0.1818181818
31 11 52	0.2500000000
6 24 8	0.2000000000
21 0 6	0.1627906977
4 2 49	0.1666666667
21 32 14	0.3125000000
21 3 20	0.2777777778
56 47 59	0.1538461538
56 47 52	0.0645161290
46 59 7	0.0769230769
20 54 6	0.0389610390
51 56 57	0.1578947368
3 3 57	0.0769230769
3 3 59	0.0508474576
20 6 17	0.0540540541
15 6 66	0.0200000000
3 78 49	0.0344827586
4 0 13	0.0882352941
31 3 20	0.3333333333
31 2 56	0.1538461538
1 7 49	0.0784313725
4 47 52	0.3181818182
1 59 60	0.2142857143
1 78 2	0.0588235294
21 53 49	0.0608695652
23 47 13	0.0800000000
1 14 53	0.1851851852
21 50 8	0.1875000000
4 66 49	0.2500000000
1 54 32	0.1250000000
6 4 1	0.2222222222
21 78 59	0.2500000000
1 3 60	0.1250000000
31 52 31	0.3000000000
31 53 21	0.1111111111
31 59 4	0.2380952381
4 59 7	0.3333333333
1 48 50	0.0857142857
2 1 4	0.2000000000
4 7 60	0.3333333333
4 52 59	0.2439024390
20 1 6	0.0571428571
51 3 54	0.2692307692
15 46 17	0.1000000000
3 60 1	0.1428571429
15 49 17	0.1000000000
3 6 54	0.2500000000
20 2 7	0.1818181818
46 59 66	0.0285714286
7 52 0	0.2352941176
20 32 54	0.1666666667
6 18 7	0.3000000000
1 57 78	0.3529411765
1 49 14	0.3181818182
64 3 66	0.0270270270
56 13 5	0.0454545455
3 50 1	0.0714285714
56 32 47	0.0666666667
64 52 57	0.0833333333
7 52 7	0.0769230769
20 54 57	0.1666666667
20 11 50	0.0277777778
7 3 42	0.1666666667
64 3 1	0.1333333333
21 20 3	0.0769230769
3 48 52	0.0694444444
21 53 13	0.0972222222
15 6 8	0.0714285714
56 53 3	0.1250000000
7 78 59	0.1333333333
56 48 78	0.1818181818
4 1 54	0.2222222222
31 67 23	0.2666666667
1 15 0	0.2978723404
23 59 54	0.2500000000
21 6 29	0.1025641026
7 59 1	0.0909090909
21 2 7	0.2352941176
3 4 47	0.0833333333
56 59 47	0.1071428571
1 6 2	0.0724637681
23 70 20	0.2222222222
1 4 53	0.1304347826
2 20 11	0.1000000000
56 3 5	0.0666666667
15 59 14	0.0833333333
20 8 42	0.1666666667
56 49 53	0.0465116279
15 59 54	0.1111111111
20 60 54	0.1111111111
20 4 27	0.1000000000
2 51 7	0.1764705882
31 49 22	0.1818181818
21 53 19	0.3478260870
6 29 56	0.1875000000
46 59 48	0.1363636364
7 49 50	0.0172413793
3 69 1	0.1111111111
23 78 14	0.3000000000
23 50 57	0.2727272727
4 46 52	0.2307692308
31 56 53	0.0434782609
2 1 0	0.2142857143
23 3 60	0.2105263158
4 2 3	0.1428571429
23 61 20	0.2777777778
21 57 54	0.3333333333
21 59 4	0.1538461538
23 11 13	0.0606060606
21 50 24	0.0588235294
2 23 4	0.2500000000
1 14 7	0.2727272727
6 9 24	0.2857142857
21 57 48	0.3636363636
31 6 14	0.3333333333
23 78 46	0.1224489796
23 1 8	0.2857142857
4 14 47	0.1111111111
4 49 78	0.3000000000
7 52 14	0.0800000000
3 13 1	0.1481481481
7 3 6	0.0330578512
7 60 3	0.0869565217
20 52 27	0.1428571429
3 68 19	0.1250000000
21 52 46	0.0434782609
20 53 1	0.1250000000
64 3 14	0.1000000000
20 57 78	0.2000000000
20 49 7	0.0784313725
56 32 49	0.0303030303
4 48 52	0.3181818182
23 57 48	0.2500000000
31 78 14	0.2000000000
21 0 54	0.1818181818
1 32 60	0.2500000000
15 48 17	0.1111111111
15 0 54	0.2000000000
3 52 54	0.2758620690
4 60 8	0.0909090909
6 24 4	0.2000000000
4 57 7	0.4000000000
21 13 20	0.2142857143
31 6 32	0.3000000000
23 78 53	0.0612244898
4 48 50	0.1052631579
4 1 11	0.2142857143
4 53 49	0.0555555556
31 47 46	0.1034482759
31 48 47	0.2173913043
23 57 4	0.3125000000
31 13 7	0.3333333333
64 4 54	0.1250000000
15 3 1	0.1000000000
2 3 57	0.2500000000
20 6 11	0.1363636364
20 53 50	0.0476190476
46 20 47	0.1333333333
3 47 23	0.0666666667
2 3 78	0.1250000000
20 59 3	0.1153846154
31 2 15	0.2000000000
4 7 46	0.0416666667
1 50 23	0.3333333333
21 8 59	0.2000000000
4 78 1	0.3571428571
4 7 8	0.0714285714
4 0 52	0.3235294118
21 78 57	0.4000000000
4 13 48	0.1818181818
23 57 3	0.1621621622
4 59 8	0.1428571429
31 59 2	0.0909090909
23 4 31	0.1666666667
23 47 60	0.4000000000
56 3 60	0.0909090909
7 47 23	0.1111111111
20 50 60	0.1250000000
21 70 54	0.2666666667
31 52 32	0.3333333333
31 48 13	0.2162162162
1 4 3	0.1111111111
31 20 46	0.0983606557
6 18 24	0.2857142857
23 6 54	0.4375000000
31 14 59	0.0909090909
20 70 54	0.1000000000
20 49 8	0.0526315789
51 51 24	0.1111111111
4 47 50	0.1000000000
23 59 46	0.0793650794
56 48 1	0.1250000000
20 2 78	0.2222222222
3 48 57	0.1428571429
64 3 57	0.0769230769
56 59 11	0.0769230769
64 4 3	0.0769230769
23 66 22	0.2857142857
23 50 31	0.1176470588
4 1 4	0.1818181818
3 77 21	0.0769230769
3 6 24	0.0909090909
7 52 8	0.1000000000
51 3 42	0.3750000000
20 46 60	0.1000000000
56 69 1	0.0952380952
3 1 54	0.2222222222
56 47 7	0.0909090909
3 66 56	0.0819672131
46 59 50	0.0500000000
15 13 48	0.0909090909
46 2 59	0.0833333333
56 13 57	0.1000000000
23 53 4	0.1000000000
21 70 7	0.1304347826
1 49 24	0.2592592593
3 66 46	0.0952380952
3 54 3	0.0555555556
20 11 13	0.0476190476
7 60 49	0.0312500000
46 49 7	0.0454545455
20 53 42	0.1666666667
20 4 13	0.0909090909
56 48 8	0.0666666667
64 29 20	0.1666666667
4 2 59	0.1111111111
31 53 56	0.2000000000
1 53 46	0.0652173913
1 7 13	0.0666666667
21 78 46	0.0800000000
31 78 47	0.2333333333
31 3 60	0.2162162162
31 49 54	0.3000000000
1 3 32	0.3142857143
2 23 11	0.2307692308
23 14 6	0.1363636364
64 52 66	0.0212765957
64 52 54	0.2222222222
3 60 8	0.1111111111
4 78 14	0.3750000000
4 14 53	0.3157894737
23 7 32	0.2222222222
4 0 59	0.2400000000
4 11 60	0.1428571429
4 8 59	0.1111111111
31 20 4	0.3478260870
20 4 8	0.1000000000
3 68 3	0.2222222222
56 6 13	0.0727272727
31 52 2	0.0769230769
21 32 49	0.0434782609
1 53 49	0.0869565217
6 24 53	0.0526315789
23 75 18	0.1538461538
1 54 47	0.2439024390
31 11 47	0.1111111111
31 47 48	0.3333333333
23 48 50	0.0857142857
4 49 49	0.1276595745
4 49 2	0.0769230769
1 13 14	0.4375000000
56 47 78	0.1428571429
21 20 78	0.1666666667
20 50 49	0.0303030303
3 47 17	0.0540540541
56 49 1	0.1515151515
3 60 52	0.0333333333
15 60 6	0.1000000000
3 7 50	0.0606060606
3 7 49	0.0263157895
31 48 78	0.3000000000
4 52 31	0.1250000000
23 77 50	0.2000000000
23 42 3	0.2000000000
20 14 0	0.2857142857
20 13 8	0.1000000000
15 6 49	0.0394736842
31 32 49	0.0724637681
3 54 14	0.1111111111
20 8 1	0.1250000000
3 10 3	0.0952380952
4 6 48	0.4074074074
31 14 47	0.1111111111
23 32 47	0.3043478261
4 46 3	0.1904761905
21 57 46	0.0363636364
23 53 1	0.3333333333
31 13 32	0.3333333333
23 2 6	0.1621621622
3 13 14	0.0526315789
3 3 1	0.1363636364
51 75 24	0.1333333333
51 64 4	0.1000000000
20 52 11	0.1739130435
3 4 27	0.1000000000
56 59 50	0.0357142857
3 52 42	0.3750000000
20 4 52	0.0555555556
6 24 13	0.0882352941
21 4 49	0.0430107527
4 69 21	0.6153846154
20 4 1	0.0666666667
20 49 57	0.1538461538
3 7 60	0.1818181818
21 60 57	0.3125000000
31 61 19	0.3076923077
4 0 48	0.2500000000
56 49 0	0.2000000000
46 49 17	0.0333333333
51 48 7	0.1818181818
3 14 1	0.1111111111
56 3 7	0.0666666667
56 3 66	0.0158730159
20 49 56	0.0571428571
20 46 53	0.0454545455
4 52 2	0.1071428571
20 3 48	0.0384615385
3 66 19	0.1111111111
20 50 53	0.1250000000
21 59 57	0.3214285714
23 32 32	0.3333333333
2 1 59	0.2727272727
23 13 46	0.0526315789
21 0 50	0.0416666667
1 53 13	0.0833333333
4 7 49	0.1111111111
1 32 8	0.2608695652
6 24 47	0.1818181818
7 77 50	0.1000000000
56 48 66	0.0285714286
64 52 21	0.0769230769
56 78 47	0.0666666667
3 59 59	0.0200000000
3 54 49	0.0208333333
7 13 20	0.0833333333
20 13 7	0.0833333333
31 60 32	0.2500000000
21 15 3	0.1428571429
2 1 53	0.1071428571
31 49 19	0.3333333333
1 57 48	0.2500000000
4 32 8	0.1250000000
1 50 3	0.2222222222
4 57 60	0.1250000000
4 17 46	0.0714285714
4 48 49	0.0816326531
31 6 50	0.0454545455
31 6 2	0.1034482759
6 4 7	0.1666666667
1 70 18	0.1538461538
4 6 60	0.2500000000
21 70 15	0.1428571429
20 60 60	0.1250000000
20 4 66	0.0357142857
1 64 29	0.1176470588
4 1 78	0.2777777778
21 3 54	0.1428571429
2 51 4	0.1666666667
20 1 78	0.1250000000
20 68 19	0.1250000000
3 54 47	0.0625000000
56 53 20	0.1666666667
64 4 52	0.0909090909
15 47 47	0.0952380952
23 57 57	0.3684210526
23 13 60	0.2142857143
4 3 2	0.0714285714
3 47 7	0.0588235294
23 1 14	0.5000000000
1 6 29	0.0909090909
1 53 59	0.1538461538
4 13 54	0.1666666667
2 4 59	0.2857142857
23 4 3	0.1764705882
6 29 24	0.2857142857
4 52 7	0.4375000000
21 17 46	0.0714285714
1 13 54	0.3000000000
7 3 54	0.1666666667
20 1 49	0.0085470085
56 13 60	0.1250000000
4 60 7	0.3333333333
21 32 66	0.0100000000
3 11 13	0.0476190476
3 7 3	0.0810810811
15 52 14	0.0714285714
56 47 47	0.1250000000
20 54 59	0.1111111111
20 8 8	0.0555555556
2 20 8	0.0526315789
2 1 57	0.3636363636
4 47 53	0.2083333333
20 53 8	0.0714285714
20 53 49	0.0222222222
7 3 11	0.1578947368
31 13 63	0.0978260870
21 60 53	0.0612244898
23 6 24	0.1333333333
6 4 54	0.1250000000
4 78 54	0.1818181818
23 14 59	0.2500000000
15 39 20	0.1000000000
15 0 5	0.1333333333
21 53 48	0.3076923077
20 47 60	0.1333333333
64 24 8	0.1000000000
23 61 19	0.2500000000
15 6 48	0.1000000000
21 4 31	0.1333333333
31 48 7	0.1818181818
4 78 57	0.1111111111
23 2 57	0.2500000000
21 50 60	0.1111111111
2 1 7	0.3333333333
4 7 32	0.2500000000
4 6 8	0.1578947368
15 59 8	0.0588235294
21 63 60	0.1250000000
1 60 4	0.2666666667
20 6 19	0.2222222222
20 49 24	0.1666666667
21 14 66	0.0099009901
23 54 6	0.1176470588
20 57 3	0.0975609756
20 53 66	0.0285714286
20 50 47	0.0625000000
21 70 22	0.0769230769
31 56 60	0.0769230769
23 50 8	0.2142857143
2 23 32	0.2500000000
21 54 32	0.1111111111
3 11 14	0.2000000000
4 0 32	0.1666666667
23 1 2	0.1153846154
4 57 50	0.0625000000
23 59 4	0.2307692308
4 60 3	0.0869565217
1 14 47	0.1052631579
21 46 14	0.1875000000
1 4 13	0.0645161290
4 14 3	0.1052631579
51 7 48	0.1333333333
20 3 47	0.0526315789
51 64 24	0.0588235294
20 60 17	0.0833333333
2 23 60	0.2222222222
2 4 57	0.4000000000
23 11 53	0.1162790698
21 73 6	0.0476190476
3 59 50	0.0263157895
56 59 14	0.0833333333
3 59 14	0.1176470588
1 14 3	0.1470588235
21 78 14	0.2500000000
1 60 0	0.1818181818
1 8 4	0.3333333333
3 78 47	0.0714285714
15 13 57	0.1250000000
21 7 13	0.0638297872
20 57 8	0.1764705882
20 53 52	0.0869565217
3 11 66	0.0169491525
56 14 49	0.0625000000
1 59 2	0.1212121212
23 32 14	0.4444444444
1 54 53	0.0851063830
20 7 8	0.0476190476
46 20 8	0.0833333333
20 14 66	0.0208333333
51 56 60	0.0666666667
3 52 17	0.0454545455
21 11 53	0.0217391304
4 2 6	0.1000000000
21 51 20	0.1250000000
56 2 52	0.1000000000
31 60 2	0.0909090909
31 47 59	0.1904761905
1 70 20	0.1666666667
2 1 11	0.3846153846
6 9 15	0.1250000000
21 10 21	0.1111111111
3 6 14	0.0370370370
15 52 57	0.0909090909
23 57 60	0.1111111111
23 68 19	0.3636363636
1 77 50	0.2000000000
4 13 78	0.2727272727
1 78 47	0.1724137931
4 3 32	0.1428571429
21 50 21	0.6153846154
2 3 8	0.0909090909
20 14 47	0.1333333333
56 48 11	0.2142857143
7 60 6	0.0588235294
21 68 3	0.3333333333
2 1 32	0.1111111111
4 3 7	0.2857142857
1 10 61	0.0909090909
4 60 4	0.2500000000
23 1 48	0.2727272727
4 3 54	0.2222222222
21 63 53	0.0555555556
3 8 14	0.1000000000
56 47 27	0.0909090909
64 52 50	0.0689655172
56 61 4	0.2857142857
56 53 56	0.0294117647
64 24 3	0.1063829787
1 13 2	0.0666666667
6 3 46	0.0357142857
2 4 8	0.1666666667
64 52 8	0.1250000000
1 15 3	0.1428571429
4 3 1	0.2727272727
31 47 14	0.5000000000
21 13 4	0.1333333333
4 59 46	0.1000000000
31 48 6	0.2413793103
23 2 59	0.2400000000
31 14 2	0.1250000000
6 9 7	0.0909090909
23 4 46	0.0833333333
2 3 3	0.0800000000
7 77 1	0.0714285714
56 14 13	0.0714285714
64 4 60	0.1428571429
56 48 47	0.0714285714
1 70 7	0.0909090909
31 49 24	0.2000000000
31 48 14	0.4444444444
21 70 20	0.3750000000
20 46 52	0.0909090909
2 20 78	0.1666666667
3 47 60	0.1764705882
1 14 13	0.1428571429
21 11 54	0.3636363636
23 3 31	0.1666666667
7 78 47	0.0967741935
3 53 6	0.0370370370
1 11 54	0.2222222222
1 60 60	0.1111111111
4 7 59	0.1111111111
4 11 53	0.1176470588
2 4 54	0.1666666667
23 11 49	0.0540540541
20 49 54	0.1111111111
20 60 6	0.0487804878
51 56 50	0.0645161290
15 47 48	0.2500000000
56 52 42	0.2857142857
20 6 7	0.0909090909
20 7 54	0.1250000000
1 50 54	0.2727272727
20 53 60	0.1250000000
20 46 6	0.0357142857
4 0 4	0.2727272727
1 49 2	0.0555555556
23 14 14	0.5000000000
23 53 46	0.0277777778
4 48 4	0.2222222222
23 50 49	0.0416666667
4 49 19	0.2222222222
1 66 46	0.0526315789
4 49 56	0.1818181818
4 65 24	0.2500000000
56 13 6	0.0714285714
46 67 3	0.1111111111
3 6 18	0.0256410256
7 59 11	0.1818181818
51 7 14	0.0500000000
64 3 8	0.1428571429
56 13 66	0.0400000000
23 42 57	0.2857142857
23 53 47	0.2000000000
15 13 6	0.0434782609
23 48 54	0.2666666667
20 6 78	0.2000000000
56 59 48	0.1818181818
20 53 14	0.1000000000
23 4 13	0.0666666667
23 32 11	0.5454545455
21 53 32	0.1333333333
1 11 60	0.1250000000
7 6 42	0.2857142857
21 53 0	0.1250000000
3 53 42	0.1666666667
6 24 11	0.3846153846
23 60 13	0.2307692308
7 49 56	0.0465116279
46 46 1	0.2000000000
20 14 54	0.1818181818
15 60 52	0.0434782609
20 49 22	0.0909090909
3 32 1	0.1428571429
51 82 18	0.0123456790
3 53 14	0.1000000000
64 24 13	0.0588235294
64 24 11	0.1538461538
20 1 14	0.1000000000
4 66 46	0.0909090909
1 54 4	0.2307692308
2 51 3	0.0312500000
23 49 22	0.1538461538
1 50 13	0.0833333333
31 13 2	0.0714285714
4 52 4	0.2727272727
4 32 54	0.1666666667
4 78 50	0.0769230769
7 47 13	0.0487804878
21 6 17	0.0114942529
4 13 1	0.3000000000
6 3 14	0.4000000000
21 50 53	0.0476190476
23 6 19	0.1428571429
1 32 49	0.0396039604
56 77 27	0.1000000000
1 77 4	0.2222222222
4 78 60	0.1250000000
4 3 53	0.0312500000
4 32 13	0.0476190476
3 4 66	0.0357142857
1 57 54	0.3076923077
4 52 0	0.1818181818
3 66 24	0.1428571429
56 13 78	0.1250000000
4 0 14	0.3333333333
21 46 56	0.4166666667
20 32 6	0.0434782609
20 60 3	0.0937500000
4 60 46	0.0666666667
21 47 46	0.0714285714
23 14 50	0.0526315789
23 68 3	0.3333333333
23 70 7	0.2105263158
23 14 2	0.0769230769
15 0 14	0.0526315789
3 8 42	0.1666666667
20 8 11	0.2307692308
4 53 59	0.1111111111
1 7 7	0.3125000000
23 14 49	0.0454545455
21 49 2	0.0220994475
1 59 4	0.2352941176
21 0 47	0.1538461538
21 20 54	0.1250000000
3 11 50	0.0277777778
4 47 11	0.1250000000
3 59 53	0.0212765957
20 32 48	0.2500000000
20 54 14	0.0769230769
21 66 24	0.2727272727
64 4 66	0.0625000000
4 32 1	0.1428571429
3 78 57	0.1428571429
3 3 11	0.0714285714
4 13 11	0.2727272727
64 36 56	0.0500000000
64 4 53	0.1818181818
15 49 60	0.1250000000
1 7 46	0.0500000000
21 3 11	0.1600000000
20 4 11	0.1111111111
64 3 52	0.0727272727
46 49 53	0.0119047619
31 67 31	0.1379310345
2 4 6	0.1951219512
4 17 20	0.1111111111
4 66 59	0.2500000000
4 47 60	0.1666666667
23 54 13	0.1250000000
31 82 24	0.1052631579
21 50 46	0.0800000000
7 59 14	0.0833333333
20 14 50	0.0434782609
20 14 6	0.0425531915
3 46 6	0.0357142857
15 13 51	0.1176470588
15 48 52	0.0625000000
3 47 54	0.1428571429
20 7 60	0.2142857143
1 8 49	0.0408163265
6 18 21	0.1111111111
1 65 24	0.2222222222
1 4 11	0.1818181818
23 46 60	0.3000000000
23 4 6	0.1578947368
4 1 57	0.3333333333
23 54 1	0.3000000000
6 18 14	0.2857142857
1 53 8	0.2142857143
3 54 53	0.0625000000
20 53 78	0.2000000000
15 47 52	0.1034482759
23 8 50	0.0540540541
20 11 52	0.0465116279
20 8 13	0.0312500000
7 13 14	0.0555555556
7 3 53	0.0714285714
20 11 60	0.1428571429
31 10 3	0.3500000000
1 78 8	0.2000000000
20 8 50	0.0270270270
3 8 53	0.0800000000
56 13 11	0.2000000000
7 14 59	0.1666666667
1 1 50	0.0526315789
23 1 4	0.0714285714
6 9 20	0.3333333333
23 78 54	0.2142857143
31 49 18	0.1538461538
31 2 59	0.1764705882
4 78 52	0.2500000000
7 78 49	0.0266666667
7 6 60	0.1250000000
4 78 6	0.1034482759
64 3 11	0.1538461538
4 53 0	0.1250000000
4 0 11	0.1538461538
23 4 7	0.1250000000
46 63 52	0.0500000000
64 29 24	0.1428571429
3 60 78	0.1000000000
1 7 4	0.1000000000
3 53 8	0.0769230769
1 50 46	0.0333333333
2 4 13	0.0645161290
1 4 54	0.1250000000
31 14 6	0.2307692308
21 49 42	0.2222222222
46 20 7	0.1111111111
21 59 50	0.0615384615
4 2 13	0.2500000000
46 59 8	0.1363636364
21 66 5	0.0045248869
15 49 59	0.1333333333
3 6 50	0.0232558140
2 20 47	0.0526315789
20 13 42	0.1666666667
4 68 20	0.3636363636
21 7 4	0.0625000000
1 53 32	0.1818181818
4 0 60	0.1250000000
23 49 50	0.0370370370
21 20 52	0.0909090909
3 32 8	0.1428571429
23 7 47	0.1875000000
23 32 49	0.0526315789
4 49 6	0.0588235294
31 47 54	0.2352941176
23 32 1	0.2222222222
3 53 13	0.0416666667
4 59 2	0.1000000000
1 70 54	0.2666666667
1 7 11	0.1000000000
1 60 78	0.3076923077
23 68 52	0.2500000000
21 48 32	0.4000000000
23 54 14	0.3750000000
4 32 59	0.3000000000
1 50 31	0.1176470588
23 67 23	0.2666666667
3 53 57	0.1250000000
20 78 57	0.1428571429
21 63 3	0.0476190476
3 59 52	0.0465116279
64 3 42	0.1666666667
20 7 78	0.2857142857
21 78 60	0.2222222222
23 14 57	0.1111111111
21 88 1	0.1428571429
20 59 50	0.0833333333
4 13 8	0.1538461538
4 67 31	0.1176470588
6 18 15	0.2500000000
1 50 78	0.2222222222
1 13 60	0.1818181818
3 4 8	0.1000000000
21 11 4	0.0625000000
1 78 50	0.0625000000
4 11 54	0.1250000000
6 24 49	0.0465116279
46 46 3	0.0526315789
31 5 19	0.1818181818
23 6 50	0.0266666667
15 63 20	0.1000000000
15 0 50	0.0363636364
64 52 14	0.1250000000
20 8 57	0.0909090909
46 67 46	0.1111111111
21 48 47	0.2105263158
3 13 54	0.0833333333
21 14 13	0.0666666667
1 50 11	0.2727272727
23 50 19	0.1428571429
6 4 4	0.1428571429
4 46 1	0.2666666667
46 20 3	0.0400000000
1 60 49	0.0363636364
15 60 47	0.0769230769
20 60 42	0.1666666667
3 1 49	0.0085470085
21 4 47	0.1428571429
23 7 13	0.0909090909
31 11 13	0.2307692308
21 3 31	0.1666666667
23 77 1	0.1428571429
1 10 54	0.1111111111
56 49 50	0.0294117647
46 20 57	0.1818181818
4 32 57	0.2857142857
4 0 63	0.0769230769
4 48 59	0.1666666667
3 32 7	0.1111111111
7 6 7	0.0500000000
4 59 54	0.1250000000
1 1 54	0.5000000000
1 2 8	0.1818181818
3 2 47	0.1176470588
2 23 2	0.1250000000
56 53 22	0.1428571429
23 42 32	0.2500000000
23 14 53	0.1071428571
1 69 24	0.2727272727
56 13 50	0.0370370370
20 8 49	0.0208333333
23 60 6	0.2307692308
56 49 46	0.0181818182
20 6 66	0.0063694268
3 47 27	0.1000000000
15 47 13	0.0384615385
3 14 11	0.1428571429
20 54 60	0.1250000000
6 29 19	0.1250000000
4 32 14	0.2857142857
3 54 54	0.1666666667
20 70 7	0.1176470588
15 60 3	0.1578947368
7 61 24	0.1250000000
3 2 78	0.2222222222
4 11 13	0.0454545455
3 47 13	0.0294117647
3 50 50	0.0666666667
21 0 59	0.2400000000
21 4 4	0.1111111111
1 1 48	0.2142857143
64 52 52	0.0666666667
7 59 57	0.0909090909
3 48 48	0.2500000000
56 78 13	0.0952380952
21 20 11	0.1428571429
31 32 14	0.1250000000
56 59 42	0.1666666667
64 52 17	0.1000000000
15 47 27	0.1000000000
15 3 48	0.0476190476
31 57 6	0.2307692308
23 54 7	0.2500000000
31 75 24	0.0800000000
23 53 57	0.2500000000
4 8 8	0.1818181818
15 59 78	0.1111111111
64 3 48	0.1000000000
21 53 50	0.0517241379
51 56 54	0.0909090909
1 6 50	0.0423728814
3 48 60	0.1000000000
31 69 4	0.1538461538
4 11 11	0.1111111111
7 3 5	0.0416666667
4 1 48	0.1111111111
23 48 60	0.1000000000
31 46 46	0.1111111111
23 54 4	0.2500000000
2 1 49	0.0833333333
1 2 57	0.2500000000
64 4 11	0.1428571429
23 70 29	0.0740740741
20 54 42	0.1666666667
21 77 4	0.2222222222
23 54 59	0.1250000000
4 66 63	0.0588235294
31 56 2	0.0540540541
31 47 0	0.2352941176
21 0 60	0.1250000000
3 14 78	0.1666666667
1 13 50	0.0185185185
21 1 46	0.0416666667
31 57 2	0.1250000000
20 49 18	0.0555555556
3 13 42	0.1666666667
1 4 57	0.0833333333
46 20 54	0.1250000000
7 49 11	0.1111111111
31 46 56	0.2857142857
4 78 53	0.0625000000
6 18 32	0.3076923077
6 2 4	0.1250000000
23 48 53	0.0465116279
4 3 46	0.0638297872
4 57 32	0.1818181818
23 61 56	0.1666666667
6 18 60	0.1250000000
20 57 47	0.0555555556
23 68 20	0.1818181818
7 69 21	0.0769230769
21 14 17	0.0294117647
3 60 54	0.1666666667
51 82 24	0.0666666667
20 32 8	0.1428571429
21 52 27	0.0238095238
64 4 78	0.1666666667
23 50 60	0.1250000000
56 6 49	0.0131578947
6 3 48	0.2000000000
4 6 54	0.2857142857
21 32 42	0.1250000000
21 61 21	0.1111111111
23 11 78	0.1428571429
6 4 49	0.0500000000
23 42 49	0.1111111111
15 52 11	0.1428571429
15 48 49	0.0196078431
4 48 54	0.1250000000
4 8 7	0.3333333333
51 26 20	0.1428571429
20 3 1	0.1000000000
56 6 8	0.1000000000
21 20 47	0.1000000000
21 14 2	0.0476190476
23 75 4	0.3333333333
4 52 14	0.4000000000
15 2 17	0.1000000000
7 59 78	0.1176470588
7 3 7	0.0625000000
3 57 42	0.2857142857
4 32 7	0.1666666667
31 6 4	0.1250000000
23 42 52	0.2000000000
21 0 63	0.0769230769
6 18 50	0.0833333333
23 42 7	0.1666666667
1 53 22	0.1538461538
3 60 42	0.1666666667
23 13 50	0.0181818182
1 49 29	0.0625000000
23 14 78	0.2222222222
7 2 47	0.0909090909
15 49 7	0.0714285714
4 49 48	0.0666666667
6 18 46	0.0689655172
31 49 61	0.0606060606
4 78 59	0.1111111111
1 57 60	0.1111111111
23 57 32	0.1428571429
1 1 1	0.3684210526
1 14 4	0.1428571429
4 47 59	0.1111111111
7 77 21	0.0769230769
20 4 3	0.0500000000
3 7 66	0.0172413793
15 49 13	0.1000000000
56 59 54	0.1666666667
2 75 4	0.1111111111
15 77 21	0.0769230769
1 60 53	0.0740740741
31 69 24	0.1428571429
31 49 21	0.1111111111
31 11 3	0.1538461538
23 59 32	0.3043478261
1 67 7	0.1250000000
31 49 2	0.0131578947
4 47 46	0.0588235294
1 49 21	0.1111111111
4 60 0	0.1250000000
3 48 7	0.0909090909
46 46 52	0.0769230769
20 47 49	0.0277777778
23 78 78	0.3333333333
21 50 59	0.1666666667
1 8 50	0.0256410256
3 57 54	0.2857142857
2 3 6	0.0800000000
56 48 50	0.0476190476
23 60 2	0.1250000000
15 10 46	0.1333333333
31 60 78	0.1250000000
31 15 14	0.2727272727
15 52 53	0.0344827586
56 3 6	0.0229885057
31 32 48	0.1250000000
1 57 4	0.2000000000
7 59 53	0.0588235294
3 1 7	0.0769230769
3 47 21	0.0769230769
31 14 14	0.2857142857
4 6 46	0.0185185185
4 78 49	0.0606060606
3 65 7	0.0370370370
20 1 7	0.0769230769
3 78 52	0.0526315789
56 77 50	0.1000000000
3 54 7	0.0909090909
20 59 59	0.0833333333
21 63 6	0.0434782609
2 23 46	0.0714285714
3 67 3	0.1111111111
56 13 8	0.1111111111
23 57 53	0.0526315789
51 51 22	0.1428571429
20 7 66	0.0128205128
6 76 18	0.0500000000
31 14 32	0.1666666667
6 24 48	0.2500000000
4 48 8	0.2941176471
6 3 4	0.1111111111
4 32 52	0.2500000000
1 67 15	0.1250000000
3 4 52	0.0555555556
15 0 42	0.1666666667
21 70 4	0.1428571429
23 60 59	0.0909090909
4 67 4	0.1428571429
21 6 22	0.1904761905
3 1 11	0.0769230769
4 8 13	0.0625000000
23 32 7	0.2857142857
15 0 66	0.0092592593
21 11 42	0.1250000000
3 14 66	0.0208333333
56 13 42	0.1666666667
1 10 21	0.1111111111
4 48 46	0.1052631579
1 1 53	0.0350877193
21 57 50	0.0441176471
4 8 53	0.0625000000
4 49 60	0.1666666667
15 59 49	0.0163934426
15 67 1	0.0833333333
7 13 48	0.1333333333
4 70 29	0.0909090909
2 20 13	0.1176470588
6 36 15	0.1250000000
23 66 21	0.1111111111
3 7 54	0.1250000000
7 64 4	0.1111111111
20 1 42	0.1666666667
20 60 49	0.0333333333
23 4 8	0.1818181818
6 18 57	0.2727272727
6 9 19	0.1250000000
21 4 57	0.0588235294
20 7 11	0.1111111111
1 13 4	0.0833333333
4 78 8	0.1818181818
23 66 63	0.0740740741
20 10 3	0.0625000000
2 4 48	0.2500000000
21 20 50	0.1111111111
21 0 13	0.0882352941
31 57 14	0.2857142857
20 32 13	0.0645161290
3 3 8	0.0909090909
64 24 0	0.2500000000
20 60 13	0.0416666667
21 10 61	0.0909090909
20 4 49	0.0256410256
1 54 60	0.1250000000
15 33 20	0.1000000000
3 11 60	0.1428571429
31 57 3	0.1538461538
15 13 5	0.0476190476
6 18 78	0.1250000000
3 50 78	0.1666666667
20 57 59	0.1052631579
3 11 48	0.2500000000
2 20 50	0.0270270270
21 4 46	0.0400000000
7 13 42	0.1666666667
2 4 49	0.0333333333
64 29 4	0.1666666667
56 60 47	0.1111111111
23 4 78	0.2857142857
31 32 2	0.1666666667
51 56 7	0.0666666667
21 6 66	0.0025575448
21 88 78	0.1111111111
4 53 24	0.2857142857
4 69 4	0.1428571429
4 70 4	0.4000000000
4 3 50	0.0588235294
20 3 78	0.1111111111
15 59 1	0.1333333333
64 52 42	0.1666666667
20 7 47	0.0714285714
21 8 46	0.0454545455
1 11 2	0.0526315789
51 48 56	0.0833333333
1 50 24	0.0909090909
1 14 32	0.1250000000
4 78 3	0.0869565217
1 70 19	0.1250000000
3 46 60	0.1000000000
3 78 13	0.0454545455
21 4 78	0.2000000000
1 4 4	0.1428571429
56 48 57	0.0833333333
21 14 57	0.0909090909
23 42 1	0.2500000000
6 24 0	0.1250000000
51 48 4	0.1666666667
20 67 46	0.1111111111
21 49 17	0.0144927536
64 24 6	0.0250000000
15 49 78	0.1111111111
3 57 52	0.0312500000
3 54 42	0.1666666667
21 7 17	0.0185185185
20 57 7	0.1000000000
64 29 19	0.1250000000
31 53 24	0.2222222222
23 8 24	0.2500000000
1 64 24	0.1052631579
1 8 53	0.1200000000
4 32 3	0.1176470588
21 6 24	0.1176470588
2 4 46	0.0400000000
23 2 8	0.1818181818
56 48 42	0.1666666667
21 8 66	0.0101010101
6 36 7	0.2222222222
6 3 60	0.1250000000
64 24 54	0.1111111111
64 24 14	0.0833333333
31 56 56	0.2857142857
1 54 46	0.1020408163
23 54 46	0.0833333333
4 0 78	0.2500000000
4 47 31	0.1176470588
23 50 53	0.0526315789
1 60 46	0.0625000000
21 66 63	0.0526315789
1 46 7	0.0833333333
3 47 8	0.0416666667
56 6 11	0.0833333333
4 8 60	0.1250000000
4 47 0	0.1250000000
1 78 78	0.1250000000
23 10 21	0.1538461538
20 47 78	0.1666666667
21 88 13	0.0476190476
3 48 54	0.1250000000
4 57 49	0.0869565217
64 46 17	0.0714285714
20 47 50	0.0322580645
20 4 54	0.1250000000
23 32 54	0.2857142857
1 53 53	0.0454545455
6 80 54	0.1428571429
21 7 57	0.0555555556
21 57 60	0.1250000000
4 60 54	0.1250000000
3 46 53	0.0454545455
2 3 7	0.1250000000
3 7 11	0.1111111111
4 60 59	0.1250000000
1 14 49	0.0789473684
31 15 56	0.2857142857
21 2 46	0.0425531915
4 0 54	0.1818181818
23 1 53	0.0181818182
3 48 11	0.0833333333
20 53 6	0.0256410256
56 13 14	0.1250000000
2 23 53	0.0384615385
21 52 17	0.0243902439
64 9 7	0.0909090909
1 14 59	0.0833333333
3 8 8	0.0555555556
31 79 56	0.0833333333
64 24 7	0.0769230769
4 49 32	0.3333333333
23 14 32	0.2000000000
21 1 66	0.0072463768
4 13 63	0.0500000000
1 67 56	0.1428571429
1 6 19	0.1428571429
23 60 32	0.1666666667
21 57 66	0.0096153846
20 32 47	0.0714285714
4 60 49	0.0555555556
4 48 11	0.0909090909
7 47 66	0.0103092784
21 88 54	0.1666666667
7 32 6	0.0370370370
3 60 57	0.1250000000
4 7 13	0.0769230769
56 52 53	0.0175438596
1 49 61	0.0169491525
7 6 66	0.0089285714
31 49 56	0.0645161290
21 68 24	0.1428571429
4 3 4	0.1111111111
21 59 60	0.0909090909
1 70 15	0.1250000000
23 13 53	0.0149253731
21 49 61	0.0107526882
7 49 46	0.0140845070
1 57 2	0.0476190476
1 7 59	0.1000000000
21 52 42	0.1000000000
23 4 49	0.1052631579
1 2 7	0.1250000000
1 4 46	0.0625000000
21 88 8	0.1250000000
23 54 49	0.0555555556
1 14 2	0.0714285714
1 61 19	0.2222222222
1 2 46	0.0454545455
23 1 50	0.0238095238
23 47 14	0.1666666667
4 60 53	0.0714285714
21 14 8	0.0526315789
4 46 56	0.1666666667
2 4 7	0.1818181818
23 4 57	0.2500000000
31 13 20	0.0769230769
23 7 59	0.1111111111
4 57 53	0.0454545455
4 65 20	0.2222222222
1 78 53	0.0333333333
31 57 59	0.0909090909
3 32 11	0.1000000000
3 8 13	0.0312500000
6 4 3	0.0769230769
23 53 21	0.1111111111
21 77 49	0.1428571429
3 7 47	0.0769230769
15 2 52	0.0769230769
3 77 1	0.0625000000
21 46 7	0.0625000000
1 78 60	0.1000000000
1 53 50	0.0625000000
4 11 46	0.0714285714
21 15 56	0.1666666667
4 8 50	0.0526315789
15 17 20	0.1250000000
21 50 50	0.0400000000
6 4 60	0.1428571429
23 49 21	0.1111111111
4 52 57	0.0625000000
4 78 13	0.0625000000
23 60 47	0.1111111111
23 4 59	0.11111111