0	0.0000000000
1	0.0000000000
2	0.0000000000
3	0.0000000000
4	0.0000000000
5	0.0000000000
6	0.0000000000
7	0.0000000000
8	0.0000000000
9	0.0000000000
10	0.0000000000
11	0.0000000000
12	0.0000000000
13	0.0000000000
14	0.0000000000
15	0.0000000000
17	0.0000000000
18	0.0000000000
19	0.0000000000
20	0.0000000000
21	0.0000000000
22	0.0000000000
23	0.0000000000
24	0.0000000000
25	0.0000000000
26	0.0000000000
27	0.0000000000
28	0.0000000000
29	0.0000000000
30	0.0000000000
31	0.0000000000
32	0.0000000000
33	0.0000000000
34	0.0000000000
35	0.0000000000
36	0.0000000000
37	0.0000000000
38	0.0000000000
39	0.0000000000
40	0.0000000000
41	0.0000000000
42	0.0000000000
43	0.0000000000
44	0.0000000000
45	0.0000000000
46	0.0000000000
47	0.0000000000
48	0.0000000000
49	0.0000000000
50	0.0000000000
51	0.0000000000
52	0.0000000000
53	0.0000000000
54	0.0000000000
55	0.0000000000
56	0.0000000000
57	0.0000000000
58	0.0000000000
59	0.0000000000
60	0.0000000000
61	0.0000000000
62	0.0000000000
63	0.0000000000
64	0.0000000000
65	0.0000000000
66	0.0000000000
67	0.0000000000
68	0.0000000000
69	0.0000000000
70	0.0000000000
71	0.0000000000
72	0.0000000000
73	0.0000000000
74	0.0000000000
75	0.0000000000
76	0.0000000000
77	0.0000000000
78	0.0000000000
79	0.0000000000
80	0.0000000000
81	0.0000000000
82	0.0000000000
83	0.0000000000
84	0.0000000000
85	0.0000000000
86	0.0000000000
87	0.0000000000
88	0.0000000000
89	0.0000000000
90	0.0000000000
91	0.0000000000
92	0.0000000000
63 16	0.4117647059
49 64 16	0.4511278195
59 16	0.5357142857
5 49 16	0.5384615385
49 16	0.4375000000
63 53 16	0.4583333333
5 16	0.3461538462
49 47 16	0.5680000000
59 6 16	0.5606936416
48 16	0.4615384615
59 65 16	0.5833333333
49 68 16	0.5000000000
63 50 16	0.4545454545
49 61 16	0.5000000000
63 0 16	0.7441860465
49 59 16	0.4878048780
63 48 16	0.3000000000
49 0 16	0.5000000000
59 3 16	0.5852534562
49 6 4	0.0132275132
63 2 16	0.4705882353
5 63 16	0.5151515152
59 53 16	0.5161290323
59 49 16	0.5807453416
63 70 16	0.4000000000
59 47 16	0.5929203540
63 3 16	0.5000000000
49 46 16	0.5954198473
49 2 16	0.5057471264
49 8 16	0.4117647059
63 63 16	0.4615384615
49 52 16	0.6000000000
49 13 16	0.5427350427
48 51 16	0.5000000000
49 6 16	0.5879120879
59 46 16	0.6000000000
5 48 16	0.4583333333
49 49 16	0.5691056911
59 64 16	0.4347826087
51 63 16	0.6363636364
49 52 4	0.0161812298
49 47 4	0.0129032258
59 52 16	0.5442176871
49 54 16	0.5600000000
49 4 16	0.5409836066
49 1 16	0.5131578947
73 6 16	0.5882352941
59 50 16	0.4782608696
49 53 16	0.4881889764
63 46 16	0.5652173913
63 66 16	0.6800000000
59 1 16	0.4807692308
63 1 16	0.5357142857
59 8 16	0.4897959184
73 50 16	0.3636363636
59 61 16	0.4358974359
51 59 16	0.5405405405
63 68 16	0.3333333333
51 0 16	0.4545454545
59 66 16	0.5412844037
59 50 30	0.2187500000
49 11 16	0.5384615385
63 89 16	0.5625000000
5 59 16	0.5517241379
50 80 16	0.4705882353
27 34 16	0.3636363636
27 9 16	0.3000000000
50 3 4	0.0439560440
27 2 16	0.0909090909
50 71 16	0.3529411765
27 54 16	0.1428571429
27 5 16	0.2857142857
3 68 16	0.4920634921
7 16	0.4000000000
3 46 16	0.6282722513
15 59 16	0.5833333333
56 6 16	0.3255813953
64 29 16	0.4590163934
75 16	0.3076923077
5 3 16	0.5189873418
15 53 16	0.4736842105
20 16	0.4722222222
56 16	0.4117647059
3 66 16	0.4937500000
7 10 16	0.3548387097
7 32 16	0.3823529412
3 13 16	0.5342857143
51 7 16	0.4081632653
82 16	0.3076923077
51 16	0.3600000000
3 16	0.4444444444
7 68 16	0.5208333333
75 24 16	0.4074074074
3 11 16	0.5584415584
3 3 16	0.5585106383
3 8 16	0.5217391304
56 47 16	0.2222222222
51 64 16	0.4843750000
56 52 16	0.4848484848
15 0 16	0.4428571429
3 64 16	0.5000000000
15 3 16	0.4406779661
3 57 16	0.5500000000
7 11 16	0.4500000000
7 6 16	0.4676258993
3 53 16	0.5352941176
3 7 16	0.5263157895
3 60 16	0.3214285714
7 57 16	0.4878048780
7 52 16	0.4946236559
51 3 16	0.4886363636
20 47 16	0.5194805195
30 16	0.1428571429
18 16	0.4347826087
80 16	0.2500000000
46 37 16	0.4705882353
30 2 16	0.1666666667
80 25 4	0.0754716981
4 47 16	0.3939393939
18 5 16	0.5961538462
4 66 16	0.5394736842
18 10 16	0.5454545455
18 51 16	0.5000000000
18 3 16	0.5769230769
18 13 16	0.5263157895
18 79 16	0.1666666667
18 7 16	0.4750000000
18 66 16	0.6363636364
18 48 16	0.5416666667
18 75 16	0.5263157895
18 1 16	0.4166666667
18 20 16	0.4324324324
80 10 16	0.4583333333
18 49 16	0.6666666667
18 73 16	0.2857142857
18 59 16	0.5454545455
30 18 16	0.3000000000
80 24 16	0.2727272727
18 50 16	0.4666666667
1 16	0.4347826087
60 50 30	0.1538461538
0 16	0.4642857143
1 52 16	0.5058823529
52 16	0.5161290323
1 68 16	0.4516129032
52 1 16	0.6250000000
46 16	0.3823529412
0 42 16	0.2857142857
47 16	0.4347826087
53 49 16	0.5128205128
66 3 16	0.5000000000
66 16	0.4473684211
70 9 16	0.3333333333
6 13 16	0.4761904762
53 0 16	0.4000000000
53 16	0.4000000000
17 16	0.3333333333
6 46 16	0.5140186916
50 16	0.3333333333
1 50 16	0.3611111111
60 16	0.3000000000
68 7 16	0.5714285714
50 9 16	0.2500000000
60 49 16	0.4000000000
6 69 16	0.4705882353
68 16	0.3888888889
3 48 16	0.5243902439
53 19 16	0.5625000000
17 48 16	0.5555555556
3 63 16	0.6091954023
3 59 16	0.5458515284
66 56 16	0.6034482759
17 59 16	0.3600000000
52 52 16	0.5126582278
68 64 16	0.2222222222
6 59 16	0.5108695652
52 66 16	0.4967320261
17 51 16	0.3953488372
1 78 16	0.4615384615
52 3 16	0.5846994536
52 78 16	0.6451612903
70 16	0.3333333333
1 3 16	0.5220588235
0 52 16	0.6626506024
66 7 16	0.4754098361
85 16	0.1000000000
64 4 16	0.5319148936
56 46 16	0.3437500000
56 11 16	0.4666666667
20 32 16	0.4878048780
56 13 16	0.4067796610
82 29 16	0.4242424242
64 16	0.3571428571
56 33 16	0.2500000000
85 73 16	0.1666666667
20 57 16	0.4687500000
56 0 16	0.5000000000
85 0 16	0.4166666667
56 1 16	0.3529411765
20 4 16	0.2941176471
82 3 16	0.3157894737
20 3 16	0.5161290323
82 2 16	0.1111111111
64 24 16	0.4516129032
20 53 16	0.4695652174
56 32 16	0.5333333333
56 50 16	0.4615384615
64 46 16	0.3333333333
85 61 16	0.2857142857
56 49 16	0.4246575342
20 1 16	0.4800000000
17 10 16	0.3333333333
56 17 16	0.4827586207
33 5 16	0.1000000000
82 18 16	0.4054054054
20 52 16	0.5157894737
56 8 16	0.2222222222
82 52 16	0.3333333333
20 0 16	0.3181818182
2 16	0.4864864865
13 16	0.4838709677
8 16	0.2941176471
6 70 16	0.4594594595
6 16	0.4705882353
1 64 16	0.3684210526
66 59 16	0.2857142857
50 30	0.2500000000
1 11 16	0.5142857143
6 53 16	0.4946236559
65 16	0.4615384615
32 4 16	0.4000000000
49 70 16	0.4468085106
50 13 16	0.3076923077
65 24 16	0.4000000000
57 59 16	0.4347826087
68 19 16	0.5357142857
64 30	0.2000000000
3 5 16	0.4363636364
78 13 16	0.3714285714
11 6 16	0.4666666667
13 49 16	0.5230125523
6 61 16	0.4642857143
49 24 16	0.3600000000
66 48 16	0.3703703704
11 54 16	0.4736842105
13 47 16	0.5178571429
3 47 16	0.6344086022
52 57 16	0.5283018868
47 49 16	0.4823529412
68 3 16	0.4000000000
52 64 30	0.1666666667
6 54 16	0.4375000000
50 18 16	0.5319148936
78 65 16	0.2777777778
57 16	0.2777777778
65 20 16	0.5714285714
1 53 16	0.5135135135
53 5 16	0.4081632653
13 6 16	0.4736842105
65 5 16	0.2500000000
8 68 16	0.4500000000
52 49 16	0.5616438356
22 16	0.5384615385
20 6 16	0.4935064935
55 7 16	0.2857142857
22 2 16	0.6153846154
20 13 16	0.5412844037
22 47 16	0.6666666667
19 16	0.5000000000
22 57 16	0.6315789474
19 13 16	0.6562500000
56 34 30	0.1904761905
22 6 16	0.7368421053
22 65 16	0.5714285714
20 54 16	0.4500000000
55 16	0.4545454545
19 6 16	0.6111111111
20 49 16	0.4817073171
55 34 30	0.1111111111
19 14 16	0.3333333333
20 15 16	0.4615384615
22 32 16	0.5333333333
22 13 16	0.5833333333
22 7 16	0.5454545455
22 17 16	0.2857142857
19 52 16	0.3500000000
22 46 16	0.7187500000
22 3 16	0.6774193548
55 80 16	0.2857142857
22 49 16	0.7209302326
22 14 16	0.3750000000
19 50 16	0.3750000000
22 10 16	0.3000000000
22 47 4	0.0350877193
19 66 16	0.5227272727
20 69 16	0.4000000000
19 49 16	0.5555555556
19 53 16	0.5185185185
56 73 16	0.1111111111
20 10 16	0.5000000000
69 16	0.2857142857
88 78 16	0.3333333333
57 4 16	0.4375000000
66 22 16	0.5714285714
13 10 16	0.4516129032
88 49 16	0.4545454545
53 75 16	0.3913043478
6 49 16	0.5205479452
11 16	0.2777777778
10 64 30	0.2000000000
11 13 16	0.4615384615
49 19 16	0.4814814815
65 22 16	0.5357142857
32 3 16	0.4250000000
49 51 16	0.5189873418
65 7 16	0.5625000000
7 47 16	0.5135135135
13 0 16	0.2222222222
7 46 16	0.5000000000
11 3 16	0.4230769231
65 3 16	0.4814814815
49 20 16	0.5000000000
8 78 16	0.5000000000
53 14 16	0.3636363636
47 48 16	0.2142857143
57 13 16	0.5102040816
32 6 16	0.5405405405
32 16	0.2307692308
47 53 16	0.4861111111
0 20 16	0.6400000000
46 46 16	0.5217391304
49 57 16	0.4313725490
5 2 16	0.4888888889
49 66 16	0.5245901639
49 69 16	0.4285714286
59 59 16	0.5773195876
59 54 16	0.4117647059
59 48 16	0.5625000000
46 61 16	0.4769230769
46 70 16	0.4375000000
59 32 16	0.4062500000
63 10 16	0.6363636364
20 7 16	0.3636363636
49 10 16	0.4893617021
63 52 16	0.3571428571
59 11 16	0.5681818182
77 23 16	0.3529411765
56 2 16	0.4545454545
5 56 16	0.4864864865
3 6 16	0.5655172414
51 20 16	0.5420560748
20 64 30	0.1000000000
2 64 16	0.4062500000
5 7 16	0.4761904762
20 46 16	0.4722222222
3 10 16	0.4428571429
3 78 16	0.5882352941
5 20 16	0.4868421053
20 6 4	0.0086805556
3 54 16	0.5652173913
49 50 16	0.5490196078
51 49 16	0.5853658537
2 59 16	0.4545454545
2 63 16	0.6666666667
9 16	0.4166666667
10 16	0.3888888889
34 16	0.2500000000
54 6 16	0.4642857143
49 56 16	0.4523809524
10 55 16	0.1666666667
54 3 16	0.3962264151
51 34 4	0.0217391304
54 47 4	0.0208333333
9 19 16	0.5625000000
54 60 16	0.2500000000
48 34 4	0.0144927536
54 66 16	0.4305555556
54 54 16	0.3125000000
25 4 16	0.4285714286
25 3 4	0.1250000000
51 34 16	0.2857142857
54 53 16	0.5135135135
9 56 16	0.1818181818
48 4 16	0.4571428571
10 3 16	0.4523809524
54 7 16	0.4736842105
25 4	0.0689655172
2 51 16	0.4583333333
25 2 16	0.1666666667
59 70 16	0.5000000000
59 10 16	0.4897959184
59 57 16	0.5000000000
19 57 16	0.4500000000
4 46 16	0.4146341463
22 1 16	0.6666666667
46 2 16	0.5094339623
7 66 16	0.4354838710
19 46 16	0.6153846154
22 64 16	0.4166666667
76 29 16	0.2727272727
4 8 16	0.3571428571
76 18 16	0.6666666667
2 52 16	0.4375000000
4 16	0.3529411765
52 46 16	0.6115702479
52 13 16	0.5300546448
80 54 16	0.3437500000
19 68 16	0.4444444444
52 53 16	0.5158730159
7 8 16	0.5135135135
4 17 16	0.3571428571
22 66 16	0.6521739130
7 70 16	0.4814814815
7 50 30	0.1333333333
19 47 16	0.6086956522
22 53 16	0.7575757576
2 4 16	0.5384615385
76 4 16	0.3333333333
52 4 16	0.5000000000
9 22 16	0.6666666667
19 54 16	0.4545454545
3 1 16	0.5256410256
78 49 16	0.4545454545
6 6 16	0.4879518072
6 3 16	0.5593220339
66 49 16	0.5238095238
57 52 16	0.4634146341
13 46 16	0.4500000000
1 49 16	0.5929648241
78 53 16	0.3823529412
8 66 16	0.4186046512
1 8 16	0.4411764706
52 50 30	0.2500000000
6 50 16	0.3902439024
49 18 16	0.5000000000
3 42 16	0.5000000000
46 17 16	0.5470085470
78 47 16	0.3448275862
52 59 16	0.4931506849
78 11 16	0.4210526316
78 6 16	0.3902439024
69 1 16	0.4000000000
48 13 16	0.4444444444
50 3 16	0.5238095238
48 49 16	0.5853658537
70 29 16	0.4074074074
13 13 16	0.4827586207
11 65 16	0.4090909091
49 64 30	0.1532258065
46 68 16	0.4000000000
78 16	0.2307692308
13 52 16	0.5108695652
57 32 16	0.4210526316
8 52 16	0.4375000000
78 1 16	0.4090909091
3 50 16	0.4864864865
14 16	0.3000000000
3 51 16	0.4117647059
52 8 16	0.5098039216
3 52 16	0.5567765568
6 10 16	0.4848484848
13 3 16	0.4580152672
47 70 16	0.4000000000
11 52 16	0.4166666667
53 51 16	0.4761904762
13 6 4	0.0189873418
70 3 16	0.3600000000
52 60 16	0.5000000000
42 46 16	0.1111111111
14 64 16	0.3000000000
34 30	0.1818181818
54 16	0.2941176471
54 11 16	0.3870967742
34 52 16	0.3636363636
34 4 16	0.4705882353
34 18 16	0.4800000000
54 69 16	0.3000000000
54 49 16	0.4864864865
54 46 16	0.3888888889
54 57 16	0.5333333333
56 59 16	0.4516129032
54 65 16	0.3913043478
34 3 16	0.3750000000
50 2 16	0.4571428571
54 48 16	0.4285714286
54 1 16	0.3939393939
54 2 16	0.2307692308
2 10 16	0.1538461538
34 83 16	0.2500000000
54 59 16	0.4347826087
50 64 16	0.5333333333
0 64 16	0.5151515152
50 5 16	0.3846153846
50 7 16	0.3846153846
0 4 16	0.5454545455
50 56 16	0.1875000000
46 66 16	0.3181818182
63 6 16	0.4705882353
0 7 16	0.4285714286
50 20 16	0.1875000000
0 5 16	0.5000000000
49 32 16	0.5000000000
75 4 16	0.4074074074
26 16	0.1428571429
3 4 16	0.5357142857
64 83 16	0.5416666667
75 3 16	0.3913043478
48 64 30	0.2000000000
82 46 16	0.3076923077
75 18 16	0.4590163934
48 3 16	0.5000000000
3 70 16	0.5294117647
3 65 16	0.5319148936
64 52 16	0.4375000000
5 15 16	0.4642857143
5 82 16	0.3809523810
5 5 16	0.4736842105
20 50 16	0.5466666667
64 3 16	0.5000000000
5 75 16	0.3809523810
48 56 16	0.4166666667
48 7 16	0.4444444444
5 64 16	0.3800000000
27 16	0.1250000000
27 0 16	0.1250000000
27 20 16	0.2222222222
27 61 16	0.1666666667
27 17 16	0.1250000000
27 3 16	0.1250000000
27 64 16	0.2857142857
20 17 16	0.4722222222
20 11 16	0.5000000000
55 25 4	0.0571428571
20 68 16	0.4615384615
55 10 16	0.2500000000
55 34 16	0.3571428571
20 70 16	0.4081632653
55 73 16	0.3333333333
20 59 16	0.4117647059
52 64 16	0.4117647059
52 54 16	0.5531914894
1 66 16	0.4761904762
78 10 16	0.5333333333
60 66 16	0.3846153846
57 50 16	0.4666666667
54 32 16	0.2631578947
53 6 16	0.3461538462
32 13 16	0.4210526316
49 48 16	0.3690476190
47 47 16	0.4390243902
2 46 16	0.3600000000
6 66 16	0.4900000000
32 70 16	0.4347826087
53 68 16	0.3529411765
57 70 16	0.4230769231
32 8 16	0.5000000000
13 61 16	0.5833333333
60 7 16	0.3636363636
73 16	0.1250000000
3 32 16	0.4807692308
3 6 4	0.0103703704
20 8 16	0.4696969697
46 63 16	0.5384615385
0 0 16	0.8000000000
0 3 16	0.7155963303
0 17 16	0.5909090909
0 8 16	0.5000000000
0 2 16	0.8076923077
0 66 16	0.6296296296
0 78 16	0.6315789474
0 49 16	0.7185628743
0 61 16	0.4000000000
0 65 16	0.7619047619
43 0 16	0.6875000000
0 54 16	0.6785714286
0 57 16	0.6250000000
0 1 16	0.7021276596
39 16	0.1111111111
0 50 16	0.5000000000
0 56 16	0.4166666667
0 6 16	0.7047619048
0 85 16	0.5000000000
0 48 16	0.4736842105
0 68 16	0.6388888889
0 13 16	0.6785714286
0 53 16	0.6538461538
4 1 16	0.4750000000
48 18 16	0.3000000000
80 2 16	0.3750000000
4 52 16	0.4102564103
80 73 16	0.3636363636
4 54 16	0.4500000000
83 0 16	0.5333333333
4 3 16	0.5600000000
4 6 16	0.4430379747
80 4 16	0.3846153846
4 13 16	0.4400000000
4 6 4	0.0077821012
18 53 16	0.6250000000
24 16	0.4545454545
18 46 16	0.6296296296
36 16	0.4444444444
18 6 16	0.5250000000
29 16	0.4444444444
76 16	0.1666666667
18 88 16	0.1666666667
29 3 16	0.7368421053
4 49 16	0.4800000000
24 47 16	0.6470588235
9 2 16	0.4375000000
29 64 30	0.1666666667
36 5 16	0.6666666667
18 47 16	0.5384615385
4 68 16	0.4545454545
52 11 16	0.4901960784
18 57 16	0.5000000000
9 72 16	0.3333333333
52 42 16	0.3750000000
36 20 16	0.7222222222
18 6 4	0.0449438202
29 64 16	0.6666666667
18 68 16	0.4545454545
24 3 16	0.6363636364
4 53 16	0.4883720930
15 52 16	0.4642857143
64 30 16	0.4800000000
51 4 16	0.3846153846
7 17 16	0.3333333333
56 53 16	0.3548387097
56 61 16	0.4062500000
15 10 16	0.4062500000
7 50 16	0.4468085106
2 56 16	0.2500000000
7 1 16	0.4861111111
2 3 16	0.3690476190
15 56 16	0.2500000000
64 80 16	0.4800000000
15 49 16	0.5937500000
56 57 16	0.2666666667
48 0 16	0.4909090909
48 39 16	0.1000000000
0 59 16	0.5625000000
61 7 16	0.4074074074
17 0 16	0.5000000000
0 14 16	0.2857142857
0 47 16	0.7894736842
0 11 16	0.6969696970
17 49 16	0.6091954023
39 56 16	0.5294117647
61 52 16	0.4444444444
61 66 16	0.4000000000
89 20 16	0.3750000000
0 63 16	0.7222222222
61 46 16	0.4545454545
17 46 16	0.7222222222
20 14 16	0.4000000000
20 78 16	0.3611111111
64 9 16	0.2000000000
3 61 16	0.6229508197
75 36 16	0.4242424242
55 24 16	0.3333333333
56 34 16	0.5500000000
56 9 16	0.3000000000
56 37 16	0.1666666667
20 65 16	0.4893617021
47 6 16	0.5172413793
57 57 16	0.4687500000
8 24 16	0.4285714286
32 53 16	0.4545454545
49 15 16	0.4761904762
49 21 16	0.3636363636
53 56 16	0.5609756098
2 53 16	0.5000000000
70 19 16	0.4000000000
47 71 16	0.1428571429
47 46 16	0.4925373134
11 8 16	0.5333333333
6 47 16	0.5058823529
3 50 30	0.2619047619
2 49 16	0.5243902439
4 27 16	0.3076923077
47 2 16	0.5000000000
54 50 30	0.1600000000
24 1 16	0.5714285714
18 60 16	0.3750000000
18 52 4	0.0727272727
52 2 16	0.6666666667
36 64 30	0.2000000000
52 50 16	0.4666666667
24 49 16	0.7500000000
29 56 16	0.5000000000
36 2 16	0.5454545455
52 65 16	0.5789473684
36 64 16	0.6875000000
36 3 16	0.7619047619
24 78 16	0.5882352941
29 5 16	0.6153846154
36 75 16	0.4444444444
53 21 16	0.1250000000
53 20 16	0.4754098361
13 68 16	0.3333333333
47 50 16	0.4523809524
14 13 16	0.2352941176
49 17 16	0.4230769231
6 7 16	0.5357142857
52 61 16	0.4285714286
49 5 16	0.4886363636
14 3 16	0.3600000000
53 64 16	0.4042553191
52 10 16	0.3414634146
61 3 16	0.4761904762
46 39 16	0.4347826087
0 52 4	0.0103092784
48 17 16	0.3809523810
61 51 16	0.4642857143
0 15 16	0.4545454545
0 60 16	0.5238095238
39 43 16	0.4444444444
17 25 4	0.0615384615
0 6 4	0.0070921986
10 7 16	0.5609756098
10 75 16	0.3333333333
39 82 16	0.3846153846
0 32 16	0.5769230769
77 64 16	0.1666666667
0 88 16	0.1250000000
0 76 16	0.1666666667
39 20 16	0.7058823529
48 32 16	0.2500000000
48 11 16	0.3846153846
48 6 16	0.6153846154
48 53 16	0.5000000000
48 46 16	0.6363636364
48 47 16	0.5000000000
48 60 16	0.3636363636
48 52 16	0.4444444444
48 50 30	0.2307692308
48 3 4	0.0121951220
48 68 16	0.4444444444
22 70 16	0.5384615385
20 64 16	0.5000000000
19 11 16	0.5000000000
19 3 16	0.4642857143
22 11 16	0.5882352941
55 19 16	0.3333333333
22 8 16	0.6000000000
16 76 16	0.1351351351
56 34 4	0.0277777778
56 54 16	0.5500000000
24 42 16	0.2857142857
24 57 16	0.6250000000
15 17 16	0.4324324324
7 49 16	0.4945652174
24 11 16	0.6111111111
19 50 30	0.2857142857
24 46 16	0.6666666667
17 20 16	0.5909090909
48 1 16	0.5000000000
63 60 16	0.3636363636
51 51 16	0.4821428571
51 2 16	0.5200000000
23 47 16	0.5000000000
23 61 16	0.1666666667
23 49 16	0.5000000000
1 6 16	0.5344827586
23 53 16	0.3076923077
68 55 16	0.6086956522
24 7 16	0.6428571429
23 6 16	0.4285714286
23 16	0.2857142857
1 13 16	0.5153846154
23 65 16	0.3750000000
24 68 16	0.5000000000
23 52 16	0.4705882353
1 1 16	0.4390243902
23 10 16	0.1000000000
23 57 16	0.3000000000
23 3 16	0.4285714286
23 66 16	0.3750000000
23 1 16	0.1818181818
23 70 16	0.2500000000
59 78 16	0.4848484848
51 48 16	0.4090909091
59 3 4	0.0189873418
59 14 16	0.4545454545
51 46 16	0.5000000000
77 21 16	0.3529411765
15 47 16	0.5200000000
7 59 16	0.4800000000
7 3 16	0.4460431655
48 63 16	0.7058823529
48 20 16	0.6447368421
48 25 4	0.0425531915
48 61 16	0.1538461538
48 22 16	0.3076923077
48 55 16	0.3500000000
48 23 16	0.3000000000
48 48 16	0.4166666667
48 82 16	0.3529411765
48 59 16	0.4166666667
55 3 16	0.4166666667
72 16	0.1428571429
55 34 4	0.0126582278
72 2 16	0.5000000000
55 52 16	0.5000000000
72 20 16	0.4666666667
55 36 16	0.3333333333
20 2 16	0.3939393939
72 51 16	0.3333333333
72 75 16	0.1428571429
55 29 16	0.2222222222
72 5 16	0.2222222222
23 4	0.0588235294
23 71 16	0.1428571429
6 6 4	0.0123762376
6 64 16	0.4615384615
2 20 16	0.3703703704
20 60 16	0.4473684211
51 56 16	0.3939393939
51 75 16	0.3809523810
51 64 30	0.1475409836
48 15 16	0.3076923077
48 26 16	0.5000000000
51 82 16	0.4000000000
48 5 16	0.5098039216
3 64 30	0.1153846154
28 54 16	0.1428571429
37 30	0.1250000000
37 18 16	0.5416666667
37 46 16	0.1666666667
0 30	0.1666666667
37 48 16	0.1428571429
37 3 16	0.1666666667
37 80 16	0.2500000000
28 34 4	0.0217391304
37 4 16	0.3333333333
37 30 16	0.2500000000
37 36 16	0.1428571429
37 24 16	0.1666666667
61 20 16	0.5000000000
17 17 16	0.3529411765
61 56 16	0.4285714286
61 54 16	0.3636363636
10 64 16	0.2619047619
10 48 16	0.2500000000
61 75 16	0.1428571429
61 64 30	0.0833333333
18 2 16	0.4722222222
4 11 16	0.5000000000
18 52 16	0.6000000000
48 19 16	0.3809523810
48 21 16	0.2500000000
2 26 16	0.2857142857
51 15 16	0.3750000000
2 2 16	0.4347826087
49 65 16	0.4333333333
63 39 16	0.3636363636
61 6 16	0.5333333333
10 20 16	0.6034482759
61 2 16	0.3076923077
17 5 16	0.5185185185
56 25 4	0.0851063830
53 57 16	0.4705882353
2 57 16	0.4285714286
65 9 16	0.2727272727
53 59 16	0.5000000000
47 50 30	0.1739130435
6 1 16	0.4509803922
11 48 16	0.4285714286
47 3 16	0.4875000000
32 50 16	0.3703703704
59 52 4	0.0142857143
32 66 16	0.3513513514
68 20 16	0.5714285714
57 46 16	0.5750000000
66 5 16	0.5272727273
68 51 16	0.2222222222
6 3 4	0.0284360190
22 60 16	0.5714285714
22 54 16	0.6428571429
22 78 16	0.5000000000
22 52 16	0.6666666667
22 4 16	0.4444444444
19 78 16	0.4000000000
22 0 16	0.5333333333
22 59 16	0.5000000000
0 69 16	0.5384615385
43 10 16	0.2857142857
39 64 16	0.3529411765
0 10 16	0.4583333333
0 18 16	0.5000000000
49 50 30	0.1333333333
59 7 16	0.4285714286
49 78 16	0.4250000000
0 51 16	0.2727272727
9 20 16	0.6296296296
9 51 16	0.3333333333
52 47 16	0.5740740741
9 64 16	0.3333333333
52 68 16	0.5490196078
46 10 16	0.5245901639
53 13 16	0.4090909091
1 57 16	0.4871794872
13 78 16	0.4285714286
53 52 16	0.5357142857
47 66 16	0.4571428571
7 2 16	0.5000000000
53 53 16	0.5000000000
57 6 16	0.4310344828
52 14 16	0.4761904762
11 50 16	0.3750000000
69 31 16	0.3529411765
65 75 16	0.2727272727
11 11 16	0.4687500000
78 46 16	0.4411764706
47 11 16	0.4062500000
49 55 16	0.2857142857
6 32 16	0.4347826087
13 63 16	0.3600000000
78 3 16	0.4848484848
13 4 16	0.3000000000
11 4 16	0.4166666667
2 82 16	0.2222222222
17 2 16	0.7058823529
48 66 16	0.3611111111
48 70 16	0.2500000000
18 24 16	0.4444444444
4 70 16	0.3043478261
18 15 16	0.3750000000
18 4 16	0.6153846154
4 78 16	0.3846153846
2 80 16	0.2857142857
48 76 16	0.1666666667
48 29 16	0.2222222222
27 24 16	0.1250000000
27 34 4	0.0156250000
27 10 16	0.1000000000
27 25 4	0.0588235294
24 52 16	0.6800000000
23 46 16	0.4117647059
24 66 16	0.6060606061
23 48 16	0.3333333333
24 48 16	0.5454545455
23 14 16	0.1666666667
24 53 16	0.6842105263
23 68 16	0.2222222222
24 60 16	0.5000000000
23 11 16	0.2500000000
23 59 16	0.4705882353
23 8 16	0.3000000000
24 69 16	0.2857142857
1 17 16	0.1250000000
30 52 16	0.2500000000
30 3 16	0.2500000000
18 11 16	0.5000000000
30 46 16	0.1428571429
48 10 16	0.4347826087
6 4 16	0.4705882353
60 3 16	0.3333333333
60 4 16	0.2222222222
57 1 16	0.4062500000
6 2 16	0.4444444444
53 8 16	0.4736842105
53 3 16	0.4255319149
78 52 16	0.4347826087
1 61 16	0.5200000000
46 1 16	0.4411764706
1 60 16	0.3888888889
49 29 16	0.3913043478
54 50 16	0.3571428571
66 82 16	0.4193548387
32 49 16	0.5263157895
57 53 16	0.4500000000
66 2 16	0.6447368421
1 10 16	0.2222222222
57 7 16	0.3684210526
8 4 16	0.4705882353
6 29 16	0.4137931034
78 57 16	0.3478260870
11 46 16	0.4761904762
57 3 16	0.5090909091
13 48 16	0.4545454545
78 59 16	0.3157894737
47 8 16	0.3939393939
75 52 16	0.4137931034
69 21 16	0.3571428571
6 68 16	0.4444444444
78 66 16	0.4444444444
11 10 16	0.2666666667
6 60 16	0.5925925926
47 4	0.0185185185
13 66 16	0.3888888889
66 46 16	0.5714285714
13 57 16	0.4545454545
13 7 16	0.5000000000
49 22 16	0.4000000000
32 7 16	0.3846153846
8 48 16	0.1666666667
6 48 16	0.4375000000
14 2 16	0.3636363636
6 78 16	0.3333333333
14 53 16	0.5714285714
67 1 16	0.3571428571
11 59 16	0.4545454545
70 51 16	0.2222222222
57 14 16	0.2777777778
46 60 16	0.4761904762
63 61 16	0.5925925926
25 52 16	0.3333333333
64 2 16	0.3000000000
48 75 16	0.3684210526
75 76 16	0.2222222222
0 83 16	0.1666666667
28 9 16	0.1666666667
37 29 16	0.2727272727
7 0 16	0.5882352941
15 6 16	0.4285714286
56 70 16	0.2000000000
75 46 16	0.3076923077
56 3 16	0.4509803922
51 19 16	0.2500000000
7 60 16	0.5714285714
56 66 16	0.4571428571
49 7 16	0.4347826087
54 70 16	0.4583333333
54 14 16	0.4705882353
34 7 16	0.1666666667
54 13 16	0.4444444444
54 78 16	0.5000000000
34 30 16	0.3000000000
56 69 16	0.1000000000
34 19 16	0.1428571429
34 29 16	0.2727272727
54 47 16	0.4411764706
0 70 16	0.5833333333
0 82 16	0.2857142857
43 63 16	0.2857142857
52 32 16	0.4210526316
52 21 16	0.3750000000
52 70 16	0.4827586207
18 85 16	0.4000000000
18 21 16	0.3750000000
52 31 16	0.4444444444
9 75 16	0.3333333333
48 48 4	0.0208333333
48 50 16	0.2000000000
48 54 16	0.5555555556
7 13 16	0.4485981308
2 75 16	0.3333333333
72 3 16	0.3529411765
20 48 16	0.3913043478
55 46 16	0.1428571429
72 48 16	0.2857142857
56 24 16	0.2500000000
20 47 4	0.0129870130
72 64 16	0.2307692308
2 7 16	0.6153846154
46 5 16	0.3333333333
7 64 16	0.4166666667
2 5 16	0.4090909091
7 14 16	0.4375000000
19 8 16	0.4500000000
19 10 16	0.2307692308
19 1 16	0.4761904762
22 50 16	0.5263157895
89 85 16	0.4000000000
7 6 4	0.0103359173
15 13 16	0.3695652174
7 7 16	0.5000000000
57 49 16	0.5119047619
6 11 16	0.4634146341
50 11 16	0.4375000000
47 13 16	0.4385964912
1 59 16	0.5178571429
53 22 16	0.5714285714
11 60 16	0.3333333333
50 1 16	0.4583333333
10 85 16	0.4500000000
47 65 16	0.4166666667
66 64 30	0.2054794521
32 59 16	0.4285714286
49 82 16	0.4324324324
52 17 16	0.4210526316
34 48 16	0.2500000000
34 3 4	0.0555555556
54 4 16	0.3636363636
34 71 16	0.1428571429
48 64 16	0.3617021277
48 0 30	0.1428571429
48 9 16	0.1538461538
48 34 30	0.2000000000
14 59 16	0.1111111111
6 14 16	0.3500000000
13 64 16	0.4285714286
10 82 16	0.3529411765
47 57 16	0.4000000000
53 48 16	0.6153846154
82 4 16	0.2666666667
82 24 16	0.4782608696
60 8 16	0.4705882353
60 47 16	0.3750000000
66 19 16	0.5714285714
60 78 16	0.3750000000
60 46 16	0.2500000000
1 46 16	0.6428571429
60 6 16	0.4166666667
60 70 16	0.3750000000
53 2 16	0.4444444444
27 39 16	0.1666666667
79 0 16	0.1250000000
17 33 16	0.1666666667
64 36 16	0.4054054054
33 20 16	0.0909090909
79 63 16	0.1666666667
85 10 16	0.1111111111
43 17 16	0.6000000000
56 78 16	0.1111111111
85 17 16	0.3076923077
82 9 16	0.3333333333
75 30 16	0.2727272727
5 64 30	0.1428571429
36 51 16	0.6153846154
18 61 16	0.4545454545
3 2 16	0.5853658537
36 48 16	0.2857142857
36 46 16	0.2857142857
18 55 16	0.3750000000
29 48 16	0.5000000000
18 56 16	0.3142857143
24 14 16	0.5000000000
24 13 16	0.6363636364
59 4 16	0.3333333333
49 60 16	0.4090909091
59 60 16	0.2500000000
46 89 16	0.5238095238
46 53 16	0.5882352941
18 3 4	0.0370370370
4 0 16	0.1333333333
68 75 16	0.2222222222
1 65 16	0.5600000000
1 32 16	0.3448275862
66 64 16	0.3440860215
66 51 16	0.4743589744
52 0 16	0.5416666667
66 15 16	0.5000000000
6 64 30	0.0975609756
47 52 16	0.4509803922
6 57 16	0.4166666667
13 51 16	0.4324324324
3 3 4	0.0287769784
47 68 16	0.4761904762
8 73 16	0.1428571429
11 66 16	0.4411764706
14 68 16	0.4210526316
47 10 16	0.3529411765
57 54 16	0.5652173913
50 34 16	0.3333333333
65 55 16	0.4736842105
78 88 16	0.2500000000
60 52 16	0.3500000000
53 4 16	0.3846153846
47 17 16	0.3947368421
78 7 16	0.2500000000
53 66 16	0.3529411765
50 53 16	0.4117647059
47 32 16	0.4090909091
25 1 16	0.1666666667
63 73 16	0.1428571429
59 69 16	0.5555555556
37 52 16	0.1428571429
28 10 16	0.1428571429
4 57 16	0.4137931034
19 64 16	0.3076923077
9 7 16	0.5454545455
55 74 16	0.1666666667
55 22 16	0.4545454545
20 50 30	0.1923076923
55 18 16	0.2000000000
50 52 16	0.4705882353
54 64 16	0.2500000000
26 20 16	0.2222222222
59 68 16	0.4242424242
59 2 16	0.4705882353
7 48 16	0.5000000000
56 64 16	0.4615384615
77 1 16	0.3529411765
0 24 16	0.4444444444
0 29 16	0.4444444444
34 48 4	0.0294117647
48 73 16	0.0909090909
51 54 16	0.1428571429
3 52 4	0.0189701897
75 80 16	0.2727272727
79 61 16	0.1666666667
56 89 16	0.2222222222
82 76 16	0.1111111111
56 63 16	0.3333333333
48 37 16	0.1111111111
48 85 16	0.4000000000
89 46 16	0.1428571429
89 56 16	0.2500000000
61 47 16	0.2857142857
7 65 16	0.4666666667
24 6 16	0.6086956522
7 78 16	0.4545454545
11 78 16	0.5000000000
13 25 4	0.0519480519
8 46 16	0.6129032258
8 50 30	0.2222222222
66 55 16	0.5000000000
70 54 16	0.4285714286
11 47 16	0.4871794872
53 11 16	0.3684210526
53 64 30	0.1627906977
3 14 16	0.4375000000
7 4 16	0.4117647059
5 46 16	0.2727272727
59 42 16	0.2500000000
55 4 16	0.3000000000
20 88 16	0.2222222222
22 69 16	0.2857142857
22 48 16	0.3750000000
14 17 16	0.2666666667
46 47 16	0.1250000000
13 53 16	0.4800000000
6 50 30	0.1935483871
14 6 16	0.4705882353
14 70 16	0.3846153846
14 32 16	0.2000000000
6 0 16	0.5217391304
47 4 16	0.4583333333
8 47 16	0.5217391304
2 6 16	0.2000000000
47 7 16	0.3157894737
17 89 16	0.2222222222
61 26 16	0.1428571429
10 2 16	0.4166666667
0 50 30	0.2857142857
48 24 16	0.4500000000
4 59 16	0.2105263158
80 5 16	0.2857142857
48 71 16	0.1428571429
48 78 16	0.2857142857
48 65 16	0.5000000000
8 10 16	0.4400000000
78 4 16	0.2222222222
50 23 16	0.3571428571
57 64 16	0.3846153846
57 47 16	0.5142857143
13 2 16	0.4000000000
70 46 16	0.3076923077
57 65 16	0.4500000000
64 76 16	0.3000000000
26 55 16	0.2727272727
36 43 16	0.1666666667
52 7 16	0.3600000000
18 82 16	0.5238095238
29 51 16	0.6153846154
5 22 16	0.2222222222
5 19 16	0.2727272727
5 24 16	0.2222222222
24 59 16	0.6250000000
23 50 30	0.1666666667
24 0 16	0.5384615385
1 70 16	0.4583333333
23 13 16	0.5000000000
24 50 30	0.2500000000
1 0 16	0.1250000000
29 20 16	0.5454545455
24 4 16	0.4444444444
29 2 16	0.5833333333
15 89 16	0.3333333333
30 29 16	0.2222222222
80 9 16	0.3125000000
4 64 16	0.4375000000
4 32 16	0.5000000000
22 23 16	0.2857142857
55 54 16	0.2777777778
55 2 16	0.1818181818
19 64 30	0.1666666667
88 11 16	0.2500000000
50 48 16	0.5000000000
47 0 16	0.4411764706
49 26 16	0.3529411765
6 22 16	0.4285714286
67 20 16	0.3636363636
2 1 16	0.2142857143
2 47 16	0.5454545455
13 70 16	0.4545454545
8 53 16	0.4705882353
66 4 16	0.1875000000
8 34 16	0.3333333333
70 4 16	0.2500000000
52 3 4	0.0227272727
11 68 16	0.4285714286
14 66 16	0.4358974359
8 2 16	0.5555555556
48 34 16	0.3529411765
54 52 16	0.3684210526
54 68 16	0.4090909091
60 13 16	0.4000000000
2 13 16	0.5625000000
53 88 16	0.1666666667
47 14 16	0.3125000000
53 47 16	0.4444444444
60 1 16	0.3125000000
50 49 16	0.5000000000
11 1 16	0.4000000000
10 51 16	0.4864864865
65 64 16	0.1578947368
8 65 16	0.4545454545
18 19 16	0.1875000000
29 82 16	0.4444444444
4 60 16	0.3333333333
46 49 16	0.2222222222
56 65 16	0.2000000000
15 64 16	0.3571428571
14 0 16	0.4761904762
70 18 16	0.4516129032
32 11 16	0.4400000000
69 6 16	0.2727272727
18 69 16	0.1666666667
85 2 16	0.1000000000
33 3 16	0.3000000000
43 61 16	0.4444444444
0 36 16	0.4444444444
75 9 16	0.2222222222
56 50 30	0.0714285714
75 83 16	0.2727272727
82 83 16	0.1428571429
61 64 16	0.3157894737
61 5 16	0.3750000000
48 57 16	0.3076923077
61 60 16	0.2857142857
39 46 16	0.3846153846
19 2 16	0.5454545455
24 50 16	0.4117647059
23 7 16	0.2500000000
66 26 16	0.4666666667
10 5 16	0.3939393939
68 24 16	0.4444444444
70 36 16	0.4782608696
52 69 16	0.4285714286
6 17 16	0.2631578947
72 82 16	0.2222222222
72 15 16	0.1428571429
72 64 30	0.1000000000
5 4 16	0.1875000000
9 3 16	0.3333333333
3 47 4	0.0111358575
4 7 16	0.0769230769
38 0 16	0.2500000000
89 64 16	0.1250000000
2 34 30	0.1428571429
69 4 16	0.3571428571
3 20 16	0.5238095238
11 49 16	0.5057471264
66 21 16	0.3636363636
18 65 16	0.3636363636
4 10 16	0.4615384615
18 31 16	0.1428571429
7 61 16	0.4736842105
46 3 16	0.4347826087
50 15 16	0.2500000000
49 42 16	0.2000000000
0 21 16	0.2500000000
46 52 16	0.5217391304
0 26 16	0.1666666667
4 14 16	0.2500000000
60 50 16	0.2500000000
52 15 16	0.5333333333
14 52 16	0.5925925926
56 68 16	0.2307692308
77 6 16	0.3076923077
15 46 16	0.3333333333
24 2 16	0.2857142857
23 2 16	0.1666666667
29 55 16	0.3750000000
24 10 16	0.2500000000
4 4 16	0.3000000000
49 36 16	0.3157894737
6 9 16	0.4117647059
11 53 16	0.4878048780
53 32 16	0.2500000000
53 54 16	0.3333333333
1 4 16	0.3846153846
47 78 16	0.4166666667
32 64 16	0.1250000000
68 2 16	0.3076923077
88 8 16	0.2857142857
8 13 16	0.3888888889
53 24 16	0.5333333333
56 39 16	0.1111111111
36 79 16	0.2857142857
18 32 16	0.5454545455
8 11 16	0.5652173913
57 68 16	0.4000000000
66 63 16	0.5909090909
1 54 16	0.5217391304
8 49 16	0.5200000000
49 14 16	0.3461538462
5 25 4	0.0425531915
56 48 16	0.1666666667
22 50 30	0.2500000000
19 69 16	0.3750000000
56 4 16	0.2222222222
50 51 16	0.1875000000
5 55 16	0.2727272727
32 47 16	0.4615384615
10 0 16	0.1818181818
53 70 16	0.4736842105
78 68 16	0.3636363636
50 6 16	0.4347826087
48 43 16	0.1666666667
51 26 16	0.2222222222
61 6 4	0.0327868852
34 36 16	0.1428571429
34 22 16	0.2500000000
33 82 16	0.2222222222
63 47 16	0.1428571429
6 47 4	0.0156862745
13 5 16	0.4347826087
66 85 16	0.6000000000
8 59 16	0.3636363636
14 46 16	0.4074074074
7 69 16	0.3076923077
4 42 16	0.1250000000
76 24 16	0.1666666667
10 22 16	0.1000000000
51 10 16	0.1428571429
54 6 4	0.0049751244
4 65 16	0.3333333333
8 6 16	0.5098039216
11 69 16	0.3000000000
53 82 16	0.2727272727
85 89 16	0.1666666667
19 70 16	0.3000000000
34 46 16	0.1666666667
54 64 30	0.1428571429
34 9 16	0.2500000000
5 26 16	0.3333333333
5 21 16	0.3571428571
77 4 16	0.2222222222
78 50 30	0.0909090909
8 1 16	0.3750000000
50 31 16	0.2222222222
52 48 16	0.2000000000
67 31 16	0.3529411765
67 6 16	0.2727272727
11 64 16	0.3529411765
8 50 16	0.3913043478
8 32 16	0.3571428571
65 52 16	0.2727272727
59 64 30	0.1153846154
32 52 16	0.3333333333
32 46 16	0.5217391304
59 6 4	0.0078125000
51 79 16	0.1000000000
2 17 16	0.2727272727
39 2 16	0.4444444444
11 7 16	0.4705882353
8 15 16	0.3636363636
66 75 16	0.3529411765
53 46 16	0.3750000000
65 64 30	0.2000000000
8 3 16	0.5000000000
8 60 16	0.3529411765
6 18 16	0.4375000000
50 46 16	0.5000000000
32 57 16	0.5000000000
57 78 16	0.4400000000
60 69 16	0.1666666667
1 50 30	0.2500000000
53 65 16	0.2727272727
15 63 16	0.2500000000
7 52 4	0.0176991150
56 7 16	0.2000000000
36 7 16	0.3750000000
24 17 16	0.4000000000
29 19 16	0.3750000000
76 83 16	0.2857142857
29 26 16	0.1666666667
10 46 16	0.3333333333
13 3 4	0.0236220472
6 76 16	0.2500000000
57 10 16	0.4666666667
57 66 16	0.4754098361
70 52 16	0.3157894737
3 69 16	0.5185185185
9 24 16	0.4444444444
33 64 16	0.1666666667
17 61 16	0.2500000000
79 10 16	0.2500000000
68 9 16	0.3571428571
53 1 16	0.3157894737
0 80 16	0.1666666667
67 7 16	0.1250000000
7 54 16	0.4705882353
38 10 16	0.1250000000
78 50 16	0.4375000000
70 68 16	0.1428571429
1 64 30	0.1034482759
53 80 16	0.1666666667
46 6 16	0.5000000000
13 20 16	0.2857142857
48 6 4	0.0093457944
52 88 16	0.1111111111
60 68 16	0.3000000000
54 10 16	0.2222222222
51 73 16	0.2857142857
29 22 16	0.2857142857
36 56 16	0.5454545455
88 52 16	0.1250000000
65 80 16	0.1428571429
32 54 16	0.5000000000
46 48 16	0.2222222222
13 14 16	0.3571428571
88 7 16	0.1666666667
47 59 16	0.3636363636
47 47 4	0.0093457944
13 32 16	0.3157894737
2 65 16	0.3750000000
2 68 16	0.2727272727
1 48 16	0.5454545455
53 10 16	0.2000000000
50 10 16	0.2222222222
54 42 16	0.2857142857
56 74 16	0.1666666667
42 64 16	0.1428571429
46 56 16	0.1818181818
49 76 16	0.2500000000
14 7 16	0.3333333333
25 69 16	0.1666666667
52 23 16	0.3750000000
24 8 16	0.6470588235
14 11 16	0.2500000000
14 50 30	0.0909090909
2 70 16	0.4285714286
1 14 16	0.3750000000
50 19 16	0.2222222222
14 1 16	0.4000000000
8 25 4	0.0769230769
53 15 16	0.4074074074
60 59 16	0.3571428571
8 8 16	0.3125000000
6 80 16	0.3636363636
47 31 16	0.3529411765
50 36 16	0.2666666667
56 47 4	0.0181818182
19 32 16	0.2941176471
19 7 16	0.2727272727
61 21 16	0.2500000000
0 47 4	0.0191082803
19 59 16	0.4166666667
22 64 30	0.1000000000
23 78 16	0.1428571429
56 6 4	0.0100000000
72 56 16	0.1428571429
61 50 30	0.2222222222
57 60 16	0.2500000000
67 2 16	0.2500000000
65 2 16	0.3809523810
10 15 16	0.4285714286
1 7 16	0.4444444444
6 65 16	0.3181818182
68 52 16	0.4285714286
11 42 16	0.2857142857
57 8 16	0.3870967742
50 66 16	0.2941176471
50 75 16	0.1428571429
67 51 16	0.3571428571
18 8 16	0.3000000000
6 8 16	0.3684210526
61 4 16	0.2500000000
61 48 16	0.1428571429
70 2 16	0.4500000000
69 24 16	0.2857142857
70 80 16	0.1666666667
47 21 16	0.3571428571
48 8 16	0.2307692308
47 64 16	0.3125000000
8 14 16	0.2000000000
42 1 16	0.1428571429
14 49 16	0.3000000000
50 29 16	0.4074074074
7 3 4	0.0217391304
78 2 16	0.2500000000
50 30 16	0.3000000000
25 80 16	0.1428571429
67 15 16	0.2500000000
6 15 16	0.4444444444
8 6 4	0.0157068063
70 7 16	0.5333333333
42 6 16	0.1111111111
52 52 4	0.0143540670
42 66 16	0.2000000000
14 47 4	0.0169491525
3 0 16	0.2222222222
42 3 16	0.1250000000
76 52 16	0.1428571429
19 4 16	0.2500000000
22 24 16	0.1666666667
29 4 16	0.1666666667
29 7 16	0.6428571429
13 11 16	0.4347826087
52 27 16	0.4761904762
50 47 4	0.0408163265
60 57 16	0.4000000000
78 8 16	0.2631578947
49 73 16	0.1250000000
52 47 4	0.0119047619
18 22 16	0.2857142857
18 26 16	0.3000000000
18 43 16	0.1428571429
36 26 16	0.2857142857
15 6 4	0.0400000000
15 39 16	0.2857142857
51 24 16	0.1111111111
8 34 30	0.3095238095
13 69 16	0.4705882353
2 11 16	0.2727272727
30 36 16	0.1111111111
8 70 16	0.3571428571
70 76 16	0.1111111111
47 23 16	0.4000000000
88 6 16	0.3333333333
13 64 30	0.0689655172
2 69 16	0.3333333333
2 0 16	0.2222222222
60 11 16	0.2777777778
53 60 16	0.3333333333
53 55 16	0.4285714286
68 80 16	0.2500000000
24 54 16	0.5000000000
48 36 16	0.1111111111
22 88 16	0.1666666667
70 73 16	0.1250000000
50 24 16	0.2500000000
29 15 16	0.1666666667
67 64 16	0.2727272727
75 2 16	0.2222222222
7 47 4	0.0150000000
14 50 16	0.2941176471
2 78 16	0.2727272727
70 22 16	0.4444444444
47 54 16	0.3750000000
6 88 16	0.1666666667
0 43 16	0.1666666667
2 64 30	0.1666666667
68 4 16	0.2727272727
66 73 16	0.2222222222
3 88 16	0.2222222222
24 47 4	0.0350877193
51 55 16	0.1250000000
8 7 16	0.3333333333
14 54 16	0.3529411765
89 82 16	0.1428571429
56 3 4	0.0200000000
13 8 16	0.4347826087
70 10 16	0.2500000000
50 50 16	0.2727272727
1 2 16	0.5000000000
2 66 16	0.3913043478
7 88 16	0.2222222222
23 32 16	0.1000000000
60 65 16	0.3000000000
60 53 16	0.4375000000
19 48 16	0.3750000000
25 49 16	0.1666666667
56 84 16	0.1250000000
89 2 16	0.1666666667
18 54 16	0.3750000000
11 70 16	0.4545454545
6 36 16	0.3333333333
66 72 16	0.2222222222
67 3 16	0.3636363636
14 57 16	0.3333333333
6 19 16	0.2727272727
10 4 16	0.1875000000
57 69 16	0.2500000000
73 49 16	0.1250000000
69 68 16	0.2222222222
47 69 16	0.1818181818
15 3 4	0.0232558140
42 49 16	0.2222222222
76 80 16	0.3750000000
14 47 16	0.3888888889
3 27 16	0.1111111111
47 60 16	0.4000000000
10 43 16	0.2500000000
50 60 16	0.2222222222
49 75 16	0.4242424242
23 64 16	0.1428571429
36 85 16	0.5000000000
66 43 16	0.3750000000
53 17 16	0.1428571429
53 78 16	0.3846153846
56 88 16	0.1666666667
15 73 16	0.1666666667
8 9 16	0.2272727273
88 47 16	0.2500000000
8 5 16	0.1428571429
78 54 16	0.3571428571
13 65 16	0.4166666667
78 64 16	0.3750000000
2 8 16	0.4285714286
50 34 30	0.1111111111
50 68 16	0.3333333333
8 47 4	0.0326086957
42 10 16	0.1666666667
77 64 30	0.1250000000
2 83 16	0.1666666667
47 42 16	0.1428571429
88 70 16	0.2500000000
47 64 30	0.1250000000
32 1 16	0.4166666667
32 65 16	0.3636363636
11 2 16	0.3076923077
50 22 16	0.2727272727
10 61 16	0.2500000000
46 59 16	0.2222222222
7 64 30	0.1000000000
18 78 16	0.1428571429
70 5 16	0.1111111111
2 50 30	0.3750000000
60 60 16	0.1666666667
54 88 16	0.1428571429
82 30 16	0.1428571429
50 59 16	0.3000000000
1 52 4	0.0181818182
63 7 16	0.1666666667
1 6 4	0.0103448276
88 1 16	0.1428571429
32 68 16	0.3846153846
6 24 16	0.3157894737
50 50 30	0.1000000000
13 50 30	0.2500000000
24 32 16	0.2500000000
24 65 16	0.3750000000
57 2 16	0.3846153846
50 78 16	0.4000000000
48 37 30	0.1428571429
30 4 16	0.1666666667
60 2 16	0.1428571429
2 54 16	0.1666666667
2 15 16	0.1428571429
13 1 16	0.3636363636
88 46 16	0.2857142857
8 34 4	0.0150753769
50 34 4	0.0338983051
32 32 16	0.2000000000
88 3 16	0.2000000000
29 24 16	0.2857142857
50 8 16	0.3636363636
15 2 16	0.1538461538
47 24 16	0.1428571429
76 36 16	0.1428571429
43 39 16	0.1666666667
30 24 16	0.1111111111
56 5 16	0.1666666667
50 47 16	0.3846153846
50 54 16	0.4705882353
50 83 16	0.3333333333
60 54 16	0.2000000000
14 4 16	0.2222222222
11 64 30	0.0714285714
70 83 16	0.1666666667
68 56 16	0.1000000000
19 47 4	0.0196078431
83 10 16	0.1666666667
49 80 16	0.3750000000
1 69 16	0.5000000000
13 50 16	0.2105263158
8 64 16	0.2727272727
60 48 16	0.3750000000
14 14 16	0.1666666667
11 47 4	0.0109890110
11 32 16	0.3478260870
15 69 16	0.1666666667
19 60 16	0.1250000000
76 3 16	0.1666666667
72 46 16	0.1666666667
42 53 16	0.2222222222
67 23 16	0.3571428571
34 24 16	0.1666666667
32 42 16	0.3333333333
4 64 30	0.0909090909
4 2 16	0.2142857143
69 2 16	0.3000000000
42 32 16	0.2500000000
0 9 16	0.1666666667
83 2 16	0.1250000000
88 57 16	0.2857142857
50 70 16	0.3333333333
11 88 16	0.1428571429
70 30 16	0.1666666667
6 71 16	0.2727272727
0 64 30	0.1000000000
66 24 16	0.3000000000
88 13 16	0.2222222222
49 9 16	0.3571428571
32 14 16	0.3750000000
70 55 16	0.3636363636
70 34 30	0.1428571429
42 57 16	0.1428571429
15 33 16	0.1666666667
82 80 16	0.1428571429
8 57 16	0.4736842105
3 25 4	0.0212765957
32 2 16	0.2857142857
46 7 16	0.4000000000
70 64 16	0.3636363636
50 57 16	0.4166666667
53 47 4	0.0289855072
78 70 16	0.2000000000
70 23 16	0.2857142857
1 15 16	0.2857142857
11 50 30	0.1666666667
1 3 4	0.0212765957
60 64 30	0.1250000000
88 50 16	0.1250000000
65 51 16	0.2727272727
7 42 16	0.1428571429
13 52 4	0.0238095238
67 46 16	0.2500000000
78 69 16	0.1000000000
6 83 16	0.1428571429
14 8 16	0.2500000000
60 47 4	0.0232558140
6 30 16	0.1428571429
13 42 16	0.2500000000
53 9 16	0.2500000000
32 50 30	0.1428571429
50 32 16	0.2222222222
49 79 16	0.3000000000
32 48 16	0.2727272727
57 47 4	0.0275229358
6 42 16	0.1250000000
13 54 16	0.3636363636
11 14 16	0.4000000000
88 59 16	0.2500000000
70 25 4	0.0731707317
57 48 16	0.2727272727
65 4 16	0.2222222222
42 52 16	0.1666666667
32 64 30	0.1111111111
46 50 16	0.1333333333
15 52 4	0.0243902439
14 15 16	0.2857142857
32 60 16	0.1428571429
9 5 16	0.1428571429
13 60 16	0.1111111111
53 50 30	0.2307692308
2 14 16	0.3750000000
78 60 16	0.2000000000
67 4 16	0.2500000000
57 50 30	0.1363636364
48 47 4	0.0227272727
56 52 4	0.0196078431
42 59 16	0.1428571429
88 14 16	0.1428571429
32 10 16	0.1111111111
46 73 16	0.1250000000
42 7 16	0.1666666667
70 20 16	0.3000000000
0 3 4	0.0123456790
50 14 16	0.2222222222
50 65 16	0.2500000000
47 88 16	0.1428571429
1 88 16	0.1111111111
78 47 4	0.0158730159
13 47 4	0.0075187970
49 30 16	0.1666666667
53 69 16	0.2500000000
70 34 16	0.2727272727
53 42 16	0.1666666667
14 6 4	0.0084745763
46 33 16	0.1250000000
49 83 16	0.1666666667
14 78 16	0.1428571429
13 88 16	0.1428571429
48 14 16	0.1428571429
78 78 16	0.2000000000
49 88 16	0.1250000000
50 21 16	0.2500000000
8 42 16	0.1666666667
70 75 16	0.2222222222
88 4 16	0.1666666667
88 54 16	0.1666666667
3 71 16	0.1428571429
50 76 16	0.1666666667
88 53 16	0.1428571429
70 1 16	0.1428571429
46 84 16	0.2500000000
57 42 16	0.2500000000
42 47 16	0.1111111111
42 8 16	0.1428571429
8 74 16	0.1428571429
60 42 16	0.1428571429
66 79 16	0.0909090909
42 68 16	0.1428571429
1 42 16	0.2500000000
53 50 16	0.0769230769
59 47 4	0.0045662100
48 69 16	0.1666666667
32 69 16	0.1428571429
14 65 16	0.1250000000
50 42 16	0.1666666667
