0	0.0000000000
1	0.0000000000
2	0.0000000000
3	0.0000000000
4	0.0000000000
5	0.0000000000
6	0.0000000000
7	0.0000000000
8	0.0000000000
9	0.0000000000
10	0.0000000000
11	0.0000000000
12	0.0000000000
13	0.0000000000
14	0.0000000000
15	0.0000000000
16	0.0000000000
17	0.0000000000
18	0.0000000000
19	0.0000000000
20	0.0000000000
21	0.0000000000
22	0.0000000000
23	0.0000000000
24	0.0000000000
26	0.0000000000
27	0.0000000000
28	0.0000000000
29	0.0000000000
30	0.0000000000
31	0.0000000000
32	0.0000000000
33	0.0000000000
34	0.1176470588
35	0.0000000000
36	0.0000000000
37	0.0000000000
38	0.0000000000
39	0.0000000000
40	0.0000000000
41	0.0000000000
42	0.0000000000
43	0.0000000000
44	0.0000000000
45	0.0000000000
46	0.0000000000
47	0.0000000000
48	0.0000000000
49	0.0000000000
50	0.3750000000
51	0.0000000000
52	0.0000000000
53	0.0000000000
54	0.0000000000
55	0.0000000000
56	0.0000000000
57	0.0000000000
58	0.0000000000
59	0.0000000000
60	0.0000000000
61	0.0000000000
62	0.0000000000
63	0.0000000000
64	0.0000000000
65	0.0000000000
66	0.0000000000
67	0.0000000000
68	0.0000000000
69	0.0000000000
70	0.0000000000
71	0.0000000000
72	0.0000000000
73	0.0000000000
74	0.0000000000
75	0.0000000000
76	0.0000000000
77	0.0000000000
78	0.0000000000
79	0.0000000000
80	0.0000000000
81	0.0000000000
82	0.0000000000
83	0.0000000000
84	0.0000000000
85	0.0000000000
86	0.0000000000
87	0.0000000000
88	0.0000000000
89	0.0000000000
90	0.0000000000
91	0.0000000000
92	0.0000000000
48 50	0.2222222222
51 34	0.0555555556
54 6	0.0200000000
9 56 34	0.0421052632
54 6 6	0.0133333333
50 80 25	0.3750000000
54 13 6	0.0256410256
10 22 6	0.0183486239
49 56 50	0.1428571429
34 4 25	0.3750000000
10 55 50	0.2857142857
10 3 34	0.0476190476
48 73 50	0.1666666667
34 4 6	0.0400000000
9 56 50	0.2400000000
54 60 6	0.0137931034
10 20 6	0.0188679245
49 55 50	0.3529411765
54 7 6	0.0106382979
34 4 34	0.0645161290
51 34 49	0.1111111111
48 5 34	0.0769230769
48 34 49	0.1111111111
51 51 50	0.0714285714
25 4 25	0.7272727273
49 56 34	0.0526315789
10 3 50	0.1818181818
54 3 25	0.3125000000
54 50 50	0.1379310345
49 56 25	0.2222222222
54 1 6	0.0211640212
25 80 25	0.6428571429
50 71 50	0.5000000000
54 54 6	0.0134228188
10 55 34	0.0683229814
51 73 50	0.1702127660
9 20 6	0.0220994475
25 4 34	0.1185185185
34 71 34	0.1538461538
48 50 49	0.1111111111
54 46 6	0.0099009901
34 48 49	0.1538461538
16 50 49	0.2352941176
25 80 50	0.5714285714
54 14 6	0.0423728814
48 4 6	0.0243902439
63 6	0.0263157895
59 6	0.0341880342
73 50	0.0714285714
49 54 6	0.0310077519
49 8 50	0.1525423729
49 8 34	0.0735294118
49 6 6	0.0224089636
59 8 50	0.1016949153
63 53 6	0.0308641975
59 46 6	0.0400000000
49 47 6	0.0172839506
49 13 25	0.4444444444
59 47 6	0.0241228070
49 49 6	0.0196078431
59 8 6	0.0325203252
51 46 6	0.0405405405
49 13 6	0.0187969925
59 11 6	0.0397727273
49 11 6	0.0618556701
59 3 25	0.4705882353
5 59 6	0.0163043478
49 32 6	0.0205479452
5 49 6	0.0169491525
73 6 6	0.0153846154
73 50 49	0.0161290323
59 57 6	0.0198019802
59 49 6	0.0253164557
63 14 6	0.0322580645
49 49 50	0.0186046512
16 50	0.2222222222
59 16 50	0.3076923077
63 50	0.1153846154
25 3	0.2727272727
59 11 52	0.0077519380
51 49 50	0.0492610837
59 6 50	0.0341880342
5 49 47	0.0100000000
51 49 47	0.0254237288
49 60 47	0.0344827586
63 50 49	0.2352941176
25 1 6	0.0389610390
5 49 52	0.0050251256
25 49	0.1500000000
59 59 6	0.0252525253
63 8 34	0.1190476190
59 14 47	0.0588235294
59 6 3	0.0088495575
49 59 52	0.0025706941
59 52 3	0.0080775444
51 16 50	0.2000000000
59 6 47	0.0169491525
49 59 47	0.0113636364
63 16 50	0.3636363636
49 6 50	0.0364372470
59 14 3	0.0270270270
59 49 50	0.0229885057
59 1 6	0.0245098039
59 48 3	0.0138888889
59 47 50	0.0452830189
59 57 47	0.0465116279
63 61 6	0.0853658537
59 59 47	0.0193236715
49 59 6	0.0189701897
59 8 34	0.0394736842
59 59 50	0.0347222222
59 8 47	0.0566037736
63 0 3	0.0150250417
51 59 6	0.0246913580
2 63 50	0.0526315789
59 52 47	0.0185873606
59 10 50	0.1428571429
59 3 6	0.0092764378
51 20 6	0.0517241379
59 3 47	0.0157480315
51 63 50	0.0645161290
24 50	0.0416666667
24 53 3	0.0235294118
54 50	0.0833333333
24 6	0.0250000000
50 49	0.1111111111
24 49 50	0.0303030303
34 3	0.0909090909
24 46 50	0.0416666667
34 48	0.0833333333
22 34	0.0769230769
54 47	0.0256410256
24 8 25	0.3750000000
5 34	0.0800000000
54 6 50	0.0562500000
24 50 50	0.0370370370
54 3	0.0119047619
49 55 34	0.0877192982
54 60 50	0.0253164557
54 47 49	0.0129032258
10 20 47	0.0117647059
24 8 50	0.1142857143
54 70 50	0.3333333333
5 25	0.1000000000
2 16 50	0.1818181818
54 49 6	0.0073529412
24 11 6	0.0441176471
24 49 6	0.0337078652
54 52 47	0.0289855072
54 1 3	0.0134529148
50 1 3	0.0869565217
24 47 50	0.0869565217
24 47 6	0.0270270270
54 47 50	0.0571428571
24 49 47	0.0377358491
24 52 47	0.0410958904
24 6 6	0.0260416667
50 3	0.1428571429
49 60 6	0.0236220472
51 49 6	0.0248306998
49 8 6	0.0617283951
49 46 6	0.0430107527
59 6 6	0.0139275766
49 2 6	0.0138888889
49 47 50	0.0325203252
51 50	0.0833333333
54 3 47	0.0161290323
56 13 25	0.1428571429
54 3 6	0.0154440154
51 24 50	0.0416666667
9 56 25	0.2857142857
51 34 48	0.0400000000
54 59 3	0.0122699387
25 49 6	0.0547945205
10 16 50	0.3333333333
51 25	0.1111111111
34 30 50	0.2500000000
34 16 50	0.4000000000
56 6	0.0769230769
54 59 50	0.0243902439
54 53 50	0.0392156863
56 3	0.0769230769
51 25 3	0.3750000000
54 0 50	0.0461538462
54 46 50	0.0606060606
54 7 50	0.0566037736
9 20 50	0.0330578512
56 52 23	0.1428571429
56 47 47	0.0625000000
54 70 25	0.3333333333
54 59 47	0.0285714286
10 55 25	0.2857142857
54 1 50	0.0272727273
51 54 50	0.0625000000
54 6 3	0.0079239303
56 52	0.0625000000
49 48 6	0.0314960630
59 47	0.0161290323
59 3	0.0069930070
59 50 34	0.2068965517
59 78 50	0.0317460317
63 8 25	0.4375000000
59 11 3	0.0198675497
49 59 3	0.0046189376
49 47	0.0147058824
59 52	0.0090090090
25 49 47	0.1538461538
59 53 50	0.0250000000
2 49 6	0.0285714286
63 1 50	0.0136986301
59 3 3	0.0068027211
49 53 50	0.0281690141
59 59 52	0.0076726343
63 0 47	0.0361445783
63 0 50	0.0308219178
59 2 50	0.0689655172
63 8 50	0.4117647059
49 49 52	0.0017182131
2 49 47	0.0357142857
49 52 47	0.0069686411
49 57 47	0.0200000000
2 49 52	0.0091743119
59 11 50	0.0117647059
59 11 47	0.0405405405
25 6 47	0.1428571429
59 70 50	0.1818181818
49 52 50	0.0327868852
49 6 3	0.0039113429
49 59 50	0.0143884892
25 1 3	0.0869565217
51 49 52	0.0040899796
24 57 47	0.0243902439
54 0 6	0.0190476190
24 1 52	0.0086206897
54 32 6	0.0256410256
22 34 49	0.1250000000
73 50 3	0.0185185185
25 6 3	0.1081081081
24 13 3	0.0169491525
54 3 3	0.0101010101
50 80 50	0.4166666667
24 78 47	0.0384615385
5 25 49	0.1875000000
50 6 6	0.0769230769
50 1 52	0.0476190476
24 32 6	0.0697674419
24 54 50	0.0434782609
54 11 6	0.0260869565
24 7 50	0.0588235294
24 8 3	0.0487804878
25 52 3	0.0270270270
54 3 52	0.0073800738
24 50 6	0.0377358491
5 54 50	0.0701754386
24 13 6	0.0481927711
54 0 3	0.0270270270
54 17 25	0.4666666667
34 49 47	0.0909090909
54 32 50	0.0178571429
51 20 50	0.0243902439
49 1 3	0.0068259386
59 52 50	0.0371621622
49 49 47	0.0039525692
59 14 50	0.0370370370
59 53 47	0.0277777778
59 47 3	0.0079787234
49 1 6	0.0190114068
25 52 52	0.0208333333
49 60 50	0.0169491525
49 48 47	0.0434782609
49 60 3	0.0156250000
63 52 3	0.0040983607
63 0 52	0.0041928721
63 0 6	0.0223463687
49 14 6	0.0512820513
59 52 52	0.0062208398
54 47 47	0.0370370370
54 2 50	0.0689655172
54 54 47	0.0188679245
56 77 50	0.1000000000
5 34 3	0.0800000000
5 68 50	0.3333333333
54 50 34	0.0476190476
54 52 50	0.0392156863
54 13 52	0.0106382979
54 1 52	0.0083102493
59 77 50	0.2173913043
59 2 6	0.0083333333
49 50 49	0.0294117647
51 63 6	0.0097087379
63 53 50	0.0212765957
49 60 52	0.0104166667
49 8 25	0.2941176471
49 6 47	0.0071942446
49 14 52	0.0128205128
59 70 25	0.1818181818
63 60 50	0.0312500000
63 1 3	0.0133333333
59 7 50	0.0178571429
49 48 52	0.0173913043
10 3 25	0.1818181818
34 18 50	0.0285714286
54 47 6	0.0054945055
59 32 6	0.0238095238
63 6 6	0.0050761421
59 54 6	0.0172413793
54 0 47	0.0689655172
34 22 50	0.0833333333
24 57 6	0.0348837209
54 78 47	0.0740740741
54 52 3	0.0101832994
34 71 50	0.3750000000
5 56 6	0.0769230769
54 16 50	0.4545454545
24 16 50	0.3750000000
24 60 6	0.0370370370
9 22 50	0.0256410256
54 57 3	0.0097087379
24 1 6	0.0333333333
24 6 50	0.0483870968
9 19 47	0.0344827586
34 18 47	0.0434782609
50 71 34	0.1363636364
5 56 52	0.0625000000
22 34 3	0.0666666667
24 1 3	0.0060975610
54 4 6	0.0095238095
24 49 52	0.0069444444
24 78 3	0.0232558140
48 54 6	0.0166666667
10 22 47	0.0204081633
51 34 3	0.0500000000
56 59 50	0.0476190476
54 60 47	0.0454545455
54 59 52	0.0071428571
54 59 6	0.0068493151
54 53 6	0.0148514851
24 1 50	0.0200000000
24 60 47	0.0666666667
22 54 50	0.0476190476
34 3 3	0.0212765957
24 6 3	0.0239234450
54 48 47	0.0645161290
10 20 3	0.0058139535
24 52 50	0.0958904110
22 34 48	0.1176470588
34 7 50	0.0769230769
54 49 52	0.0042372881
59 52 23	0.1428571429
51 59 50	0.0074626866
49 48 3	0.0225563910
49 1 52	0.0042194093
63 6 50	0.0188679245
59 57 50	0.0107526882
49 50 50	0.1176470588
59 54 47	0.0689655172
59 3 50	0.0121212121
59 50 50	0.1794871795
59 8 3	0.0389610390
63 50 50	0.1428571429
59 7 6	0.0265486726
49 53 6	0.0285714286
2 63 6	0.0357142857
59 53 6	0.0327868852
49 7 50	0.0526315789
25 52 47	0.0375000000
59 1 50	0.0227272727
59 59 3	0.0086767896
59 48 47	0.0277777778
25 1 52	0.0517241379
51 46 50	0.0434782609
51 54 6	0.0151515152
59 57 3	0.0231213873
59 14 6	0.0300000000
49 7 6	0.0272727273
9 16 50	0.2500000000
54 53 47	0.0338983051
54 13 50	0.0392156863
24 3 6	0.0396039604
24 3 52	0.0161290323
25 6 6	0.1081081081
50 52 52	0.0163934426
5 68 25	0.3333333333
5 56 3	0.0769230769
24 6 47	0.0428571429
5 34 48	0.0937500000
54 6 47	0.0139534884
34 18 6	0.0181818182
51 50 3	0.0434782609
54 52 52	0.0056179775
54 13 3	0.0092592593
34 52 3	0.0144927536
24 57 50	0.0363636364
22 51 25	0.3750000000
9 22 6	0.0350877193
24 50 34	0.1538461538
49 55 25	0.2222222222
54 78 6	0.0188679245
59 49 47	0.0095693780
49 14 3	0.0144927536
49 13 50	0.0170940171
59 46 50	0.0454545455
59 54 3	0.0370370370
63 53 3	0.0064102564
63 1 6	0.0128755365
49 0 50	0.0277777778
59 14 52	0.0119047619
49 77 50	0.2777777778
10 20 50	0.0270270270
54 14 50	0.0526315789
54 13 25	0.1000000000
25 49 52	0.0476190476
49 11 3	0.0072992701
49 54 50	0.0114942529
49 57 52	0.0105263158
49 14 47	0.0285714286
49 57 3	0.0085470085
49 57 6	0.0325203252
49 47 49	0.0065359477
49 52 3	0.0030487805
59 50 47	0.0384615385
54 2 6	0.0175438596
50 49 52	0.0384615385
50 1 6	0.0400000000
24 8 34	0.0625000000
24 52 3	0.0194805195
24 57 3	0.0113636364
24 3 47	0.0312500000
9 19 3	0.0158730159
24 52 52	0.0125786164
54 48 3	0.0169491525
22 54 6	0.0434782609
50 52 3	0.0200000000
22 51 34	0.1363636364
9 3 25	0.2500000000
50 49 6	0.0400000000
59 47 47	0.0134228188
49 11 50	0.0136986301
2 73 50	0.0769230769
54 6 49	0.0014124294
10 22 50	0.0175438596
54 11 50	0.0273972603
24 50 47	0.0769230769
24 8 6	0.0533333333
50 6 3	0.0769230769
49 4 6	0.0068965517
49 32 50	0.0138888889
59 78 6	0.0119047619
63 7 6	0.0178571429
63 60 6	0.0095238095
49 10 50	0.1428571429
5 63 50	0.0344827586
34 22 6	0.0243902439
54 53 3	0.0041666667
54 50 49	0.0681818182
9 3 34	0.0769230769
54 13 47	0.0112359551
56 6 50	0.0312500000
51 54 47	0.0357142857
56 6 6	0.0144927536
54 57 47	0.0535714286
59 53 3	0.0040160643
49 0 3	0.0149253731
49 0 6	0.0317460317
59 50 3	0.0102040816
59 10 25	0.1666666667
63 52 47	0.0106382979
63 53 47	0.0222222222
49 16 50	0.0909090909
59 48 6	0.0161290323
9 3 50	0.2500000000
54 50 6	0.0303030303
34 18 3	0.0106382979
24 8 47	0.0645161290
59 8 25	0.1000000000
51 22 34	0.0769230769
54 78 3	0.0243902439
22 51 50	0.3333333333
59 57 52	0.0075757576
24 2 50	0.0769230769
34 1 3	0.0769230769
59 88 6	0.0400000000
49 11 47	0.0161290323
49 0 47	0.0270270270
59 50 6	0.0188679245
59 50 49	0.0163934426
54 57 6	0.0183486239
9 19 6	0.0126582278
56 49 50	0.0588235294
49 52 52	0.0014306152
49 46 50	0.0357142857
49 2 50	0.0344827586
24 50 49	0.0163934426
24 53 47	0.0769230769
34 48 3	0.0270270270
50 49 47	0.1333333333
24 53 6	0.0222222222
59 6 49	0.0011049724
24 59 3	0.0188679245
24 7 6	0.0169491525
24 50 3	0.0277777778
50 6 47	0.1111111111
34 18 52	0.0250000000
54 49 47	0.0111111111
24 48 47	0.0555555556
24 3 3	0.0144927536
24 13 47	0.0408163265
49 14 50	0.0227272727
59 49 52	0.0018621974
24 13 25	0.2222222222
54 54 50	0.0123456790
56 47 50	0.0500000000
59 48 52	0.0166666667
24 14 50	0.1818181818
24 11 50	0.0256410256
34 52 47	0.0285714286
5 54 6	0.0285714286
56 3 47	0.0769230769
59 70 34	0.0500000000
56 47 3	0.0357142857
5 56 47	0.1111111111
34 19 6	0.0434782609
49 11 52	0.0086956522
24 60 3	0.0370370370
34 1 6	0.0769230769
54 70 34	0.0666666667
50 52 47	0.0357142857
24 32 50	0.0270270270
5 68 34	0.0666666667
24 78 6	0.0243902439
59 52 49	0.0011778563
24 48 3	0.0312500