0	0.0000000000
1	0.0000000000
2	0.0000000000
3	0.0000000000
4	0.0000000000
5	0.0000000000
6	0.0000000000
7	0.0000000000
8	0.0000000000
9	0.0000000000
10	0.0000000000
11	0.0000000000
12	0.0000000000
13	0.0000000000
14	0.0000000000
15	0.0000000000
16	0.0000000000
17	0.0000000000
18	0.1794871795
19	0.0000000000
20	0.0000000000
21	0.0000000000
22	0.0000000000
23	0.0000000000
24	0.0000000000
25	0.0000000000
26	0.0000000000
27	0.0000000000
28	0.0000000000
29	0.1363636364
30	0.0000000000
31	0.0000000000
32	0.0000000000
33	0.0000000000
34	0.0000000000
35	0.0000000000
37	0.0000000000
38	0.0000000000
39	0.0000000000
40	0.0000000000
41	0.0000000000
42	0.0000000000
43	0.0000000000
44	0.0000000000
45	0.0000000000
46	0.0000000000
47	0.0000000000
48	0.0000000000
49	0.0000000000
50	0.0000000000
51	0.0000000000
52	0.0000000000
53	0.0000000000
54	0.0000000000
55	0.0000000000
56	0.0000000000
57	0.0000000000
58	0.0000000000
59	0.0000000000
60	0.0000000000
61	0.0000000000
62	0.0000000000
63	0.0000000000
64	0.0000000000
65	0.0000000000
66	0.0000000000
67	0.0000000000
68	0.0000000000
69	0.0000000000
70	0.0000000000
71	0.0000000000
72	0.0000000000
73	0.0000000000
74	0.0000000000
75	0.0000000000
76	0.0000000000
77	0.0000000000
78	0.0000000000
79	0.0000000000
80	0.0000000000
81	0.0000000000
82	0.0000000000
83	0.0000000000
84	0.0000000000
85	0.0000000000
86	0.0000000000
87	0.0000000000
88	0.0000000000
89	0.0000000000
90	0.0000000000
91	0.0000000000
92	0.0000000000
24 66	0.2133333333
29 49	0.1052631579
52 49	0.1445783133
18 66	0.1020408163
29 48 49	0.0869565217
52 10	0.2142857143
4 2 49	0.0808080808
29 1 10	0.2500000000
4 49	0.1269841270
24 32 49	0.1666666667
52 1 49	0.1428571429
4 10	0.0833333333
3 64 36	0.6231884058
18 51 51	0.2356687898
18 10	0.2307692308
18 53 49	0.1052631579
18 49	0.1151515152
3 10	0.1923076923
18 61	0.0800000000
3 66	0.1923076923
18 20 49	0.1306818182
24 53	0.0714285714
52 49 48	0.1000000000
24 49 49	0.1021505376
3 69 31	0.1698113208
18 51	0.2142857143
18 3 66	0.1776416539
36 51	0.2258064516
29 47 49	0.1239669421
4 14 53	0.1111111111
29 79	0.1666666667
4 52 49	0.1198501873
3 3 66	0.1521739130
29 3 66	0.1767955801
4 11 49	0.1408450704
29 53 51	0.1566265060
18 13 53	0.0196078431
29 53	0.0500000000
52 46 66	0.1666666667
4 1 66	0.1785714286
24 13 10	0.1600000000
36 2	0.1428571429
18 82 18	0.2159090909
29 50 18	0.2075471698
4 1 49	0.1041666667
3 13 49	0.0814285714
29 51	0.1200000000
29 3 10	0.2816901408
36 75 18	0.2031250000
18 5	0.1142857143
29 52 10	0.2857142857
4 66 48	0.2200000000
52 66	0.1285714286
52 8 66	0.1980198020
29 66	0.0800000000
24 50 31	0.1724137931
3 46 33	0.5000000000
4 66	0.1228070175
29 10	0.1818181818
30 19 49	0.1212121212
52 11 66	0.1718750000
4 6 10	0.2857142857
4 6 29	0.1818181818
24 52 49	0.1126760563
4 6 61	0.0937500000
4 0 49	0.1076923077
18 57 49	0.1235955056
18 46 10	0.2894736842
29 49 29	0.1500000000
18 2	0.0461538462
36 7 61	0.1250000000
24 10	0.2500000000
18 52 10	0.2875000000
18 59 49	0.1250000000
3 13 66	0.1428571429
24 66 0	0.0833333333
36 48	0.2142857143
18 7 66	0.1866666667
36 5	0.1458333333
18 67 31	0.2077922078
36 51 51	0.2096774194
29 5	0.1600000000
24 53 49	0.1020408163
4 47 66	0.1764705882
29 4 66	0.1875000000
52 66 51	0.2179487179
3 59 66	0.1923076923
3 59 53	0.0267857143
36 56 61	0.0500000000
29 3 61	0.1097560976
29 48	0.1428571429
36 15 49	0.0952380952
24 6 49	0.1158536585
24 52 53	0.0491803279
18 49 29	0.1973684211
18 52 66	0.1470588235
36 3 10	0.2474226804
52 49 49	0.1200000000
4 78 66	0.1643835616
18 56 66	0.2203389831
18 7 49	0.1270983213
4 54 49	0.1142857143
18 49 51	0.2369477912
3 47 66	0.1875000000
29 78 10	0.2083333333
18 49 5	0.1486880466
29 54 10	0.2000000000
4 6 36	0.5000000000
18 50 49	0.1098901099
24 46 10	0.2891566265
29 57 66	0.1428571429
18 52 49	0.1130434783
24 47 31	0.1707317073
36 20 10	0.3088235294
29 64 36	0.6528925620
29 59 10	0.2708333333
4 52 66	0.1582278481
52 53	0.0769230769
18 31 61	0.0588235294
52 13 49	0.0626702997
24 0 66	0.2040816327
24 49	0.1428571429
29 52 66	0.1854838710
3 6 10	0.2385321101
29 6 18	0.2307692308
4 2 66	0.2857142857
4 57 49	0.1293103448
18 7 10	0.2117647059
18 13 61	0.0819672131
3 14 66	0.1875000000
4 0 66	0.2156862745
4 6 49	0.0984682713
18 75 18	0.2059701493
29 20 53	0.0633802817
18 51 2	0.1946902655
4 3 61	0.1290322581
29 7 66	0.1634980989
4 49 36	0.4230769231
18 32 49	0.1478260870
18 14 61	0.0714285714
4 14 66	0.1888888889
3 78 49	0.1117318436
4 47 10	0.2777777778
18 53	0.0625000000
52 49 29	0.2666666667
4 66 72	0.1000000000
18 59 10	0.2268041237
36 64 36	0.5980392157
29 49 5	0.1065573770
18 75 36	0.6638655462
18 33	0.2857142857
52 57 49	0.1337209302
4 60 66	0.1481481481
24 6 36	0.4736842105
52 64 36	0.5813953488
3 52 66	0.1671018277
24 14 53	0.0666666667
18 46 39	0.7727272727
18 55 36	0.4736842105
52 50 36	0.5135135135
76 18	0.1500000000
36 79	0.2222222222
18 15 63	0.1600000000
18 13 49	0.0770308123
3 3 53	0.0519480519
52 1 66	0.1615720524
9 72 51	0.2222222222
18 82 29	0.1911764706
18 49 49	0.1237785016
24 46 39	0.6153846154
3 50 29	0.2352941176
18 59 66	0.1989528796
3 54 66	0.1538461538
18 19 66	0.1904761905
18 6 66	0.2124463519
9 72	0.2000000000
52 31	0.1176470588
52 52 53	0.0792079208
52 49 36	0.6250000000
24 11 53	0.0877192982
18 13 0	0.1304347826
3 61	0.0666666667
4 13 49	0.0613718412
36 75 36	0.5600000000
3 64 29	0.2164948454
46 61	0.1250000000
3 57 66	0.1864406780
3 6 49	0.1018998273
24 50 18	0.1685393258
52 3 10	0.2093023256
18 47 49	0.1268882175
52 8 10	0.1034482759
24 60 10	0.1666666667
3 53	0.0270270270
52 11 49	0.1464968153
24 52 61	0.0370370370
3 53 5	0.2405063291
52 31 51	0.1315789474
18 3 53	0.0467091295
18 48 5	0.1866666667
52 46 89	0.3000000000
36 33	0.2222222222
46 39	0.1666666667
18 47 66	0.2021857923
3 52 10	0.2291666667
18 15 39	0.4444444444
3 57 49	0.1118012422
3 47 49	0.1250000000
18 3 61	0.0925925926
29 6 49	0.0991735537
30 19 66	0.1538461538
18 22 66	0.1489361702
4 53 51	0.1851851852
4 66 51	0.2388059701
4 49 10	0.2549019608
29 49 18	0.2727272727
18 13 66	0.1655172414
29 59 49	0.1171171171
18 49 18	0.2327044025
29 50 29	0.0909090909
18 6 49	0.1148148148
4 54 66	0.1590909091
4 6 66	0.2040816327
4 46 66	0.2105263158
24 47 10	0.1904761905
3 3 61	0.1500000000
24 59 49	0.1000000000
4 10 10	0.2222222222
76 18 48	0.1363636364
3 13 53	0.0270270270
9 20 49	0.1165048544
18 50 36	0.6000000000
24 49 10	0.1794871795
3 6 66	0.2059800664
4 64 36	0.6250000000
18 65 5	0.1764705882
9 19 49	0.1020408163
18 15 49	0.1229946524
36 7 49	0.1184210526
3 8 10	0.1034482759
4 49 5	0.1374045802
24 3 0	0.0882352941
3 13 10	0.1739130435
3 52 49	0.1167664671
18 48	0.0800000000
24 54 66	0.1764705882
52 32 66	0.1549295775
3 53 51	0.1963190184
3 46 10	0.3225806452
52 53 51	0.1869918699
24 14 49	0.1458333333
52 42 49	0.1111111111
18 6 10	0.3125000000
24 46 53	0.0576923077
52 49 5	0.1370558376
29 49 66	0.2155172414
52 50 18	0.1884057971
4 47 53	0.0757575758
24 66 79	0.4375000000
29 49 2	0.1125000000
29 51 51	0.1985294118
18 19 49	0.1066666667
29 7 10	0.1818181818
29 54 66	0.1923076923
3 8 66	0.2025316456
3 52 61	0.0447761194
29 19 10	0.2380952381
3 70 36	0.6000000000
4 75 36	0.4705882353
18 50 10	0.1578947368
18 49 61	0.1304347826
29 46 89	0.3750000000
52 2 66	0.2571428571
4 67 31	0.2075471698
3 57 10	0.2424242424
52 46 10	0.2839506173
52 57 66	0.1836734694
3 3 10	0.2584269663
24 1 10	0.1911764706
18 5 2	0.1025641026
18 6 53	0.0500000000
29 82 18	0.2321428571
18 53 51	0.1801801802
36 7 10	0.2000000000
29 19 49	0.1075268817
3 1 53	0.0588235294
24 1 66	0.1524390244
24 49 29	0.1764705882
18 56 63	0.2727272727
4 4 10	0.3333333333
52 50 49	0.1111111111
24 47 49	0.1034482759
18 53 5	0.1200000000
29 56 49	0.0618556701
3 2 10	0.1935483871
24 13 61	0.1142857143
52 47 49	0.1526717557
4 4 66	0.1818181818
24 8 66	0.1818181818
24 6 66	0.1886792453
3 61 5	0.1315789474
4 53	0.0322580645
3 6 36	0.6578947368
29 20 49	0.1161971831
4 10 2	0.0666666667
4 7 49	0.1250000000
36 15 39	0.1666666667
29 60 49	0.1000000000
29 60 66	0.0833333333
18 46 89	0.5000000000
18 13 10	0.2205882353
4 3 10	0.3030303030
24 57 49	0.1230769231
52 75 36	0.4347826087
29 13 10	0.3214285714
4 13 50	0.0263157895
52 78 66	0.1290322581
18 20 10	0.2947368421
4 78 49	0.1222222222
29 47 66	0.1985815603
18 11 49	0.1221374046
18 6 29	0.1607142857
18 66 51	0.2033898305
3 48 49	0.1229508197
3 32 49	0.1587301587
52 8 53	0.1363636364
24 2 66	0.2000000000
4 8 66	0.1666666667
24 49 5	0.1553398058
24 57 53	0.0943396226
24 50 36	0.2352941176
3 61 51	0.1884057971
24 49 79	0.1666666667
18 55 18	0.2258064516
3 47 53	0.0803571429
52 66 79	0.5000000000
36 64 29	0.1911764706
36 20 49	0.1319018405
18 3 10	0.2611940299
24 0 10	0.2142857143
18 46 33	0.5833333333
29 49 51	0.1770833333
29 49 49	0.1369047619
4 59 49	0.1268656716
18 49 66	0.2040133779
4 59 10	0.2500000000
3 70 18	0.2115384615
36 15 10	0.2000000000
3 66 5	0.1315789474
18 24 49	0.0886075949
80 54 66	0.1739130435
29 56 33	0.3750000000
18 32 66	0.1595744681
24 49 36	0.6250000000
29 19 53	0.0303030303
9 19 66	0.1428571429
76 18 5	0.2380952381
18 52 53	0.0645161290
3 50 53	0.1250000000
52 23 66	0.1707317073
3 48 10	0.1428571429
24 66 2	0.0841121495
52 49 51	0.2105263158
3 66 2	0.0972222222
52 70 18	0.1794871795
18 15 10	0.2564102564
4 57 66	0.1562500000
24 66 5	0.1416309013
4 11 66	0.1538461538
52 11 53	0.0892857143
24 66 51	0.2605633803
3 59 49	0.1264367816
36 56 49	0.1105990783
3 6 18	0.1976744186
24 11 66	0.1525423729
3 50 18	0.1844660194
36 3 66	0.1641221374
24 1 61	0.1166666667
24 13 49	0.0661157025
18 21 49	0.0666666667
46 17 10	0.2941176471
24 1 49	0.1132075472
18 19 10	0.2580645161
18 47 10	0.3000000000
24 78 49	0.1333333333
18 49 36	0.5972222222
18 49 48	0.0666666667
4 13 66	0.1666666667
4 11 10	0.2222222222
4 75 18	0.1702127660
30 19 53	0.0588235294
18 6 36	0.5681818182
18 49 10	0.2595419847
29 54 49	0.0967741935
29 1 49	0.1325301205
52 54 10	0.2608695652
4 1 61	0.0789473684
4 46 10	0.2388059701
29 59 66	0.2156862745
3 78 10	0.1081081081
3 78 66	0.1276595745
24 52 66	0.1732283465
4 53 5	0.0344827586
52 53 5	0.1594202899
24 3 66	0.1375000000
3 52 53	0.0555555556
3 70 51	0.0769230769
52 57 53	0.0208333333
24 1 53	0.0697674419
24 7 49	0.0975609756
18 2 51	0.2625000000
29 7 49	0.1116883117
18 57 53	0.0384615385
3 54 49	0.0967741935
18 57 10	0.2972972973
52 47 66	0.1676646707
4 52 10	0.2954545455
24 42 49	0.1111111111
4 49 18	0.2500000000
29 24 66	0.1428571429
4 53 49	0.1149425287
29 13 49	0.0492424242
24 49 18	0.1833333333
18 6 18	0.2149532710
29 59 61	0.1200000000
80 54 49	0.1160714286
18 51 79	0.6875000000
29 78 61	0.0909090909
18 49 2	0.0742187500
29 82 29	0.2037037037
24 11 10	0.2307692308
29 49 36	0.2307692308
2 4 49	0.1764705882
24 6 29	0.2000000000
52 59 10	0.1153846154
3 50 10	0.1250000000
3 10 51	0.1538461538
24 4 49	0.1111111111
24 49 48	0.0833333333
4 13 10	0.3055555556
3 46 89	0.3571428571
3 4 49	0.0789473684
3 2 49	0.0898876404
4 64 29	0.1764705882
18 1 49	0.1336405530
18 11 66	0.1888888889
36 7 66	0.1410256410
24 54 49	0.1147540984
29 22 49	0.0967741935
3 46 61	0.0337078652
4 49 51	0.2457627119
52 52 66	0.1757575758
18 32 53	0.0285714286
29 59 53	0.0317460317
52 1 10	0.2121212121
29 11 10	0.2500000000
18 50 18	0.1940298507
4 46 39	0.6428571429
24 59 66	0.1684210526
18 56 39	0.5000000000
4 60 49	0.1272727273
9 64 36	0.5000000000
3 6 29	0.2727272727
36 79 10	0.3043478261
4 6 18	0.2209302326
24 7 66	0.1639344262
18 22 49	0.0967741935
3 13 61	0.0634920635
24 0 49	0.1000000000
24 57 66	0.1530612245
24 3 61	0.1272727273
18 59 61	0.0675675676
18 56 49	0.1130136986
29 7 61	0.0588235294
29 15 63	0.1428571429
4 2 10	0.2727272727
24 66 48	0.1724137931
2 4 66	0.1428571429
24 6 10	0.1969696970
3 32 66	0.1276595745
3 50 36	0.4583333333
29 20 10	0.3333333333
24 47 66	0.1521739130
18 20 53	0.0607287449
24 4 53	0.0526315789
24 14 10	0.0909090909
76 18 51	0.2285714286
18 47 53	0.0662251656
52 23 49	0.1126760563
52 75 18	0.1764705882
24 78 66	0.1684210526
24 69 31	0.1707317073
29 70 18	0.2222222222
29 5 5	0.0833333333
3 59 10	0.2023809524
29 66 51	0.1666666667
52 53 66	0.1587301587
29 67 31	0.2068965517
52 52 61	0.0851063830
36 51 79	0.5454545455
29 78 49	0.1250000000
29 78 66	0.1904761905
52 46 39	0.6875000000
18 61 51	0.1848739496
3 65 51	0.1428571429
4 49 29	0.2000000000
29 50 36	0.4444444444
29 6 36	0.4000000000
18 78 49	0.0979020979
4 49 49	0.1066666667
36 17 10	0.3043478261
80 54 10	0.2608695652
18 52 61	0.0958904110
29 4 49	0.0930232558
3 7 66	0.1898734177
24 54 10	0.2142857143
3 53 53	0.1250000000
36 56 66	0.2210526316
52 52 10	0.2040816327
24 48 66	0.1304347826
46 46 10	0.1250000000
52 57 10	0.3030303030
36 5 5	0.1092436975
52 21 53	0.0512820513
52 59 66	0.1860465116
52 52 49	0.1237458194
24 66 33	0.4615384615
52 64 29	0.1746031746
18 57 66	0.1803278689
52 1 53	0.0666666667
24 13 66	0.1206896552
52 50 53	0.1081081081
4 53 66	0.1612903226
24 46 61	0.0434782609
9 3 66	0.1176470588
24 14 66	0.2000000000
3 11 49	0.1307189542
52 50 66	0.1791044776
29 48 5	0.1777777778
36 5 2	0.1184210526
4 49 2	0.0909090909
29 52 49	0.0952380952
29 64 29	0.1636363636
52 49 79	0.5000000000
18 32 10	0.2000000000
30 22 10	0.2222222222
18 5 5	0.1062500000
36 85 10	0.1764705882
29 13 0	0.0952380952
18 31 49	0.1176470588
4 0 10	0.2000000000
24 52 10	0.2048192771
3 47 10	0.2500000000
4 78 53	0.0540540541
29 8 49	0.0555555556
18 10 51	0.1463414634
24 49 51	0.2169811321
52 31 5	0.1025641026
24 53 51	0.1379310345
18 5 79	0.1666666667
9 24 66	0.1481481481
18 10 10	0.0909090909
24 2 49	0.0972222222
24 3 10	0.2372881356
29 15 10	0.2395833333
52 31 49	0.1200000000
36 48 5	0.1607142857
9 51 48	0.1333333333
24 2 10	0.0666666667
24 57 10	0.1818181818
52 13 61	0.0357142857
29 19 66	0.1772151899
36 2 51	0.2962962963
52 7 66	0.1772151899
18 66 2	0.0769230769
24 4 66	0.1860465116
9 15 10	0.2727272727
24 10 51	0.2222222222
80 4 49	0.1230769231
52 78 49	0.1206896552
52 46 63	0.2105263158
29 55 36	0.4736842105
3 66 51	0.2291666667
18 61 5	0.0746268657
9 2 51	0.3076923077
18 50 29	0.1481481481
52 66 5	0.1273584906
52 59 53	0.0322580645
52 49 66	0.1792452830
9 7 66	0.1463414634
3 53 49	0.1250000000
3 50 49	0.1147540984
76 18 66	0.1176470588
24 60 66	0.1764705882
18 8 66	0.1857142857
18 50 53	0.0909090909
4 65 51	0.1764705882
18 2 10	0.2777777778
18 60 10	0.1923076923
4 7 66	0.1764705882
30 4 66	0.1200000000
18 46 66	0.1714285714
29 46 39	0.5454545455
4 49 66	0.1917808219
4 4 49	0.1111111111
18 1 10	0.2500000000
80 4 66	0.1304347826
29 53 5	0.0250000000
30 52 66	0.1351351351
52 60 49	0.1272727273
29 46 10	0.2000000000
52 49 18	0.2428571429
3 8 49	0.1200000000
18 59 53	0.0243902439
30 46 10	0.1052631579
4 47 49	0.1595744681
3 11 10	0.2333333333
18 53 2	0.0235294118
36 48 51	0.3000000000
3 54 10	0.2000000000
52 21 66	0.1864406780
52 14 49	0.1212121212
46 17 0	0.0322580645
4 66 5	0.1153846154
18 53 10	0.1000000000
52 21 49	0.1162790698
3 66 48	0.1481481481
52 53 49	0.1014492754
4 46 33	0.3750000000
4 59 66	0.1636363636
18 51 48	0.1739130435
29 15 49	0.1065573770
83 0 18	0.1176470588
18 47 31	0.1710526316
3 1 49	0.1341991342
3 10 5	0.0909090909
18 49 53	0.0473372781
18 60 66	0.1162790698
46 10 5	0.1739130435
52 54 66	0.1797752809
3 67 31	0.1463414634
18 66 48	0.1818181818
52 47 53	0.0759493671
24 32 66	0.1315789474
4 54 53	0.0285714286
3 66 79	0.4000000000
24 49 2	0.0740740741
9 24 49	0.0555555556
18 56 61	0.0608695652
9 72 48	0.1500000000
3 46 63	0.2000000000
18 46 63	0.1093750000
29 32 10	0.2272727273
4 52 53	0.0744680851
29 4 10	0.2727272727
29 11 49	0.1157894737
4 69 31	0.2068965517
3 6 61	0.0845070423
29 66 5	0.1044776119
4 54 10	0.2272727273
9 20 53	0.1081081081
4 1 10	0.2250000000
36 56 33	0.5833333333
3 78 53	0.0746268657
3 75 18	0.1764705882
52 60 66	0.1320754717
52 49 2	0.0583333333
80 9 72	0.1000000000
18 8 53	0.1290322581
18 54 10	0.2380952381
4 78 10	0.2105263158
29 6 10	0.3265306122
18 15 53	0.0178571429
18 60 49	0.0973451327
76 18 10	0.1000000000
9 24 10	0.2222222222
29 24 53	0.0370370370
52 50 29	0.1960784314
24 59 53	0.0410958904
36 3 53	0.0508474576
3 13 0	0.0937500000
52 70 36	0.5000000000
18 2 66	0.2571428571
52 2 49	0.0960000000
18 2 49	0.0845070423
52 21 61	0.0526315789
18 53 66	0.1518987342
24 75 18	0.1538461538
18 10 5	0.1020408163
4 66 2	0.1000000000
52 54 49	0.1037735849
4 47 31	0.1724137931
18 8 49	0.1458333333
52 49 10	0.2000000000
29 55 18	0.2258064516
18 1 66	0.1588785047
18 4 49	0.0508474576
52 70 5	0.1428571429
36 2 5	0.1250000000
52 69 31	0.1707317073
52 14 66	0.1875000000
24 59 10	0.2000000000
9 20 10	0.2173913043
9 7 49	0.0757575758
24 50 66	0.0434782609
9 64 29	0.2272727273
52 46 33	0.4444444444
24 78 53	0.1063829787
29 51 2	0.1780821918
24 49 66	0.1333333333
24 53 5	0.2040816327
18 48 51	0.1866666667
29 51 48	0.1224489796
18 55 29	0.2000000000
52 4 49	0.0985915493
29 6 61	0.0967741935
29 1 61	0.0625000000
4 70 36	0.2105263158
4 14 49	0.1458333333
36 56 63	0.2592592593
29 2 51	0.2600000000
29 69 31	0.1764705882
3 46 66	0.1739130435
24 6 18	0.2258064516
3 14 49	0.1304347826
29 32 49	0.1315789474
30 4 49	0.1176470588
30 9 5	0.1428571429
4 66 79	0.3636363636
3 46 39	0.7058823529
30 22 66	0.1632653061
52 32 49	0.1772151899
29 42 49	0.0555555556
29 2 49	0.0441176471
18 48 49	0.1014492754
29 52 53	0.0714285714
4 57 10	0.2272727273
29 48 51	0.2093023256
18 7 61	0.1071428571
24 53 2	0.0208333333
29 14 49	0.1176470588
18 78 61	0.0645161290
3 8 53	0.1052631579
4 1 53	0.0394736842
29 11 66	0.1904761905
9 22 66	0.0769230769
18 79 10	0.2857142857
9 75 36	0.5000000000
52 31 61	0.1000000000
3 4 66	0.1875000000
3 60 10	0.1666666667
24 8 49	0.1304347826
29 49 53	0.0192307692
18 14 49	0.1186440678
18 31 10	0.1666666667
4 53 10	0.2222222222
52 65 5	0.1764705882
4 46 63	0.1764705882
52 0 66	0.2000000000
52 78 10	0.0869565217
18 53 53	0.0540540541
3 1 66	0.1200000000
9 7 10	0.0952380952
52 10 10	0.1538461538
18 48 10	0.2142857143
29 47 10	0.2916666667
36 46 39	0.2857142857
4 11 53	0.0600000000
4 46 89	0.2222222222
52 13 66	0.0983606557
18 54 66	0.1772151899
80 4 10	0.1818181818
18 85 10	0.1818181818
18 78 53	0.0185185185
24 6 61	0.0714285714
24 49 53	0.0212765957
52 53 53	0.0634920635
24 65 5	0.2380952381
52 13 10	0.1578947368
3 61 2	0.0952380952
29 46 33	0.3750000000
3 50 31	0.1764705882
18 3 50	0.0086956522
18 66 5	0.1088435374
18 56 33	0.5454545455
52 78 53	0.0816326531
30 3 66	0.1600000000
4 70 18	0.2580645161
24 53 66	0.1780821918
52 10 51	0.1428571429
4 8 49	0.1147540984
30 7 66	0.2500000000
52 4 66	0.1884057971
52 3 66	0.1250000000
76 4 10	0.1428571429
24 67 31	0.1176470588
24 6 53	0.0312500000
18 5 48	0.1475409836
24 65 51	0.1600000000
24 54 53	0.0476190476
29 46 63	0.1034482759
29 6 66	0.2035398230
29 53 66	0.1600000000
52 65 51	0.1428571429
29 49 79	0.2857142857
52 2 10	0.1818181818
52 70 51	0.1176470588
52 11 10	0.2068965517
24 46 66	0.1609195402
3 11 66	0.1509433962
36 5 48	0.1632653061
16 76 18	0.1500000000
36 20 53	0.0611111111
18 2 5	0.0943396226
3 6 53	0.0377358491
29 22 66	0.1489361702
29 49 10	0.3414634146
18 50 66	0.1818181818
29 57 49	0.1134020619
52 21 10	0.1250000000
18 60 53	0.0512820513
3 57 61	0.1428571429
3 10 10	0.1176470588
36 33 2	0.1111111111
52 47 10	0.1304347826
24 11 49	0.1354838710
18 54 49	0.1075268817
52 8 49	0.1200000000
3 48 66	0.1492537313
52 0 10	0.1818181818
18 1 61	0.0434782609
24 59 61	0.0357142857
3 75 36	0.2608695652
30 22 53	0.0714285714
4 14 10	0.1818181818
3 53 66	0.1136363636
3 60 66	0.1250000000
29 56 66	0.1276595745
46 61 51	0.1304347826
18 15 33	0.4444444444
18 2 61	0.1081081081
18 49 79	0.5454545455
29 57 10	0.2631578947
18 78 66	0.1142857143
18 88 66	0.0714285714
24 75 36	0.1818181818
52 47 31	0.1724137931
24 48 49	0.0860215054
9 3 10	0.1333333333
24 47 53	0.0675675676
52 67 31	0.1886792453
18 24 66	0.1206896552
4 4 53	0.0400000000
18 33 5	0.1764705882
3 60 49	0.1090909091
4 8 53	0.0909090909
3 70 29	0.1481481481
29 46 66	0.1923076923
4 32 49	0.1636363636
36 56 53	0.0491803279
29 13 50	0.0384615385
24 8 10	0.0500000000
18 61 2	0.0588235294
4 0 0	0.1250000000
29 5 48	0.1162790698
29 47 53	0.0322580645
29 5 2	0.0853658537
36 17 33	0.2857142857
52 66 48	0.1836734694
4 32 10	0.2000000000
24 50 49	0.1219512195
3 10 33	0.1818181818
52 3 53	0.0379746835
29 3 53	0.0627450980
24 46 33	0.2857142857
36 51 2	0.1836734694
18 24 10	0.2142857143
52 53 10	0.1739130435
29 14 10	0.1666666667
3 1 10	0.1666666667
9 3 61	0.0833333333
18 17 10	0.2857142857
36 33 51	0.1428571429
24 48 10	0.1764705882
36 85 0	0.0281690141
80 4 53	0.0344827586
29 1 66	0.1063829787
29 50 66	0.1333333333
4 59 53	0.0256410256
18 6 61	0.0886075949
30 19 10	0.1111111111
29 56 61	0.0526315789
24 4 10	0.1538461538
29 13 66	0.1724137931
24 46 63	0.0689655172
30 7 49	0.1111111111
76 18 49	0.0545454545
18 4 10	0.2222222222
52 46 61	0.0416666667
3 53 10	0.1666666667
24 50 29	0.2068965517
29 51 79	0.5000000000
4 65 5	0.0666666667
24 78 10	0.1739130435
30 7 10	0.2222222222
29 15 89	0.1000000000
29 3 0	0.1200000000
29 15 39	0.2857142857
30 46 61	0.0526315789
4 10 51	0.1470588235
18 78 10	0.0857142857
24 53 10	0.1538461538
4 49 48	0.0769230769
52 59 49	0.0754716981
18 11 10	0.2424242424
29 6 29	0.1111111111
3 10 2	0.0303030303
24 3 53	0.0520833333
52 54 53	0.0526315789
36 56 39	0.3750000000
3 50 66	0.1333333333
3 1 61	0.1081081081
4 3 66	0.0800000000
29 52 61	0.1612903226
52 66 2	0.0918367347
3 54 53	0.0833333333
18 4 66	0.1034482759
24 0 53	0.0500000000
36 33 5	0.2068965517
4 3 53	0.0689655172
52 32 10	0.1764705882
3 48 53	0.0465116279
9 51 2	0.0909090909
9 75 18	0.1794871795
36 51 48	0.1904761905
4 46 53	0.0312500000
46 39 33	0.2857142857
2 4 53	0.0555555556
76 18 2	0.0769230769
9 24 53	0.0625000000
18 14 66	0.1875000000
29 49 48	0.0526315789
29 10 51	0.1739130435
3 47 31	0.1500000000
4 32 66	0.1886792453
18 79 63	0.1428571429
3 65 5	0.1764705882
24 17 50	0.1000000000
29 14 66	0.1538461538
29 66 2	0.0322580645
4 67 51	0.2500000000
29 15 33	0.3750000000
46 3 10	0.0666666667
3 11 53	0.0877192982
18 19 53	0.0192307692
24 60 49	0.1250000000
36 43 39	0.2857142857
24 10 5	0.0740740741
29 22 53	0.0400000000
30 9 72	0.1000000000
29 50 49	0.0555555556
18 27 0	0.1250000000
4 6 53	0.0370370370
30 22 49	0.1315789474
52 70 29	0.2272727273
29 47 31	0.2142857143
36 5 79	0.1666666667
29 78 53	0.0256410256
30 52 49	0.0816326531
4 53 2	0.0238095238
3 2 61	0.0967741935
29 32 66	0.1724137931
3 4 10	0.1818181818
24 49 61	0.0512820513
80 54 53	0.0588235294
30 52 10	0.0909090909
29 24 10	0.2307692308
29 55 29	0.2000000000
52 23 10	0.1052631579
18 85 0	0.0263157895
9 19 10	0.1538461538
18 13 50	0.0283018868
18 32 61	0.1000000000
18 56 53	0.0270270270
24 13 53	0.0161290323
29 56 39	0.4444444444
4 42 49	0.0555555556
3 70 5	0.1176470588
18 10 2	0.0833333333
29 66 48	0.1666666667
4 70 5	0.1176470588
3 2 66	0.2000000000
9 15 63	0.1250000000
18 21 66	0.0800000000
18 54 53	0.0303030303
24 48 53	0.0512820513
52 13 53	0.0196078431
46 17 33	0.1666666667
18 17 33	0.1666666667
3 3 0	0.0800000000
52 10 2	0.0555555556
18 21 10	0.1111111111
18 69 31	0.1764705882
18 66 79	0.3750000000
52 4 10	0.2352941176
36 3 61	0.0769230769
4 53 53	0.0769230769
52 13 0	0.1111111111
29 1 53	0.0333333333
29 24 49	0.0746268657
76 4 66	0.1785714286
30 9 51	0.1111111111
80 10 72	0.2000000000
52 3 61	0.0952380952
52 42 53	0.0909090909
3 32 10	0.1250000000
29 2 61	0.0909090909
18 88 49	0.1764705882
3 14 10	0.1052631579
18 21 53	0.1250000000
46 43 10	0.1250000000
52 53 2	0.0178571429
24 66 72	0.2500000000
3 7 49	0.0555555556
29 56 53	0.0526315789
52 50 10	0.1304347826
24 10 33	0.2222222222
4 7 10	0.2727272727
3 42 49	0.1111111111
36 85 89	0.2857142857
24 8 53	0.1052631579
24 67 51	0.0833333333
29 13 61	0.0769230769
36 15 53	0.0500000000
3 60 61	0.1666666667
52 13 50	0.0181818182
52 49 61	0.0588235294
4 3 0	0.1052631579
46 61 5	0.0769230769
46 10 51	0.0500000000
29 13 53	0.0333333333
4 46 61	0.0615384615
4 49 61	0.0571428571
4 42 66	0.1333333333
24 42 53	0.0909090909
29 2 10	0.2500000000
18 57 61	0.1250000000
9 22 49	0.1111111111
29 56 63	0.2307692308
29 53 49	0.0645161290
18 65 51	0.1428571429
29 66 79	0.1666666667
52 31 48	0.0714285714
18 11 53	0.0487804878
9 15 49	0.0714285714
52 1 61	0.1000000000
3 66 0	0.1000000000
29 32 53	0.0370370370
9 2 5	0.1111111111
4 70 29	0.1333333333
18 60 61	0.1875000000
52 7 10	0.1428571429
24 32 10	0.0909090909
46 46 39	0.1666666667
29 6 53	0.0281690141
9 15 33	0.1666666667
18 24 53	0.0333333333
29 2 5	0.1052631579
3 14 53	0.0588235294
3 59 61	0.0447761194
29 32 61	0.0869565217
3 42 53	0.0909090909
52 60 53	0.0370370370
18 67 51	0.0833333333
18 49 39	0.2857142857
18 8 10	0.0588235294
4 13 61	0.0666666667
3 14 61	0.0740740741
4 70 51	0.1764705882
29 3 50	0.0155440415
4 0 53	0.0416666667
3 32 61	0.0937500000
52 31 79	0.1666666667
3 7 10	0.1111111111
52 14 53	0.0833333333
4 52 61	0.1176470588
18 31 39	0.1666666667
18 14 10	0.1111111111
76 4 49	0.0434782609
52 3 0	0.0555555556
52 0 49	0.0750000000
3 53 2	0.0156250000
36 85 61	0.0476190476
4 13 0	0.0555555556
52 10 33	0.2222222222
18 33 2	0.1428571429
52 14 10	0.1111111111
18 70 5	0.0769230769
52 7 49	0.0434782609
4 59 61	0.0625000000
52 60 10	0.0909090909
24 7 10	0.1333333333
18 46 61	0.0100000000
52 31 10	0.1666666667
29 61 51	0.0400000000
29 8 53	0.0769230769
24 46 89	0.0625000000
29 49 39	0.1666666667
9 19 53	0.0526315789
29 8 66	0.1538461538
30 3 61	0.0769230769
29 48 10	0.1250000000
9 7 61	0.0833333333
29 70 51	0.1111111111
3 66 72	0.1000000000
4 49 79	0.3750000000
18 31 0	0.0416666667
36 79 63	0.2222222222
29 49 61	0.1034482759
76 18 79	0.1666666667
18 22 53	0.0400000000
52 31 2	0.0500000000
52 10 5	0.1111111111
9 22 53	0.0666666667
18 43 39	0.1666666667
9 72 5	0.0714285714
29 70 36	0.1666666667
4 3 50	0.0322580645
4 8 10	0.0357142857
36 48 79	0.1666666667
29 11 53	0.0303030303
29 5 79	0.1666666667
9 