0	0.0000000000
1	0.0000000000
2	0.0000000000
3	0.0526315789
4	0.0000000000
5	0.0000000000
6	0.0000000000
7	0.0000000000
8	0.0000000000
9	0.0000000000
10	0.0000000000
11	0.0000000000
12	0.0000000000
13	0.0000000000
14	0.0000000000
15	0.0000000000
16	0.0000000000
17	0.0000000000
18	0.0000000000
19	0.0000000000
20	0.0000000000
21	0.0000000000
22	0.0000000000
23	0.0000000000
24	0.0000000000
25	0.0000000000
26	0.0000000000
27	0.0000000000
28	0.0000000000
29	0.0000000000
30	0.0000000000
31	0.0000000000
32	0.0000000000
33	0.0000000000
34	0.0000000000
35	0.0000000000
36	0.0000000000
37	0.0000000000
38	0.0000000000
39	0.0000000000
40	0.0000000000
41	0.0000000000
42	0.0000000000
43	0.0000000000
44	0.0000000000
45	0.0000000000
46	0.0000000000
47	0.0000000000
48	0.0000000000
49	0.0000000000
50	0.0000000000
51	0.0000000000
52	0.0000000000
53	0.0000000000
54	0.0000000000
56	0.1153846154
57	0.0000000000
58	0.0000000000
59	0.0000000000
60	0.0000000000
61	0.0000000000
62	0.0000000000
63	0.0000000000
64	0.1428571429
65	0.0000000000
66	0.0000000000
67	0.0000000000
68	0.0000000000
69	0.0000000000
70	0.0000000000
71	0.0000000000
72	0.0000000000
73	0.0000000000
74	0.0000000000
75	0.1428571429
76	0.0000000000
77	0.0000000000
78	0.0000000000
79	0.0000000000
80	0.0000000000
81	0.0000000000
82	0.0000000000
83	0.0000000000
84	0.0000000000
85	0.0000000000
86	0.0000000000
87	0.0000000000
88	0.0000000000
89	0.0000000000
90	0.0000000000
91	0.0000000000
92	0.0000000000
22 60 50	0.0606060606
55 54 6	0.0118343195
20 32 65	0.0357142857
20 47 68	0.1690140845
22 53 8	0.1846153846
20 78 65	0.0800000000
22 49	0.0303030303
22 65	0.1666666667
56 48	0.3076923077
20 1 49	0.0289210234
55 80	0.1000000000
22 49 10	0.0273972603
22 6	0.0319148936
22 8	0.1250000000
20 53 49	0.0087719298
22 57 49	0.0216450216
20 6	0.0359281437
22 59 6	0.0166666667
22 23 8	0.1333333333
22 50 80	0.1935483871
19 6	0.0465116279
19 68	0.1538461538
20 15 0	0.0425531915
20 11 65	0.0819672131
22 11 53	0.0615384615
22 59 68	0.0625000000
22 47 65	0.0444444444
20 52 65	0.0694444444
22 1 50	0.0560000000
20 8	0.1803278689
20 53 65	0.0243902439
20 49	0.0294117647
22 4 68	0.2500000000
22 7 65	0.2105263158
19 7 68	0.1379310345
20 68 55	0.4222222222
22 50 48	0.2916666667
20 32 50	0.0841121495
22 11 8	0.1774193548
19 50 48	0.2500000000
19 11 68	0.1290322581
22 50 8	0.2222222222
22 50 49	0.0192307692
22 1 8	0.1204819277
19 2 8	0.0857142857
55 34	0.0194174757
20 53 50	0.0291970803
55 54 49	0.0068337130
22 14 50	0.0212765957
19 8	0.1176470588
20 6 30	0.1250000000
20 52 68	0.1194029851
20 6 80	0.3714285714
22 54 65	0.0312500000
20 13 49	0.0147058824
22 32 65	0.0769230769
20 54 49	0.0318181818
22 47 6	0.0414937759
20 49 80	0.3157894737
22 78 65	0.0833333333
22 2 8	0.0869565217
20 65	0.0322580645
22 49 68	0.1111111111
20 3 6	0.0207900208
22 1 49	0.0230088496
20 2 8	0.1707317073
20 54 65	0.0243902439
55 54 65	0.0135135135
22 6 48	0.0396039604
22 53	0.0178571429
22 70 80	0.2000000000
20 53 8	0.2790697674
20 68	0.0357142857
20 32 8	0.2037037037
22 53 65	0.0303030303
19 6 80	0.2558139535
22 10 0	0.0400000000
19 1 50	0.0606060606
22 54 68	0.1176470588
22 46 68	0.1578947368
19 47 65	0.0967741935
22 50 30	0.2000000000
22 60 6	0.0353982301
20 54 6	0.0571428571
22 23 10	0.0588235294
22 24 8	0.0833333333
20 60 6	0.0283687943
22 0 8	0.1538461538
22 57 6	0.0322580645
22 11 6	0.0215827338
20 53 55	0.3333333333
22 6 49	0.0175695461
22 50 50	0.0322580645
22 47 8	0.1182795699
22 54 53	0.0408163265
20 64 30	0.1666666667
20 6 53	0.0113314448
22 65 55	0.4117647059
56 54 6	0.0200445434
22 78 8	0.0645161290
22 46 50	0.0158730159
22 53 68	0.0909090909
19 52 8	0.0769230769
22 52 68	0.1944444444
20 11 50	0.0559006211
19 6 6	0.0108932462
22 57 8	0.1406250000
22 1 10	0.0098039216
56 68 34	0.0666666667
22 2 53	0.1578947368
20 50 34	0.0754716981
20 57 6	0.0459363958
22 6 80	0.2750000000
22 60 68	0.1250000000
20 13 10	0.0172413793
22 6 6	0.0103305785
19 49 55	0.3076923077
20 50 68	0.0625000000
20 50 6	0.0645161290
20 8 48	0.0909090909
22 52 8	0.1666666667
20 57 65	0.0535714286
22 7 6	0.0206896552
22 54 6	0.0277777778
20 6 68	0.1451612903
22 7 68	0.2857142857
22 14 68	0.1666666667
22 4 8	0.1250000000
22 57 68	0.1428571429
20 32 6	0.0522875817
20 50 48	0.1136363636
20 47 49	0.0230179028
20 70 55	0.4615384615
22 47 68	0.2127659574
22 53 49	0.0126582278
20 50 80	0.3030303030
55 3 6	0.0727969349
55 7 8	0.0689655172
22 0 49	0.0307692308
22 1 53	0.0109890110
22 24 53	0.0769230769
19 49 6	0.0173913043
22 49 8	0.1315789474
20 6 50	0.0395256917
56 51 34	0.0439560440
20 52 8	0.1920529801
20 57 8	0.1919191919
20 6 6	0.0145089286
55 10 55	0.3248407643
20 50	0.0396039604
56 5	0.4210526316
55 48 5	0.1111111111
55 2	0.0625000000
56 34 48	0.0776699029
55 48	0.1538461538
55 4 8	0.1764705882
20 47 50	0.0448430493
55 76 80	0.1428571429
20 52 64	0.0982142857
56 51	0.3157894737
56 22	0.2500000000
20 3 10	0.0142857143
56 54 70	0.1511627907
20 7 70	0.1176470588
20 70	0.1250000000
20 59 49	0.0134099617
55 51	0.2500000000
20 57 50	0.0680272109
20 11 49	0.0281329923
56 9 56	0.3333333333
56 49 55	0.4222222222
55 18 75	0.3103448276
20 6 64	0.0581395349
20 8 50	0.0579710145
20 47 6	0.0600522193
55 5	0.2380952381
55 50 71	0.2307692308
20 52 50	0.0406250000
20 49 82	0.2400000000
20 64	0.1538461538
20 75 80	0.1764705882
20 57 49	0.0339943343
20 47 8	0.1472868217
72 64	0.2307692308
20 11 68	0.1020408163
72 75	0.1428571429
20 49 75	0.1935483871
56 34	0.0352941176
20 53	0.0117647059
20 52 49	0.0228136882
20 10 82	0.2777777778
72 3 64	0.3333333333
20 50 49	0.0353982301
72 3 70	0.2083333333
56 5 5	0.3529411765
72 64 80	0.1739130435
55 3 64	0.2765957447
20 59 6	0.0216049383
20 8 49	0.0407239819
72 82	0.2500000000
20 78 70	0.2500000000
20 3 68	0.1612903226
20 78 50	0.0312500000
20 32 49	0.0360824742
55 3 65	0.1395348837
20 46 6	0.0277777778
20 7 65	0.1142857143
20 48 49	0.0430107527
55 52 65	0.1016949153
55 52 49	0.0601265823
55 22 6	0.0671140940
20 70 5	0.2000000000
20 14 49	0.0252100840
72 20 49	0.0571428571
55 52 64	0.1724137931
20 53 75	0.2340425532
19 70	0.1052631579
20 3 70	0.2500000000
19 57 50	0.0769230769
22 6 70	0.1224489796
22 49 50	0.0535714286
19 50	0.0408163265
19 8 8	0.1739130435
22 70	0.1111111111
22 50	0.0370370370
22 1 70	0.1463414634
22 0 70	0.1363636364
55 34 4	0.0858085809
19 60 50	0.0769230769
22 6 8	0.1333333333
20 1 70	0.2372881356
19 66 56	0.0282485876
55 50 80	0.5306122449
19 50 80	0.1967213115
22 75 80	0.2142857143
19 11 70	0.1875000000
20 65 55	0.3809523810
19 52 50	0.0566037736
20 11 8	0.1530612245
19 49 8	0.1136363636
22 3 50	0.0338983051
19 4 70	0.2500000000
19 6 4	0.0092592593
22 8 2	0.0425531915
19 57 8	0.1016949153
19 6 8	0.1785714286
20 68 80	0.3478260870
56 2	0.0769230769
56 49 56	0.1454545455
48 3	0.1111111111
48 55 5	0.2222222222
48 56	0.2000000000
56 0 80	0.5142857143
48 55 51	0.1250000000
55 10 3	0.2758620690
55 5 5	0.3888888889
56 24 8	0.1052631579
56 74 5	0.2222222222
55 34 71	0.2253521127
56 22 51	0.2142857143
56 37 80	0.4482758621
56 4 8	0.1304347826
48 3 5	0.1428571429
48 55 2	0.2222222222
56 50 80	0.2972972973
56 9 3	0.1351351351
55 54 50	0.0288461538
20 3 64	0.1369863014
20 6 70	0.1744186047
56 50 71	0.1034482759
20 64 80	0.4000000000
20 65 56	0.2727272727
55 54 70	0.1372549020
20 52 10	0.0116279070
20 49 49	0.0307219662
20 8 2	0.0721649485
55 3 50	0.0777777778
20 2 70	0.1379310345
56 34 71	0.0740740741
56 51 22	0.2727272727
20 8 64	0.2352941176
19 78 70	0.2666666667
22 57 70	0.1111111111
22 8 50	0.0441176471
19 68 55	0.4375000000
20 1 8	0.1925925926
19 8 51	0.1428571429
19 53 8	0.1142857143
22 78 70	0.2000000000
19 13 8	0.0943396226
22 59 8	0.0909090909
19 52 70	0.1935483871
20 6 8	0.1636363636
19 14 8	0.3157894737
19 49 80	0.1666666667
20 60 8	0.2325581395
55 25 80	0.4848484848
20 50 2	0.0229007634
22 11 70	0.1142857143
56 74	0.1111111111
55 68	0.1250000000
3 10 3	0.0454545455
2 56	0.3333333333
3 24 50	0.0416666667
3 48	0.1538461538
3 74	0.1666666667
3 5	0.1428571429
3 51	0.1666666667
3 22	0.1666666667
55 22 51	0.3529411765
56 5 68	0.1428571429
3 34 4	0.2000000000
3 37 80	0.5384615385
55 22	0.0400000000
3 24 8	0.2500000000
3 10 55	0.5135135135
2 55 51	0.2857142857
56 54 50	0.0255474453
55 49 56	0.1777777778
55 24 8	0.1489361702
20 52 70	0.1641791045
55 25 4	0.1894736842
20 53 70	0.1956521739
20 6 71	0.1212121212
20 8 51	0.2666666667
20 49 8	0.1428571429
20 59 70	0.2142857143
20 14 8	0.1951219512
20 47 70	0.2000000000
20 7 8	0.1250000000
51 75	0.1250000000
2 64	0.1428571429
22 59 49	0.0099009901
7 64	0.1818181818
24 1 49	0.0683760684
3 6	0.0400000000
19 64 30	0.2142857143
15 0 6	0.0592592593
64 29 64	0.2500000000
19 8 6	0.0335195531
7 49	0.0454545455
51 64	0.2500000000
24 49 64	0.1956521739
24 11 6	0.0784313725
19 49	0.0181818182
24 6 49	0.0338983051
24 6	0.0937500000
3 64	0.0952380952
24 8 68	0.1000000000
55 18 82	0.3461538462
19 3 64	0.1142857143
19 78 65	0.1111111111
22 49 82	0.0588235294
75 30	0.1666666667
24 49	0.0555555556
7 6	0.0238095238
20 4 6	0.0393258427
24 68	0.1428571429
15 49	0.0714285714
7 78 64	0.2000000000
19 11 64	0.1000000000
3 52 68	0.2592592593
64 30	0.1666666667
7 68	0.1000000000
19 53 55	0.4444444444
7 0 49	0.0571428571
3 6 49	0.0330578512
15 0	0.0400000000
7 57 49	0.0600000000
24 66 64	0.2333333333
7 50	0.0526315789
75 24 53	0.0714285714
7 70	0.2000000000
19 50 64	0.0909090909
7 59 6	0.0352941176
51 20 50	0.0588235294
7 52 68	0.2500000000
2 51 82	0.4000000000
19 47 68	0.1951219512
7 64 30	0.3333333333
19 11 49	0.0185185185
15 0 50	0.0645161290
24 8 50	0.0555555556
2 75	0.1428571429
20 69 6	0.2500000000
72 20 50	0.0533333333
56 34 30	0.2045454545
20 57 70	0.2075471698
72 56 64	0.1538461538
20 4 65	0.0800000000
55 4 70	0.2187500000
20 7 68	0.2200000000
72 56 70	0.1000000000
55 2 80	0.2962962963
20 48 64	0.1818181818
20 8 34	0.0552763819
20 8 6	0.0381355932
20 46 50	0.0337078652
55 4 6	0.0334928230
55 36 75	0.3000000000
20 78 64	0.1481481481
20 13 6	0.0163934426
20 48 70	0.1538461538
72 20 68	0.2727272727
72 3 53	0.0400000000
55 5 68	0.4285714286
22 49 48	0.0270270270
22 49 49	0.0217391304
22 7 50	0.0694444444
55 54 53	0.0078740157
20 50 65	0.0666666667
19 52 68	0.1470588235
22 60 8	0.1463414634
22 8 48	0.1428571429
19 52 65	0.1034482759
22 32 53	0.0400000000
22 78 6	0.0243902439
22 57 65	0.1052631579
22 48 49	0.0408163265
22 7 8	0.0909090909
3 9 56	0.2380952381
55 51 22	0.4000000000
3 25 4	0.2608695652
3 22 51	0.2500000000
55 24 50	0.0466666667
72 20 70	0.1739130435
72 3 6	0.0408163265
72 48 82	0.3000000000
72 51 64	0.1071428571
72 7 65	0.1666666667
20 49 6	0.0187500000
55 22 64	0.0952380952
16 50 80	0.0666666667
55 3 70	0.1785714286
72 56 49	0.0405405405
55 80 5	0.2000000000
72 48 64	0.1875000000
72 82 80	0.1000000000
20 4 64	0.0666666667
20 78 6	0.0309278351
56 24 50	0.0483870968
55 36 64	0.2195121951
20 8 22	0.2307692308
20 54 70	0.1315789474
20 78 8	0.1029411765
56 48 34	0.0526315789
56 34 4	0.0393013100
55 34 48	0.0666666667
20 13 8	0.1621621622
56 24 6	0.0454545455
20 1 6	0.0200000000
20 65 75	0.2352941176
20 1 64	0.1923076923
20 46 8	0.1379310345
2 55 48	0.2857142857
3 48 5	0.1666666667
3 5 68	0.1666666667
56 74 22	0.1428571429
3 0 80	0.6250000000
20 11 64	0.1875000000
20 13 64	0.0952380952
20 6 49	0.0191029900
20 49 64	0.1372549020
20 13 70	0.2285714286
20 8 8	0.2258064516
20 49 70	0.1818181818
20 7 49	0.0331491713
20 48 8	0.1034482759
55 29 82	0.4285714286
55 3 10	0.0142857143
3 65	0.0769230769
3 1 49	0.0480000000
20 1 65	0.0886075949
3 42 65	0.1250000000
3 50 48	0.1818181818
3 78 68	0.1428571429
3 6 6	0.0254777070
3 7 65	0.1000000000
20 78 49	0.0180505415
20 49 48	0.0231213873
3 1 65	0.2222222222
3 47 53	0.0564516129
3 3 65	0.1041666667
3 50	0.0384615385
20 59 68	0.1333333333
3 66 55	0.1600000000
3 52 49	0.0345394737
55 52 68	0.2380952381
3 57 6	0.0425531915
3 75 30	0.4444444444
20 3 65	0.0512820513
3 78 65	0.1666666667
3 59 53	0.0620155039
3 59 65	0.0512820513
3 68 55	0.1666666667
3 57 65	0.0588235294
3 6 68	0.2250000000
3 7 68	0.2500000000
56 51 68	0.2222222222
3 25 80	0.4545454545
56 25 80	0.3333333333
3 74 5	0.1428571429
20 8 5	0.2972972973
56 25 4	0.0990099010
55 48 34	0.0175438596
20 49 50	0.0481927711
55 2 51	0.3000000000
20 10 64	0.1200000000
55 5 48	0.2727272727
56 48 5	0.2222222222
19 66 55	0.3076923077
19 11 50	0.0744680851
22 49 70	0.0869565217
20 0 8	0.2600000000
19 11 8	0.1000000000
19 7 8	0.1428571429
22 6 71	0.1000000000
22 52 70	0.0625000000
55 49 55	0.3513513514
22 57 50	0.0618556701
22 66 55	0.3275862069
22 53 50	0.0319148936
55 51 51	0.3500000000
19 3 70	0.3333333333
22 54 50	0.0294117647
22 8 68	0.2105263158
20 14 70	0.2083333333
19 47 71	0.1111111111
3 68	0.1111111111
15 0 49	0.0631578947
24 59 6	0.0666666667
55 52 50	0.0526315789
20 7 64	0.2000000000
19 49 49	0.0262582057
19 70 55	0.2307692308
55 24 53	0.0194174757
75 9 75	0.1428571429
7 49 6	0.0340136054
19 53	0.0256410256
19 6 49	0.0266429840
55 18 49	0.0670103093
19 48 70	0.1111111111
3 13 70	0.1363636364
24 60 49	0.0588235294
22 64	0.0909090909
7 65	0.1000000000
19 49 75	0.1500000000
51 20 6	0.0737704918
64 52 49	0.0602409639
51 51 64	0.1666666667
7 13 65	0.1111111111
7 32 50	0.0937500000
7 6 50	0.0652173913
75 52 68	0.3125000000
64 24 53	0.0714285714
5 15 0	0.0769230769
3 6 70	0.1639344262
3 67 6	0.2500000000
19 14 68	0.1428571429
7 57 6	0.0684931507
51 3 50	0.0600000000
5 3 6	0.0491803279
7 66 82	0.2857142857
19 47 6	0.0575916230
19 57 6	0.0400000000
24 14 50	0.0869565217
24 52 49	0.0504201681
20 7 6	0.0437956204
19 50 65	0.1333333333
22 59 53	0.0259740260
22 3 8	0.0750000000
22 57 53	0.0125000000
22 8 34	0.0792079208
20 49 65	0.1071428571
20 59 8	0.0987654321
22 47 50	0.0448717949
16 76 80	0.1176470588
22 11 68	0.0769230769
20 1 53	0.0072202166
20 6 4	0.0272727273
20 8 68	0.1351351351
56 51 51	0.2631578947
16 50 71	0.0800000000
20 10 75	0.3076923077
20 32 70	0.2162162162
20 53 64	0.0480769231
20 50 64	0.1111111111
3 50 80	0.1470588235
2 56 22	0.1666666667
3 51 51	0.2500000000
55 3 8	0.0468750000
20 50 8	0.2142857143
20 53 82	0.2500000000
20 59 10	0.0097087379
20 65 80	0.2142857143
20 54 64	0.0625000000
56 22 5	0.2500000000
20 50 71	0.1600000000
19 7 50	0.0493827160
22 50 2	0.0136986301
19 8 50	0.0681818182
19 47 8	0.1034482759
19 1 70	0.1935483871
19 3 4	0.0588235294
19 13 70	0.1851851852
20 60 70	0.2222222222
22 47 70	0.1250000000
22 8 8	0.1851851852
22 8 51	0.1875000000
20 70 80	0.2800000000
19 68 80	0.2142857143
72 3 65	0.1904761905
56 24 65	0.0384615385
72 48 55	0.4444444444
20 46 68	0.2000000000
56 2 51	0.1250000000
72 51 55	0.2857142857
56 4 68	0.1111111111
72 15 0	0.0526315789
55 29 55	0.4545454545
72 20 53	0.0149253731
55 22 50	0.0740740741
20 14 64	0.1333333333
55 22 70	0.0800000000
72 20 6	0.0728476821
55 3 68	0.1250000000
72 56 65	0.1250000000
55 18 6	0.0543478261
20 32 64	0.0769230769
20 68 56	0.4137931034
55 52 8	0.0697674419
20 70 22	0.2222222222
7 6 49	0.0457516340
19 1 6	0.0280373832
64 29 55	0.4444444444
7 7 65	0.2222222222
5 77 6	0.2857142857
3 59 49	0.0217785844
24 49 49	0.0440251572
15 49 65	0.1250000000
15 0 53	0.0142857143
15 13 50	0.0555555556
22 47 53	0.0141843972
22 6 68	0.2105263158
15 63 64	0.1428571429
15 10 75	0.2727272727
7 6 70	0.2758620690
19 2 53	0.1578947368
15 0 68	0.2000000000
5 2 64	0.1666666667
51 20 68	0.2727272727
5 20 65	0.2105263158
19 1 49	0.0363636364
22 88 49	0.0344827586
24 78 65	0.1250000000
7 65 75	0.2222222222
56 24 64	0.1176470588
20 11 6	0.0436241611
20 0 70	0.1428571429
3 3 53	0.0206896552
3 14 6	0.0125000000
3 78 6	0.0365853659
20 59 53	0.0136054422
3 7 6	0.0400000000
20 59 65	0.0416666667
3 10 34	0.0555555556
3 59 68	0.1200000000
3 11 6	0.0425531915
3 59 50	0.0317460317
20 14 65	0.1875000000
3 13 50	0.0487804878
3 3 68	0.2068965517
20 42 6	0.0434782609
3 47 6	0.0511945392
7 10 34	0.0714285714
19 53 75	0.1904761905
2 26 55	0.3636363636
7 3 65	0.1578947368
24 6 50	0.0208333333
7 52 65	0.1071428571
15 0 64	0.2380952381
7 66 55	0.2173913043
19 66 75	0.1333333333
19 78 49	0.0305343511
3 14 68	0.1818181818
5 20 64	0.3076923077
15 10 82	0.4285714286
7 49 49	0.0526315789
19 8 70	0.1363636364
7 2 49	0.0133333333
24 66 55	0.3529411765
24 49 6	0.0340909091
3 50 71	0.1333333333
3 51 68	0.1666666667
2 56 5	0.2500000000
20 50 70	0.2352941176
55 18 65	0.2352941176
72 48 75	0.4117647059
20 54 50	0.0312500000
72 51 82	0.4000000000
20 48 68	0.0769230769
20 60 50	0.0500000000
56 54 49	0.0134770889
20 59 64	0.0545454545
55 4 65	0.0740740741
56 4 6	0.0389610390
72 3 68	0.1428571429
72 5 64	0.1176470588
20 48 6	0.0704225352
55 24 49	0.0165016502
55 4 68	0.1875000000
22 59 70	0.1666666667
19 70 80	0.1818181818
19 59 70	0.3000000000
22 3 70	0.1764705882
20 11 70	0.1964285714
22 3 65	0.0769230769
22 53 80	0.1250000000
19 47 50	0.0467289720
20 88 50	0.0952380952
22 65 80	0.2352941176
19 50 34	0.0810810811
22 6 50	0.0699300699
20 2 53	0.1379310345
19 50 6	0.0561797753
22 13 8	0.1190476190
19 6 48	0.0288461538
3 13 64	0.1250000000
24 65 55	0.2000000000
19 64	0.0833333333
24 54 6	0.0789473684
24 11 70	0.2142857143
7 48 49	0.0597014925
24 54 70	0.1538461538
19 57 65	0.1000000000
2 3 70	0.1428571429
7 3 50	0.0701754386
7 52 49	0.0452127660
19 7 6	0.0211267606
7 47 53	0.0384615385
64 52 68	0.3125000000
24 7 6	0.0925925926
7 3 6	0.0447761194
24 32 6	0.0434782609
7 7 64	0.2500000000
3 53 64	0.0526315789
3 59 64	0.0434782609
3 57 70	0.1111111111
3 66 82	0.1818181818
64 3 53	0.0270270270
51 20 70	0.2272727273
3 48 49	0.0416666667
75 18 6	0.0480769231
3 6 65	0.0638297872
2 20 49	0.0555555556
3 13 6	0.0289256198
24 1 6	0.0428571429
7 49 48	0.0441176471
19 32 49	0.0450450450
22 32 49	0.0176470588
7 48 6	0.0869565217
7 52 64	0.1190476190
7 6 53	0.0188679245
24 6 64	0.1111111111
20 70 75	0.2307692308
55 19 6	0.0779220779
72 5 75	0.1818181818
20 3 8	0.0862068966
20 4 49	0.0362318841
20 65 64	0.0975609756
72 7 50	0.0555555556
55 18 68	0.1000000000
20 3 50	0.0467289720
20 60 49	0.0360360360
20 53 6	0.0076923077
55 51 34	0.0408163265
20 50 50	0.0461538462
72 56 68	0.1111111111
72 56 53	0.0555555556
56 24 53	0.0212765957
56 54 68	0.0615384615
3 4 53	0.1428571429
3 8 65	0.1818181818
3 47 68	0.2682926829
20 14 6	0.0150000000
3 8 49	0.0491803279
3 64 30	0.4705882353
3 32 68	0.1818181818
3 46 50	0.0666666667
3 78 49	0.0359712230
3 32 65	0.0833333333
3 3 6	0.0457516340
3 50 34	0.1428571429
55 19 68	0.1600000000
3 1 68	0.1111111111
3 52 50	0.0365296804
3 42 6	0.0909090909
3 32 49	0.0370370370
3 57 68	0.1538461538
19 54 50	0.0625000000
20 1 50	0.0408163265
19 8 2	0.0476190476
22 59 50	0.0185185185
19 2 70	0.1600000000
19 3 80	0.2857142857
19 6 50	0.0615384615
56 54 64	0.0833333333
55 18 8	0.0500000000
20 68 75	0.0909090909
20 88 49	0.0344827586
20 13 50	0.0495049505
55 4 49	0.0372340426
55 34 30	0.1041666667
22 13 53	0.0454545455
19 1 8	0.0769230769
22 53 6	0.0176470588
19 11 65	0.0967741935
22 0 53	0.0256410256
22 6 4	0.0431034483
20 6 48	0.0309278351
22 48 8	0.1176470588
22 49 53	0.0106382979
22 32 8	0.1458333333
22 13 10	0.0483870968
19 6 30	0.2500000000
55 51 2	0.0625000000
20 49 55	0.2857142857
3 5 5	0.1428571429
20 7 50	0.0408163265
20 13 65	0.0357142857
55 29 64	0.2571428571
5 7 70	0.1818181818
3 70 34	0.1000000000
7 7 6	0.0357142857
19 13 49	0.0186915888
22 53 75	0.1142857143
51 3 6	0.0612244898
7 0 6	0.0740740741
22 88 70	0.1111111111
64 29 82	0.4166666667
19 66 64	0.0842105263
75 18 50	0.0714285714
7 49 75	0.3333333333
24 47 68	0.2666666667
7 47 70	0.2187500000
7 1 64	0.2272727273
7 47 64	0.1333333333
51 3 68	0.2222222222
7 32 49	0.0601503759
51 3 70	0.1578947368
3 47 49	0.0249110320
15 0 65	0.1052631579
3 50 30	0.3333333333
22 49 75	0.0465116279
7 32 68	0.1818181818
7 49 64	0.2027027027
7 61 75	0.2727272727
64 4 6	0.0735294118
64 3 6	0.0512820513
2 56 74	0.1666666667
3 9 3	0.1111111111
3 54 50	0.0227272727
20 6 65	0.0298507463
22 52 49	0.0191204589
22 70 34	0.1000000000
20 1 68	0.0294117647
22 49 80	0.2083333333
22 3 68	0.1000000000
20 32 68	0.0869565217
22 1 65	0.1020408163
22 53 53	0.0540540541
20 6 10	0.0098039216
56 51 2	0.0666666667
55 18 10	0.0384615385
55 68 5	0.3636363636
20 4 8	0.0540540541
19 46 8	0.3125000000
22 14 8	0.1363636364
22 46 8	0.1052631579
19 49 50	0.0714285714
22 66 56	0.0095238095
19 32 50	0.0937500000
19 8 48	0.1428571429
19 57 70	0.1714285714
19 49 70	0.1363636364
22 4 70	0.1250000000
20 50 30	0.2173913043
55 56 49	0.0175438596
55 18 55	0.4545454545
55 51 68	0.2222222222
56 56 49	0.0117647059
20 47 64	0.1250000000
22 0 68	0.0625000000
22 78 49	0.0169491525
20 8 65	0.1111111111
22 0 6	0.0470588235
20 53 68	0.0344827586
22 49 30	0.1666666667
19 14 50	0.1000000000
22 11 50	0.0227272727
22 1 68	0.1428571429
19 53 49	0.0322580645
5 64	0.1250000000
19 8 49	0.0375000000
19 69 6	0.2000000000
24 53 50	0.0588235294
24 47 65	0.1666666667
7 61 55	0.2857142857
7 1 6	0.0551181102
19 52 49	0.0235546039
22 66 82	0.0465116279
24 10 82	0.2500000000
7 10 75	0.4444444444
7 1 50	0.0697674419
7 49 50	0.0727272727
19 49 64	0.0882352941
7 66 64	0.1568627451
24 8 64	0.1428571429
24 53 70	0.2222222222
24 69 6	0.1666666667
51 2 82	0.1250000000
3 50 6	0.0666666667
72 20 65	0.1111111111
72 75 80	0.1111111111
72 56 0	0.0588235294
55 80 22	0.1111111111
56 24 68	0.1000000000
20 8 70	0.1724137931
72 7 68	0.2000000000
20 32 53	0.0357142857
19 64 80	0.1851851852
19 47 80	0.1428571429
22 50 71	0.0588235294
22 8 65	0.2307692308
22 60 49	0.0270270270
56 5 48	0.2222222222
22 23 53	0.0555555556
55 56 64	0.0666666667
19 8 68	0.1785714286
22 78 50	0.0243902439
19 4 8	0.0625000000
72 56 50	0.0588235294
20 47 65	0.0454545455
20 11 53	0.0227272727
72 56 6	0.0212765957
20 42 49	0.0227272727
3 13 65	0.1666666667
3 52 53	0.0128755365
3 54 6	0.0120481928
3 32 50	0.0625000000
3 14 49	0.0312500000
20 49 53	0.0064935065
20 14 68	0.1388888889
3 11 68	0.2000000000
3 6 53	0.0395480226
20 78 53	0.0095238095
55 22 65	0.1600000000
3 52 65	0.1538461538
3 66 64	0.0769230769
3 47 50	0.0232558140
3 52 70	0.1320754717
19 70 34	0.1200000000
24 46 68	0.2000000000
19 32 70	0.1818181818
3 48 70	0.2000000000
19 6 64	0.0869565217
22 32 6	0.0375939850
7 47 6	0.0812500000
3 50 64	0.1428571429
51 2 75	0.1111111111
19 59 65	0.0434782609
24 64 30	0.2500000000
3 59 6	0.0213414634
22 67 64	0.1250000000
19 11 6	0.0295857988
3 50 49	0.0540540541
24 13 70	0.2307692308
7 8 6	0.0731707317
7 13 6	0.0352112676
51 2 64	0.1666666667
15 10 64	0.0967741935
3 6 50	0.0404624277
20 57 68	0.0750000000
3 13 49	0.0219619327
20 75 30	0.1111111111
7 52 50	0.0393700787
7 1 49	0.0550000000
3 10 82	0.1428571429
3 47 64	0.0400000000
3 70 55	0.2857142857
19 1 64	0.1621621622
15 53 55	0.2857142857
15 47 64	0.1250000000
64 29 70	0.1250000000
22 1 6	0.0238726790
75 4 49	0.0634920635
22 47 49	0.0242914980
24 4 49	0.0512820513
19 53 82	0.1428571429
24 6 70	0.2222222222
7 13 70	0.2631578947
24 4 65	0.1000000000
24 11 65	0.1538461538
7 7 49	0.0606060606
15 69 6	0.1666666667
19 47 49	0.0322580645
7 1 70	0.1764705882
22 32 50	0.0659340659
19 68 56	0.0714285714
19 53 50	0.0612244898
19 50 8	0.1153846154
72 20 8	0.0476190476
20 14 50	0.0459770115
55 19 49	0.0512820513
72 7 6	0.0512820513
20 4 68	0.2352941176
2 55 5	0.1666666667
5 2 75	0.1666666667
64 36 75	0.2500000000
64 29 49	0.0701754386
75 3 64	0.2000000000
15 6 6	0.0606060606
24 32 49	0.0333333333
64 24 50	0.0487804878
19 6 70	0.2045454545
64 3 70	0.1428571429
3 14 50	0.0625000000
5 7 49	0.0551181102
24 1 53	0.0294117647
24 52 68	0.1538461538
24 52 70	0.1666666667
24 1 50	0.0322580645
7 47 49	0.0476190476
5 3 68	0.0909090909
7 8 34	0.0975609756
19 47 70	0.2285714286
22 54 70	0.0740740741
19 50 30	0.1666666667
22 64 80	0.2000000000
19 57 53	0.0322580645
20 49 68	0.0416666667
55 19 64	0.2352941176
55 7 70	0.0952380952
56 4 49	0.0307692308
19 32 8	0.0645161290
22 23 49	0.0188679245
55 19 8	0.0476190476
19 13 50	0.0481927711
20 47 53	0.0095238095
22 6 53	0.0102564103
55 4 64	0.1764705882
56 24 49	0.0279720280
22 13 50	0.0535714286
7 68 55	0.4615384615
7 8 68	0.1538461538
64 24 6	0.0576923077
7 7 68	0.1428571429
7 59 70	0.2800000000
7 7 70	0.1111111111
19 13 53	0.0129870130
7 32 64	0.2000000000
64 36 64	0.2333333333
3 59 70	0.0961538462
22 53 55	0.4615384615
75 3 50	0.0625000000
64 3 64	0.2000000000
20 2 49	0.0129310345
75 18 68	0.2142857143
19 48 49	0.0612244898
19 32 68	0.1333333333
3 1 6	0.0405405405
3 54 49	0.0175438596
3 8 34	0.0937500000
3 6 48	0.0175438596
72 5 55	0.2857142857
56 28 37	0.1428571429
72 56 8	0.0769230769
72 3 50	0.0576923077
22 11 49	0.0100000000
22 70 55	0.1428571429
22 52 50	0.0175438596
22 0 65	0.1000000000
22 13 65	0.0588235294
22 48 6	0.0789473684
22 52 10	0.0217391304
22 4 6	0.0156250000
56 68 5	0.2222222222
72 5 82	0.1666666667
72 64 30	0.4000000000
19 49 82	0.1785714286
5 3 53	0.0322580645
75 18 55	0.4444444444
51 20 49	0.0560747664
24 57 70	0.2307692308
75 18 49	0.0606060606
19 1 65	0.1081081081
75 52 49	0.0602409639
3 52 64	0.1230769231
64 3 68	0.1818181818
7 50 6	0.1111111111
15 56 64	0.1428571429
19 53 6	0.0379746835
24 60 6	0.0666666667
22 6 64	0.0400000000
19 59 8	0.0270270270
19 54 70	0.1333333333
72 20 64	0.1875000000
72 15 49	0.0263157895
55 22 5	0.2222222222
55 24 6	0.0200000000
55 52 70	0.1282051282
19 78 8	0.0588235294
19 47 4	0.0425531915
19 6 71	0.0909090909
55 22 49	0.0291970803
20 0 50	0.0153846154
19 3 50	0.0909090909
19 14 70	0.2857142857
7 8 64	0.2222222222
3 53 55	0.3846153846
22 88 50	0.0952380952
24 46 50	0.0500000000
7 10 64	0.1612903226
3 69 6	0.2500000000
7 50 70	0.1428571429
5 3 64	0.1818181818
3 10 64	0.1351351351
7 13 49	0.0391061453
19 67 6	0.1111111111
7 8 65	0.2222222222
24 66 82	0.3333333333
7 60 49	0.0322580645
19 32 6	0.0666666667
3 66 75	0.2500000000
5 7 6	0.0500000000
19 66 82	0.2000000000
24 8 34	0.1538461538
7 49 70	0.2000000000
51 48 82	0.2222222222
20 88 6	0.0400000000
72 75 30	0.1666666667
20 50 5	0.0909090909
20 88 70	0.1111111111
55 54 64	0.0769230769
22 49 65	0.1666666667
22 8 6	0.0185185185
22 11 65	0.0810810811
20 57 64	0.2173913043
20 78 68	0.0750000000
3 53 53	0.0666666667
3 88 50	0.0769230769
55 54 68	0.0138888889
22 6 65	0.0750000000
20 46 70	0.0952380952
19 59 50	0.0434782609
20 54 68	0.1739130435
22 3 6	0.0140845070
22 13 49	0.0041493776
22 23 6	0.0344827586
55 22 8	0.0243902439
72 77 6	0.1666666667
56 54 53	0.0129310345
22 3 10	0.0227272727
22 4 65	0.0500000000
22 48 68	0.1111111111
24 50 30	0.3000000000
75 18 75	0.2608695652
7 48 64	0.1666666667
2 3 6	0.0322580645
64 52 65	0.1250000000
3 3 70	0.1081081081
24 8 6	0.0491803279
24 4 6	0.0714285714
7 8 50	0.0800000000
7 47 65	0.0666666667
72 3 8	0.0750000000
20 70 64	0.1363636364
3 54 70	0.0555555556
3 34 71	0.0909090909
2 20 70	0.1428571429
19 57 68	0.0833333333
51 56 0	0.0930232558
5 26 55	0.2500000000
24 68 55	0.1428571429
15 49 6	0.0666666667
15 63 0	0.1304347826
24 47 70	0.2000000000
7 11 49	0.0389610390
75 36 64	0.2333333333
3 3 64	0.1282051282
75 4 6	0.0735294118
19 13 6	0.0236966825
24 52 50	0.0588235294
3 8 68	0.1428571429
20 4 53	0.0243902439
3 47 65	0.0416666667
3 74 22	0.1666666667
22 14 65	0.1111111111
19 6 68	0.1250000000
55 80 2	0.0416666667
20 53 80	0.0909090909
20 68 64	0.0909090909
24 7 49	0.0526315789
24 47 50	0.1111111111
22 65 64	0.0434782609
7 11 50	0.0416666667
22 60 70	0.0400000000
75 24 6	0.0576923077
7 50 48	0.3333333333
24 7 65	0.1000000000
5 20 6	0.0810810811
24 4 68	0.2222222222
2 51 64	0.2000000000
20 4 70	0.0800000000
22 7 49	0.0202020202
22 6 30	0.1428571429
75 18 65	0.2142857143
64 4 49	0.0634920635
24 13 53	0.0500000000
7 49 65	0.2000000000
51 77 6	0.2857142857
22 53 70	0.0882352941
24 54 49	0.0416666667
19 57 49	0.0312500000
75 18 82	0.3500000000
2 5 55	0.2857142857
15 84 0	0.0434782609
7 3 64	0.1612903226
5 82 30	0.1666666667
19 52 64	0.0793650794
24 65 75	0.1428571429
3 8 6	0.0468750000
20 67 64	0.3333333333
20 70 30	0.1111111111
19 50 2	0.0285714286
19 75 80	0.1250000000
20 49 10	0.0083333333
72 51 75	0.3000000000
20 49 30	0.1428571429
56 4 70	0.0769230769
19 7 70	0.2000000000
20 67 6	0.3333333333
7 52 70	0.1724137931
24 53 6	0.0740740741
24 13 49	0.0283018868
19 59 53	0.0156250000
24 1 64	0.2941176471
75 52 50	0.0750000000
24 57 6	0.0606060606
19 3 65	0.0555555556
2 20 68	0.2500000000
3 50 50	0.0476190476
51 3 53	0.0147058824
20 42 65	0.0714285714
3 14 65	0.1250000000
7 57 50	0.0833333333
5 7 64	0.2500000000
7 65 55	0.4444444444
64 29 65	0.1428571429
5 20 70	0.2000000000
24 49 82	0.2000000000
19 8 5	0.0714285714
22 52 65	0.0952380952
19 1 53	0.0270270270
55 68 34	0.0500000000
20 57 53	0.0082644628
22 50 6	0.0227272727
19 8 34	0.0625000000
20 47 80	0.1111111111
20 13 53	0.0234375000
3 2 53	0.0869565217
3 13 53	0.0202020202
3 57 49	0.0243902439
3 46 68	0.1250000000
72 7 64	0.1428571429
19 3 71	0.1250000000
22 7 70	0.0555555556
19 49 48	0.0366972477
22 49 6	0.0109289617
22 54 49	0.0067114094
22 64 30	0.1428571429
3 6 64	0.1276595745
2 3 64	0.2222222222
15 13 49	0.0375000000
3 8 70	0.0909090909
24 11 64	0.2500000000
19 88 70	0.1428571429
75 4 70	0.1538461538
19 78 64	0.1333333333
2 51 75	0.1111111111
22 59 64	0.0312500000
19 7 49	0.0238095238
15 59 64	0.1111111111
19 50 70	0.1875000000
19 47 64	0.1000000000
7 6 64	0.1578947368
24 57 49	0.0476190476
7 11 6	0.0555555556
7 1 65	0.1578947368
64 52 70	0.0714285714
20 88 8	0.1818181818
22 8 49	0.0212765957
5 56 49	0.0405405405
24 53 75	0.2000000000
24 14 65	0.1666666667
5 20 49	0.0543478261
75 4 68	0.1666666667
3 11 64	0.0588235294
7 11 64	0.1428571429
24 1 70	0.1818181818
19 53 70	0.1428571429
19 6 53	0.0117647059
7 60 64	0.0833333333
3 11 65	0.1250000000
56 56 64	0.0454545455
55 18 50	0.1153846154
3 48 65	0.1111111111
19 48 6	0.1052631579
51 75 30	0.2857142857
7 3 68	0.2105263158
7 6 68	0.2000000000
64 24 68	0.1538461538
24 4 64	0.1000000000
64 4 68	0.1666666667
7 13 50	0.0535714286
7 6 48	0.0178571429
22 57 64	0.0555555556
24 50 48	0.2857142857
5 5 64	0.1111111111
19 57 64	0.2500000000
7 6 6	0.0367346939
22 88 6	0.0400000000
19 11 53	0.0135135135
5 20 50	0.1000000000
7 11 53	0.0400000000
3 13 68	0.0500000000
19 78 50	0.0454545455
22 59 65	0.0400000000
19 50 68	0.1111111111
22 75 30	0.1250000000
72 7 49	0.0285714286
19 48 64	0.1250000000
2 3 53	0.0645161290
2 3 65	0.1538461538
55 24 68	0.0500000000
15 56 65	0.1666666667
15 0 70	0.2380952381
7 1 68	0.1764705882
19 10 82	0.1333333333
64 29 50	0.1176470588
51 48 55	0.2857142857
3 65 55	0.2352941176
3 42 49	0.0555555556
15 60 49	0.0434782609
7 10 82	0.1818181818
7 14 49	0.0384615385
3 61 82	0.1111111111
7 60 6	0.0476190476
51 20 64	0.1666666667
7 0 70	0.2222222222
19 46 68	0.0625000000
75 3 65	0.0769230769
3 11 70	0.0588235294
3 53 70	0.1538461538
7 77 6	0.0277777778
20 48 65	0.0434782609
72 82 30	0.1666666667
22 3 4	0.0454545455
19 7 65	0.1111111111
24 67 64	0.1666666667
64 3 50	0.0625000000
3 47 70	0.0967741935
51 3 64	0.2307692308
7 13 64	0.2307692308
7 59 53	0.0416666667
24 46 70	0.1250000000
3 32 64	0.0625000000
15 49 70	0.1428571429
7 57 65	0.2142857143
20 52 53	0.0026666667
22 32 68	0.1904761905
22 88 8	0.0909090909
20 70 34	0.0666666667
22 78 68	0.0500000000
24 3 68	0.1666666667
19 13 64	0.1034482759
7 49 82	0.2941176471
15 47 53	0.0526315789
24 13 6	0.0363636364
19 47 53	0.0092592593
3 6 30	0.1666666667
3 11 49	0.0240000000
2 5 82	0.1666666667
64 24 49	0.0357142857
24 1 65	0.1428571429
22 0 50	0.0188679245
7 68 64	0.2222222222
24 52 65	0.1333333333
24 50 6	0.0689655172
22 66 64	0.0296296296
20 48 50	0.0303030303
3 50 70	0.1250000000
5 20 68	0.2380952381
51 20 65	0.0909090909
19 3 6	0.0136986301
22 49 64	0.0265486726
75 3 6	0.0512820513
24 50 49	0.0606060606
19 7 64	0.1428571429
7 78 65	0.1250000000
64 4 65	0.0769230769
22 23 65	0.1000000000
22 8 5	0.0434782609
24 66 75	0.3333333333
3 48 6	0.0483870968
3 8 64	0.1111111111
19 70 30	0.1666666667
24 49 65	0.0909090909
24 47 64	0.1428571429
15 52 53	0.0625000000
24 14 64	0.1428571429
3 53 49	0.0465116279
22 7 64	0.0625000000
15 56 6	0.0588235294
24 11 68	0.0769230769
7 11 68	0.2000000000
3 53 50	0.0400000000
7 70 30	0.1666666667
7 88 49	0.0588235294
7 14 64	0.0833333333
7 59 64	0.1739130435
22 70 30	0.1428571429
19 78 6	0.0454545455
64 83 0	0.0909090909
64 52 64	0.1538461538
3 65 64	0.0666666667
20 59 50	0.0094339623
22 59 10	0.0163934426
7 3 70	0.2222222222
15 67 6	0.1666666667
22 60 53	0.0212765957
24 7 68	0.2857142857
24 3 6	0.0512820513
3 1 53	0.0454545455
19 10 64	0.0909090909
5 3 65	0.0833333333
7 57 64	0.2666666667
3 10 75	0.2000000000
7 32 70	0.1666666667
19 68 64	0.1428571429
3 70 64	0.1000000000
19 8 65	0.1904761905
22 49 55	0.2500000000
3 78 64	0.1000000000
64 52 50	0.0750000000
7 78 70	0.1250000000
7 59 50	0.0338983051
19 59 49	0.0136363636
3 1 64	0.1538461538
19 50 49	0.0384615385
75 36 75	0.2500000000
15 78 49	0.0606060606
7 50 50	0.0666666667
7 59 49	0.0288808664
3 78 53	0.0200000000
7 75 30	0.1666666667
19 53 64	0.0444444444
15 32 64	0.1250000000
24 78 64	0.1666666667
20 1 10	0.0067114094
3 11 53	0.0238095238
64 4 70	0.1538461538
64 29 6	0.0555555556
51 48 75	0.3333333333
75 24 50	0.0487804878
24 67 6	0.2857142857
3 8 50	0.0322580645
5 3 70	0.2142857143
7 78 49	0.0655737705
19 88 49	0.0588235294
24 78 49	0.0555555556
75 9 64	0.1428571429
5 7 50	0.0540540541
24 11 50	0.0833333333
7 47 50	0.0204081633
24 65 64	0.0769230769
22 65 75	0.0909090909
24 14 70	0.1250000000
7 49 53	0.0270270270
15 56 49	0.0500000000
7 32 6	0.0666666667
2 3 50	0.0357142857
3 2 49	0.0112359551
3 32 6	0.0227272727
56 54 65	0.0153846154
7 49 0	0.1000000000
3 48 64	0.1333333333
7 7 50	0.0689655172
24 2 49	0.0172413793
24 8 70	0.2000000000
24 32 70	0.1818181818
24 2 53	0.1818181818
3 48 50	0.0800000000
7 8 49	0.0600000000
7 49 55	0.5000000000
15 49 50	0.0625000000
24 6 30	0.1666666667
7 48 68	0.1111111111
19 3 68	0.0666666667
64 3 65	0.0769230769
19 88 50	0.0769230769
22 13 6	0.0052083333
7 14 70	0.1428571429
15 49 68	0.1818181818
24 49 55	0.2857142857
7 69 6	0.2857142857
24 78 6	0.0909090909
24 10 75	0.2500000000
24 46 6	0.0357142857
24 11 49	0.0571428571
2 20 6	0.0549450549
7 57 70	0.1818181818
15 0 0	0.0384615385
19 88 6	0.0666666667
15 59 49	0.0263157895
24 50 70	0.1250000000
5 7 68	0.1428571429
15 78 64	0.1250000000
7 14 50	0.0666666667
15 47 65	0.1000000000
7 68 75	0.2222222222
15 3 68	0.1250000000
7 11 65	0.0833333333
22 53 64	0.0285714286
22 48 65	0.0714285714
7 47 68	0.1923076923
75 52 64	0.1538461538
5 15 49	0.0344827586
7 50 49	0.0434782609
19 13 65	0.0454545455
15 6 50	0.1052631579
22 32 70	0.0606060606
19 59 6	0.0143884892
15 33 82	0.1428571429
24 10 64	0.0833333333
24 54 53	0.0625000000
24 57 50	0.0689655172
51 3 65	0.1304347826
3 1 70	0.1176470588
7 78 6	0.0540540541
15 6 65	0.1111111111
5 56 0	0.0833333333
75 4 64	0.1111111111
15 56 68	0.1250000000
19 32 64	0.1111111111
5 56 70	0.1000000000
7 59 65	0.0869565217
24 8 49	0.0638297872
15 3 50	0.0833333333
55 19 50	0.0606060606
20 53 53	0.0095238095
64 9 64	0.1428571429
7 66 75	0.0833333333
24 47 49	0.0434782609
20 54 53	0.0273972603
24 59 49	0.0212765957
15 52 50	0.0303030303
3 65 75	0.1111111111
15 6 49	0.0444444444
15 32 49	0.0606060606
15 52 70	0.1666666667
7 49 30	0.2857142857
3 57 50	0.0250000000
24 53 49	0.0666666667
15 6 68	0.1000000000
15 49 82	0.1250000000
51 82 30	0.1666666667
7 46 68	0.1111111111
2 5 75	0.2000000000
7 67 64	0.1666666667
7 0 50	0.0454545455
3 11 50	0.0500000000
51 20 53	0.0158730159
75 52 70	0.0714285714
2 75 30	0.1666666667
22 1 64	0.0400000000
24 50 68	0.1111111111
5 56 50	0.0588235294
24 49 70	0.2222222222
5 48 75	0.1666666667
5 20 53	0.0222222222
75 52 65	0.1250000000
22 32 64	0.0769230769
3 50 65	0.1250000000
19 59 64	0.0769230769
19 50 50	0.0408163265
15 49 64	0.1875000000
7 1 53	0.0151515152
22 14 70	0.0769230769
19 10 75	0.1818181818
7 49 68	0.1904761905
15 47 49	0.0312500000
19 78 68	0.0454545455
7 88 70	0.1428571429
5 3 50	0.0400000000
3 61 75	0.1538461538
19 49 68	0.0588235294
75 3 53	0.0270270270
15 60 64	0.1111111111
3 53 6	0.0571428571
7 2 53	0.0833333333
75 4 65	0.0769230769
24 14 6	0.0212765957
7 61 64	0.1052631579
15 13 70	0.1428571429
24 50 64	0.1428571429
24 11 53	0.0400000000
19 49 65	0.0500000000
24 6 6	0.0126582278
24 52 64	0.1578947368
19 70 75	0.0769230769
75 24 49	0.0357142857
7 14 68	0.1250000000
22 53 82	0.0714285714
15 53 64	0.1428571429
19 49 30	0.1666666667
7 60 70	0.0909090909
19 53 53	0.0322580645
5 56 65	0.1250000000
24 53 82	0.1666666667
7 70 34	0.1000000000
7 57 68	0.1333333333
15 3 64	0.0833333333
7 88 50	0.0769230769
24 13 50	0.0333333333
24 50 34	0.1538461538
7 48 70	0.1111111111
7 65 64	0.1333333333
51 48 64	0.0869565217
3 1 50	0.0232558140
7 8 70	0.1111111111
24 6 53	0.0363636364
24 14 49	0.0500000000
24 32 53	0.1000000000
24 6 48	0.0454545455
19 46 6	0.0153846154
7 61 82	0.1428571429
15 49 75	0.2857142857
24 50 65	0.1250000000
24 14 68	0.1818181818
24 2 70	0.1538461538
5 75 30	0.1666666667
22 52 64	0.0188679245
7 78 50	0.0769230769
19 1 68	0.0322580645
19 67 64	0.1428571429
19 48 65	0.0714285714
51 64 30	0.1666666667
75 24 68	0.1538461538
2 5 64	0.1111111111
24 8 65	0.1111111111
7 60 53	0.0526315789
7 6 65	0.0909090909
3 70 75	0.1428571429
3 57 53	0.0243902439
24 49 50	0.0500000000
5 56 64	0.1538461538
24 32 50	0.0476190476
75 3 68	0.1818181818
22 10 75	0.1111111111
24 49 48	0.0312500000
7 32 65	0.0833333333
24 47 6	0.0638297872
15 49 0	0.1000000000
19 48 68	0.1111111111
15 6 64	0.1666666667
3 14 70	0.1111111111
3 53 75	0.0800000000
3 48 68	0.1000000000
75 83 0	0.0909090909
7 88 6	0.0666666667
51 26 55	0.2500000000
15 43 0	0.0714285714
15 63 82	0.1428571429
15 3 6	0.0263157895
24 6 68	0.1538461538
7 60 68	0.1428571429
19 70 64	0.0625000000
19 68 75	0.1428571429
24 60 50	0.0769230769
15 6 70	0.2500000000
51 51 82	0.1250000000
5 56 53	0.0555555556
3 77 6	0.0263157895
64 9 75	0.1428571429
19 8 64	0.2000000000
19 32 65	0.0588235294
3 61 64	0.0357142857
19 6 65	0.0344827586
5 7 65	0.1666666667
5 56 6	0.0212765957
15 53 75	0.1428571429
24 50 50	0.0666666667
3 2 70	0.0769230769
15 13 64	0.1250000000
15 49 49	0.0370370370
22 8 64	0.0909090909
15 33 64	0.1428571429
22 13 70	0.0434782609
15 47 70	0.1000000000
7 13 53	0.0317460317
7 2 70	0.1111111111
7 52 53	0.0073529412
15 52 49	0.0250000000
24 54 50	0.0357142857
24 60 70	0.1428571429
3 50 68	0.1111111111
64 29 68	0.1111111111
24 7 50	0.0303030303
7 78 68	0.1111111111
24 59 68	0.1666666667
24 49 75	0.0714285714
15 3 65	0.1666666667
3 32 70	0.0833333333
75 3 70	0.1428571429
22 2 70	0.0588235294
15 47 6	0.0256410256
15 13 6	0.0333333333
7 46 6	0.0270270270
64 4 64	0.1111111111
2 20 50	0.0227272727
24 54 68	0.1250000000
2